100	113	140	67
100	113	140	67
100	113	140	67
100	113	140	67
100	113	140	67
100	113	140	67
166	154	192	67
850	854	870	67
850	854	870	67
1440	1503	1436	67
1870	1913	1865	67
2450	2467	2449	67
2745	2742	2732	67
2967	3023	3050	67
3353	3313	3289	67
3853	3862	3905	67
4179	4156	4150	67
4399	4430	4463	67
4968	4998	4993	67
5254	5254	5309	67
5544	5538	5516	67
6103	6072	6079	67
6327	6339	6349	67
6602	6613	6662	67
7180	7189	7231	67
7473	7476	7483	67
7733	7734	7751	67
8330	8307	8275	67
8573	8577	8609	67
8851	8854	8861	67
9191	9197	9159	67
9733	9755	9733	67
10041	10000	10037	67
10240	10270	10288	67
10625	10612	10579	67
11102	11135	11117	67
11485	11456	11426	67
11740	11748	11795	67
12009	12027	12030	67
12574	12630	12644	67
12937	12928	12924	67
13232	13249	13238	67
13467	13484	13545	67
14083	14059	14096	67
14321	14324	14382	67
14639	14646	14611	67
15187	15169	15193	67
15439	15443	15457	67
15716	15717	15791	67
16009	16035	16004	67
16548	16530	16526	67
16766	16795	16791	66
17088	17073	17129	67
17551	17560	17593	67
17866	17855	17833	67
18414	18420	18422	67
18414	18420	18422	67
19178	19162	19161	67
19421	19444	19468	67
19739	19730	19702	67
20251	20282	20277	67
20587	20573	20564	67
20858	20878	20895	67
21139	21150	21169	67
21686	21703	21743	67
22001	22008	21973	67
22263	22243	22270	67
22816	22816	22794	67
23037	23078	23087	67
23380	23382	23347	67
23908	23908	23945	67
24203	24233	24190	67
24468	24488	24521	67
24785	24775	24760	67
25321	25310	25377	67
25605	25604	25565	67
25873	25865	25910	66
26467	26468	26430	66
26716	26727	26772	67
27029	27008	27000	67
27569	27560	27583	66
27809	27829	27761	67
28097	28098	28111	67
28634	28632	28649	67
28906	28924	28911	67
29199	29188	29156	67
29758	29751	29722	67
30040	29989	30038	67
30275	30309	30309	67
30615	30590	30547	67
31131	31156	31132	67
31448	31417	31422	67
31694	31714	31730	67
32281	32267	32299	67
32499	32545	32552	67
32872	32856	32810	67
33413	33409	33407	67
33690	33691	33665	67
33920	33967	33990	67
34491	34514	34530	67
34793	34779	34781	67
35040	35067	35047	67
35335	35367	35398	67
35915	35944	35939	67
36207	36209	36225	67
36468	36508	36479	67
37046	37037	37033	67
37267	37294	37293	67
37566	37556	37610	66
38086	38105	38152	67
38417	38415	38417	67
38664	38671	38657	67
39282	39280	39243	67
39516	39547	39552	67
39791	39832	39823	67
40077	40092	40055	67
40684	40694	40678	67
40949	40931	40944	67
41180	41232	41238	67
41762	41775	41821	67
42041	42078	42041	67
42315	42298	42327	67
42886	42891	42838	66
43114	43135	43162	67
43405	43435	43383	67
43915	43974	43928	67
44269	44273	44231	67
44503	44526	44554	66
45076	45097	45069	67
45332	45366	45382	67
45650	45644	45601	67
45885	45922	45939	67
46496	46522	46464	67
46739	46787	46788	67
47075	47051	47049	66
47597	47611	47635	67
47903	47914	47863	66
48147	48169	48168	67
48730	48758	48717	67
48979	49007	49013	67
49307	49324	49277	67
49556	49572	49573	67
50152	50180	50112	67
50422	50424	50458	67
50699	50746	50696	67
50988	50975	50962	67
51579	51598	51530	67
51828	51833	51849	67
52065	52134	52080	67
52627	52670	52673	67
52959	52973	52929	66
53213	53223	53230	66
53794	53817	53750	67
54037	54058	54084	67
54332	54354	54324	67
54848	54913	54901	67
55213	55214	55162	67
55450	55488	55492	67
55739	55757	55741	66
56250	56322	56289	67
56576	56583	56515	67
57095	57132	57114	67
57366	57416	57359	66
57626	57695	57673	67
57955	57971	57936	67
58473	58520	58514	67
58782	58827	58751	67
59023	59084	59077	67
59589	59642	59607	66
59852	59914	59883	67
60155	60213	60129	67
60712	60735	60715	67
60968	61021	60990	67
61191	61270	61273	67
61808	61846	61861	67
62077	62133	62110	66
62395	62461	62387	66
62650	62722	62728	67
63226	63277	63241	67
63464	63548	63520	67
63806	63863	63790	66
64350	64400	64360	67
64615	64684	64619	67
64852	64946	64931	66
65190	65257	65198	66
65742	65816	65797	66
66029	66099	66015	67
66279	66364	66351	67
66819	66891	66853	67
67113	67187	67157	66
67366	67463	67360	67
67970	67993	67968	67
68252	68340	68273	67
68515	68606	68583	66
69080	69138	69135	66
69370	69420	69378	67
69625	69680	69646	67
70189	70258	70164	66
70437	70487	70496	66
70720	70772	70725	67
71236	71344	71294	67
71594	71616	71532	67
71814	71863	71869	66
72085	72152	72089	66
72648	72734	72687	67
72968	73010	72940	67
73213	73279	73252	67
73845	73907	73809	66
74096	74176	74122	66
74394	74432	74398	67
74657	74769	74655	66
75253	75305	75214	66
75496	75558	75514	66
75767	75841	75797	66
76312	76385	76377	66
76652	76682	76650	66
76916	77011	76908	66
77456	77537	77451	66
77709	77783	77766	66
78034	78100	78046	67
78294	78389	78281	66
78880	78911	78843	66
79116	79169	79163	66
79402	79482	79414	66
79975	80026	80022	66
80278	80338	80260	66
80526	80601	80544	66
81105	81181	81081	66
81365	81413	81408	66
81646	81701	81621	66
82149	82263	82195	67
82486	82531	82434	66
82713	82782	82768	66
83295	83359	83290	66
83511	83615	83560	66
83857	83904	83807	66
84365	84427	84377	66
84652	84719	84640	66
84885	84992	84948	67
85468	85546	85517	66
85757	85802	85764	66
86036	86097	85991	66
86620	86646	86549	66
86846	86912	86880	66
87129	87174	87138	66
87664	87747	87714	66
87997	88031	87939	66
88218	88295	88248	66
88762	88864	88753	66
89062	89140	89087	66
89366	89406	89282	66
89877	89957	89859	66
90197	90254	90163	66
90450	90526	90472	66
90757	90793	90700	66
91245	91332	91263	67
91568	91637	91515	66
91802	91872	91825	66
92383	92454	92378	66
92618	92722	92623	66
92957	93005	92890	66
93493	93553	93455	66
93807	93893	93765	66
94060	94130	94088	66
94384	94461	94355	66
94936	95004	94965	66
95265	95320	95216	66
95512	95573	95521	66
95787	95876	95797	66
96349	96438	96383	66
96659	96685	96610	66
96891	96969	96887	66
97472	97544	97427	66
97724	97802	97749	66
98043	98099	98018	66
98565	98651	98573	66
98833	98913	98786	66
99102	99158	99124	66
99633	99702	99647	66
99900	99978	99887	66
100189	100244	100140	66
100758	100740	100666	66
101017	100942	100908	66
101264	101191	101079	68
101843	101613	101449	80
102126	101769	101697	86
102389	101999	101826	93
102644	102168	101938	98
103186	102328	102257	111
103442	102337	102258	112
103646	102344	102258	114
104124	102383	102258	128
104392	102401	102258	132
104412	102409	102258	135
104412	102413	102258	136
104413	102416	102259	137
104413	102416	102259	137
104413	102418	102259	137
104414	102419	102259	137
104414	102420	102259	138
104414	102420	102259	138
104415	102421	102259	138
104415	102421	102259	138
104415	102421	102259	138
104415	102422	102259	138
104416	102422	102259	138
104416	102422	102259	138
104416	102422	102259	138
104416	102422	102259	138
104415	102423	102259	138
104416	102423	102259	138
104416	102423	102259	138
104416	102423	102260	138
104416	102423	102259	138
104416	102424	102259	138
104416	102423	102259	138
104416	102423	102259	138
104416	102424	102260	138
104417	102424	102260	138
104416	102424	102259	138
104417	102424	102259	138
104417	102424	102259	138
104416	102424	102260	138
104417	102425	102259	138
104417	102424	102260	138
104417	102425	102259	138
104417	102424	102259	138
104417	102424	102260	138
104417	102425	102260	138
104417	102425	102260	138
104417	102425	102260	138
104417	102425	102260	138
104417	102425	102260	138
104417	102425	102259	138
104417	102425	102260	138
104417	102425	102260	138
104417	102425	102260	138
104417	102425	102260	138
104417	102426	102260	138
104417	102426	102260	138
104417	102426	102260	138
104418	102426	102260	138
104418	102426	102260	138
104418	102426	102260	138
104417	102426	102260	138
104418	102426	102260	138
104418	102426	102260	138
104418	102426	102260	138
104417	102426	102260	138
104418	102426	102260	138
104418	102426	102260	139
104418	102426	102260	138
104418	102426	102260	138
104417	102427	102260	138
104418	102426	102260	138
104418	102427	102260	138
104418	102426	102260	138
104418	102426	102260	138
104418	102427	102260	138
104418	102427	102260	138
104418	102427	102260	138
104418	102427	102260	138
104418	102427	102260	138
104418	102427	102260	138
104418	102427	102260	138
104418	102427	102260	138
104418	102427	102260	138
104418	102427	102260	138
104418	102427	102260	138
104418	102427	102260	138
104418	102427	102260	138
104418	102427	102260	138
104418	102427	102260	138
104418	102427	102260	138
104418	102427	102260	138
104418	102427	102260	139
104418	102427	102260	138
104418	102427	102260	138
104418	102428	102261	138
104418	102427	102260	138
104418	102428	102260	138
104418	102428	102260	138
104418	102427	102260	138
104418	102427	102260	138
104418	102428	102260	138
104418	102427	102260	138
104418	102427	102260	138
104418	102428	102260	138
104418	102428	102260	138
104418	102428	102260	138
104418	102428	102260	138
104419	102428	102260	138
104418	102428	102260	138
104418	102428	102260	138
99187	97485	97498	74
96200	94742	94515	75
93525	92088	91888	73
87898	86429	86199	70
85046	83564	83361	68
82265	80840	80639	68
76878	75406	75240	67
74136	72675	72472	67
71467	69924	69750	67
68514	67036	66873	67
62804	61264	61037	67
60040	58555	58363	66
54448	52982	52716	66
51701	50215	50005	65
49018	47533	47300	65
43595	42121	41840	64
40692	39222	38927	64
37969	36439	36194	63
35036	33582	33340	64
29463	28026	27725	63
26759	25267	24980	63
24018	22584	22270	63
18609	17113	16868	63
15652	14212	14009	63
12984	11551	11287	63
7547	6105	5798	64
4639	3183	2932	63
1951	583	425	62
74	110	127	63
75	110	127	63
-1000	-1000	-1000	-1000
75	110	127	63
76	110	127	63
76	111	128	63
77	110	127	63
76	110	127	63
76	110	128	105
77	111	127	184
76	110	128	292
76	110	128	684
76	110	128	827
76	110	128	961
76	111	128	1193
76	110	127	1282
76	111	128	1383
76	111	128	1410
76	111	128	1398
77	111	128	1392
76	111	128	1390
76	110	128	1390
76	111	128	1390
101	115	143	1389
409	352	360	1390
823	837	859	1389
986	1091	974	1389
1612	1660	1618	1389
1878	1944	1863	1389
2166	2173	2253	1389
2720	2733	2725	1389
2953	3009	3024	1389
3340	3308	3248	1389
3854	3850	3842	1389
4129	4138	4121	1389
4392	4425	4430	1389
4711	4694	4656	1389
5225	5219	5251	1389
5521	5523	5495	1389
5784	5806	5833	1389
6357	6368	6354	1388
6600	6635	6649	1389
6926	6919	6894	1389
7465	7474	7446	1389
7719	7746	7742	1389
7969	8013	8026	1389
8343	8354	8295	1389
8864	8870	8890	1389
9169	9199	9149	1389
9410	9439	9470	1388
9969	9973	10013	1389
10237	10264	10246	1388
10544	10552	10535	1388
11113	11118	11099	1388
11360	11384	11370	1389
11600	11619	11640	1389
12120	12169	12179	1389
12464	12472	12429	1388
12716	12753	12731	1388
13269	13316	13257	1389
13523	13545	13579	1389
13848	13850	13850	1388
14128	14140	14116	1388
14717	14696	14666	1388
14930	14949	14980	1389
15223	15240	15261	1389
15766	15775	15863	1389
16088	16090	16073	1388
16316	16335	16359	1388
16875	16940	16871	1389
17180	17193	17245	1389
17470	17481	17465	1388
17715	17725	17735	1389
18357	18366	18330	1388
18592	18617	18627	1389
18845	18899	18892	1388
19398	19454	19465	1388
19737	19747	19711	1389
19964	19983	20008	1388
20527	20547	20541	1388
20751	20822	20816	1388
21086	21106	21067	1388
21386	21402	21415	1389
21954	21972	21941	1388
22168	22210	22259	1388
22477	22509	22491	1388
22965	23032	23055	1388
23302	23335	23300	1389
23577	23630	23636	1388
24119	24191	24158	1388
24373	24445	24468	1388
24701	24721	24696	1389
25237	25237	25261	1389
25497	25570	25506	1388
25737	25801	25837	1388
26323	26365	26360	1388
26616	26641	26662	1389
26861	26934	26893	1388
27469	27486	27481	1388
27700	27752	27711	1388
27992	28025	28024	1388
28505	28564	28578	1388
28835	28863	28843	1388
29090	29108	29121	1388
29685	29719	29674	1388
29912	29937	29990	1388
30213	30247	30231	1388
30735	30791	30811	1388
31061	31085	31042	1388
31291	31333	31357	1388
31595	31608	31603	1388
32144	32180	32227	1388
32454	32486	32448	1388
32716	32724	32746	1388
33273	33303	33243	1389
33522	33560	33596	1388
33831	33858	33827	1388
34350	34421	34395	1388
34692	34693	34632	1388
34923	34987	35000	1389
35235	35230	35229	1389
35762	35833	35797	1388
36067	36090	36031	1389
36327	36370	36380	1389
36891	36935	36922	1388
37161	37222	37240	1388
37510	37504	37514	1388
37741	37817	37791	1388
38330	38341	38323	1388
38568	38597	38622	1388
38880	38887	38889	1388
39403	39454	39488	1388
39736	39755	39736	1388
39957	39988	40010	1388
40504	40560	40513	1388
40764	40802	40855	1388
41086	41104	41065	1388
41614	41641	41656	1388
41873	41931	41893	1388
42100	42182	42199	1388
42710	42725	42749	1388
42972	43031	43029	1388
43284	43315	43256	1388
43842	43860	43824	1388
44082	44125	44150	1388
44367	44409	44421	1388
44881	44958	44988	1388
45236	45248	45258	1388
45463	45537	45509	1389
45760	45789	45841	1388
46292	46348	46379	1388
46621	46661	46664	1388
46872	46911	46886	1388
47498	47519	47532	1388
47735	47782	47783	1388
48003	48063	48088	1388
48272	48356	48314	1388
48877	48906	48892	1389
49111	49157	49165	1388
49382	49471	49445	1388
49972	50020	50038	1388
50245	50308	50301	1388
50577	50608	50576	1388
50776	50868	50882	1388
51385	51426	51433	1388
51616	51705	51675	1388
51958	51991	51950	1388
52497	52517	52482	1388
52754	52795	52795	1388
52992	53075	53071	1388
53565	53632	53659	1388
53909	53939	53946	1388
54206	54282	54229	1388
54467	54520	54569	1388
55049	55105	55084	1388
55327	55386	55407	1388
55704	55703	55711	1388
55923	56003	55981	1388
56510	56576	56521	1389
56755	56824	56843	1389
57077	57112	57106	1388
57575	57682	57670	1389
57849	57936	57906	1388
58124	58187	58218	1388
58682	58775	58740	1388
58952	59039	59043	1388
59243	59328	59279	1388
59798	59855	59838	1388
60040	60132	60107	1388
60301	60406	60411	1388
60873	60952	60985	1388
61171	61249	61257	1388
61476	61573	61530	1388
61712	61823	61848	1389
62326	62416	62383	1388
62569	62694	62722	1388
62919	62993	62949	1388
63449	63535	63512	1388
63732	63828	63789	1388
63949	64065	64069	1388
64327	64370	64343	1388
64860	64936	64974	1388
65127	65242	65202	1388
65388	65477	65488	1388
65965	66084	66026	1388
66256	66337	66352	1388
66533	66609	66596	1388
67095	67160	67148	1388
67321	67446	67368	1388
67601	67687	67710	1388
68138	68226	68229	1388
68473	68560	68544	1388
68707	68839	68766	1388
69005	69087	69113	1389
69537	69624	69620	1388
69830	69922	69910	1388
70059	70186	70111	1388
70674	70748	70705	1388
70943	71031	71025	1388
71185	71334	71290	1388
71737	71850	71874	1388
72065	72150	72091	1388
72349	72436	72393	1388
72916	72998	72953	1388
73177	73272	73268	1388
73454	73554	73528	1388
73753	73863	73802	1388
74340	74387	74371	1388
74561	74673	74637	1388
74833	74922	74916	1388
75379	75509	75498	1388
75746	75782	75782	1388
75967	76095	76030	1388
76513	76624	76581	1388
76790	76898	76873	1388
77126	77190	77198	1388
77345	77480	77417	1388
77919	78018	77986	1388
78168	78286	78235	1388
78473	78543	78544	1388
79012	79116	79127	1388
79344	79415	79372	1388
79593	79675	79644	1388
80154	80262	80185	1388
80389	80509	80488	1388
80717	80781	80741	1388
81267	81350	81355	1388
81552	81643	81558	1387
81798	81878	81899	1387
82363	82463	82402	1388
82612	82723	82719	1388
82926	82999	82932	1388
83449	83553	83496	1388
83728	83811	83758	1388
83970	84094	84095	1388
84314	84375	84325	1388
84851	84943	84912	1387
85111	85218	85138	1388
85374	85474	85493	1388
85942	86029	85982	1388
86215	86322	86296	1388
86500	86579	86490	1388
87087	87116	87102	1388
87315	87397	87365	1388
87596	87696	87660	1388
88116	88220	88218	1388
88432	88477	88456	1388
88667	88756	88720	1388
89244	89343	89251	1388
89533	89603	89609	1388
89856	89895	89867	1388
90082	90185	90147	1388
90717	90758	90723	1388
90965	91048	91020	1388
91228	91320	91304	1388
91798	91880	91878	1388
92121	92194	92169	1388
92419	92503	92419	1388
92631	92748	92729	1388
93235	93325	93261	1388
93518	93617	93601	1388
93859	93924	93843	1387
94388	94457	94419	1388
94654	94736	94636	1388
94917	94998	94994	1388
95262	95326	95252	1388
95781	95873	95821	1388
96074	96141	96054	1388
96337	96421	96412	1388
96866	96934	96874	1388
97164	97224	97138	1388
97430	97512	97406	1388
98030	98066	98015	1388
98271	98328	98270	1388
98545	98613	98554	1388
99081	99140	99108	1388
99396	99421	99378	1388
99638	99708	99654	1388
100217	100254	100167	1388
100460	100520	100492	1388
100761	100822	100746	1388
101040	101102	100992	1388
101608	101648	101463	1388
101845	101862	101739	1389
102138	102119	101993	1394
102665	102545	102384	1405
102987	102728	102622	1414
103246	102988	102760	1418
103779	103407	102772	1421
104010	103612	102772	1424
104311	103861	102772	1426
104800	104092	102772	1438
105017	104094	102772	1446
105262	104096	102772	1448
105646	104101	102771	1453
105741	104107	102772	1455
105741	104110	102772	1456
105741	104113	102772	1456
105741	104114	102772	1456
105741	104116	102772	1456
105741	104117	102772	1455
105742	104118	102772	1456
105742	104120	102772	1456
105742	104120	102772	1456
105742	104121	102772	1456
105742	104121	102772	1456
105742	104121	102772	1456
105742	104122	102772	1456
105742	104123	102772	1456
105742	104123	102772	1456
105742	104123	102772	1456
105742	104124	102772	1456
105742	104124	102772	1456
105742	104124	102772	1456
105742	104124	102772	1456
105742	104124	102772	1456
105742	104125	102772	1457
105742	104125	102772	1456
105742	104125	102772	1456
105742	104125	102772	1456
105742	104125	102772	1456
105742	104126	102772	1456
105742	104126	102772	1456
105742	104126	102772	1456
105743	104126	102772	1456
105743	104127	102772	1456
105743	104127	102772	1456
105742	104127	102772	1456
105742	104127	102772	1456
105742	104127	102772	1456
105742	104127	102772	1456
105742	104127	102772	1456
105743	104127	102772	1456
105742	104127	102772	1456
105742	104127	102772	1456
105743	104127	102772	1456
105743	104127	102772	1457
105743	104127	102772	1457
105743	104128	102772	1456
105743	104127	102772	1456
105743	104128	102772	1456
105742	104128	102772	1456
105742	104128	102772	1456
105742	104128	102772	1456
105743	104128	102772	1456
105743	104128	102772	1456
105743	104128	102772	1456
105743	104128	102772	1456
105742	104128	102772	1456
105743	104128	102772	1456
105743	104128	102772	1457
105742	104128	102772	1457
105743	104128	102772	1456
105743	104129	102772	1456
105743	104129	102772	1456
105743	104129	102772	1456
105743	104129	102772	1457
105743	104129	102772	1456
105743	104129	102772	1456
105743	104129	102772	1456
105743	104129	102772	1457
105743	104129	102772	1456
105743	104129	102772	1456
105743	104129	102772	1456
105743	104129	102772	1456
105743	104129	102772	1456
105743	104130	102772	1456
105743	104129	102772	1456
105743	104129	102772	1456
105743	104130	102772	1456
105743	104129	102772	1456
105743	104130	102772	1457
105743	104130	102772	1456
105743	104130	102772	1456
105743	104130	102772	1456
105743	104130	102772	1456
105743	104130	102772	1456
105743	104130	102772	1456
105743	104130	102772	1456
105743	104130	102772	1456
105743	104130	102772	1456
105743	104130	102772	1456
105743	104130	102772	1456
105743	104130	102772	1456
105743	104130	102772	1456
105743	104130	102772	1456
105743	104131	102772	1456
105743	104130	102772	1456
105743	104130	102772	1456
105743	104130	102772	1456
105743	104130	102772	1456
105743	104130	102772	1456
105743	104131	102772	1456
105743	104130	102772	1456
105743	104130	102772	1456
105743	104131	102772	1456
105743	104130	102772	1456
100776	99450	98109	1395
97806	96770	95312	1377
94939	93928	92537	1382
92172	91063	89633	1382
86221	85184	83815	1383
83523	82491	81068	1382
80827	79758	78354	1382
75240	74129	72731	1382
72454	71392	70070	1383
69933	68869	67492	1382
64155	63118	61709	1383
61395	60396	59001	1382
58728	57671	56317	1383
53252	52251	50854	1382
50378	49314	47938	1381
47626	46562	45213	1383
42239	41124	39790	1382
39501	38482	37124	1382
36761	35752	34378	1382
31291	30294	28919	1383
28597	27608	26204	1382
25693	24724	23311	1382
22791	21801	20360	1383
17176	16247	14812	1382
14464	13499	12070	1382
11476	10695	9206	1381
5919	5072	3547	1383
3179	2351	799	1383
529	108	104	1383
80	111	109	1391
81	111	109	1390
81	111	109	1390
-1000	-1000	-1000	-1000
81	111	110	1389
81	111	109	1389
81	111	109	1389
82	111	109	1389
81	111	109	1389
81	111	110	1389
82	111	109	1444
81	111	110	1701
82	111	110	1896
82	111	110	2085
82	111	109	2339
81	111	109	2459
81	111	109	2579
82	111	109	2769
82	111	109	2824
82	111	109	2819
82	111	109	2774
82	111	109	2766
82	111	109	2767
82	111	109	2768
82	111	109	2768
105	115	127	2768
353	321	388	2768
841	857	823	2768
1351	1377	1348	2768
1635	1679	1691	2767
1943	1970	1894	2768
2465	2471	2461	2768
2754	2739	2719	2768
2971	3030	3061	2769
3368	3344	3295	2768
3842	3864	3861	2769
4197	4204	4153	2768
4459	4484	4497	2768
4783	4789	4798	2768
5317	5342	5366	2768
5639	5618	5612	2767
5876	5883	5879	2768
6436	6449	6395	2768
6675	6709	6713	2769
6998	6999	6957	2768
7548	7557	7574	2768
7823	7871	7790	2768
8080	8095	8134	2768
8655	8674	8657	2767
8932	8950	8967	2768
9250	9253	9194	2768
9486	9474	9523	2768
10098	10059	10057	2769
10294	10325	10328	2769
10636	10628	10581	2768
11115	11153	11123	2768
11439	11416	11396	2768
11661	11684	11703	2768
12226	12219	12250	2769
12495	12508	12495	2768
12776	12782	12756	2768
13358	13347	13328	2768
13627	13603	13638	2767
13859	13896	13913	2768
14412	14437	14504	2768
14739	14721	14723	2769
14986	14979	14990	2768
15514	15537	15496	2768
15789	15789	15868	2768
16082	16088	16071	2768
16617	16610	16632	2768
16891	16930	16889	2768
17179	17196	17246	2768
17493	17486	17486	2768
18017	18053	18070	2769
18357	18337	18303	2768
18583	18588	18622	2769
19168	19163	19144	2769
19401	19455	19457	2768
19733	19719	19678	2769
20251	20286	20260	2769
20569	20572	20544	2768
20812	20842	20866	2767
21377	21381	21408	2768
21604	21653	21663	2768
21958	21968	21938	2769
22203	22215	22256	2768
22770	22792	22781	2768
22992	23063	23068	2768
23342	23351	23312	2768
23881	23895	23929	2767
24184	24233	24171	2769
24412	24471	24504	2767
25004	25039	25012	2768
25272	25291	25361	2768
25576	25618	25550	2767
26137	26155	26139	2768
26365	26398	26379	2768
26659	26686	26721	2768
26955	26975	26938	2767
27502	27498	27507	2768
27761	27811	27742	2768
28049	28059	28072	2768
28588	28602	28625	2767
28880	28900	28871	2767
29161	29190	29161	2768
29729	29737	29680	2768
29973	29957	30018	2768
30245	30287	30265	2768
30802	30837	30856	2769
31111	31119	31085	2768
31367	31362	31384	2769
31638	31696	31694	2768
32254	32265	32282	2768
32508	32536	32529	2767
32804	32807	32778	2768
33391	33392	33349	2768
33626	33629	33646	2768
33883	33922	33923	2768
34412	34475	34473	2768
34759	34728	34712	2769
34997	35038	35034	2768
35279	35295	35317	2768
35844	35877	35896	2769
36156	36147	36133	2768
36397	36425	36437	2768
36983	36985	36968	2766
37219	37247	37267	2768
37550	37528	37554	2768
38067	38079	38136	2767
38388	38378	38367	2769
38620	38629	38661	2769
39222	39235	39210	2767
39478	39486	39537	2768
39779	39792	39784	2768
40317	40314	40368	2768
40630	40639	40611	2768
40972	40937	40971	2768
41211	41253	41287	2768
41543	41554	41501	2767
42043	42084	42094	2768
42365	42318	42337	2767
42569	42626	42641	2767
43159	43152	43183	2767
43422	43463	43463	2769
43782	43757	43737	2768
44311	44303	44285	2767
44571	44577	44611	2768
44827	44856	44883	2768
45400	45438	45466	2766
45728	45689	45712	2767
45937	45995	45978	2767
46232	46245	46282	2769
46800	46827	46839	2768
47089	47084	47114	2768
47346	47380	47344	2769
47928	47927	47910	2769
48182	48198	48201	2768
48468	48463	48476	2768
48981	49002	49015	2768
49315	49315	49274	2768
49539	49558	49562	2768
50147	50161	50103	2768
50389	50399	50416	2767
50692	50702	50654	2769
51200	51250	51237	2768
51535	51539	51480	2769
51784	51789	51817	2769
52354	52345	52337	2768
52572	52616	52615	2769
52914	52924	52856	2768
53433	53445	53413	2769
53694	53707	53701	2768
53970	53975	53997	2768
54506	54512	54544	2768
54797	54816	54790	2768
55065	55055	55053	2768
55370	55382	55401	2767
55917	55939	55947	2769
56204	56209	56208	2768
56502	56513	56457	2769
57063	57053	57035	2768
57316	57308	57314	2768
57587	57613	57621	2768
58146	58152	58190	2768
58439	58439	58423	2768
58715	58714	58715	2768
58968	59008	59004	2768
59529	59532	59578	2769
59818	59846	59816	2768
60172	60167	60121	2769
60712	60722	60702	2768
60991	60990	60995	2768
61194	61263	61253	2767
61569	61570	61530	2767
62110	62153	62130	2769
62424	62442	62387	2768
62644	62688	62707	2767
62984	63025	62972	2768
63525	63573	63541	2768
63866	63882	63817	2769
64127	64171	64130	2769
64397	64447	64422	2768
64975	65017	65002	2768
65282	65288	65263	2768
65532	65566	65529	2767
66108	66125	66054	2767
66366	66410	66396	2766
66666	66678	66669	2768
67187	67239	67238	2767
67515	67510	67446	2768
67744	67787	67764	2768
68307	68349	68297	2768
68569	68624	68624	2769
68893	68901	68862	2768
69133	69163	69165	2769
69733	69746	69695	2769
69964	69998	70018	2768
70268	70284	70249	2768
70771	70822	70810	2769
71123	71118	71068	2768
71339	71367	71361	2768
71905	71916	71915	2768
72126	72189	72147	2769
72475	72474	72421	2768
72994	73003	72970	2768
73289	73313	73284	2768
73526	73576	73557	2768
74137	74166	74160	2768
74414	74424	74411	2767
74691	74728	74679	2768
75266	75257	75224	2768
75483	75511	75518	2766
75776	75789	75782	2768
76038	76085	76049	2769
76652	76659	76622	2769
76888	76957	76897	2768
77208	77245	77261	2767
77760	77801	77784	2768
78046	78075	78069	2768
78303	78356	78295	2767
78593	78630	78664	2768
79157	79197	79191	2766
79435	79502	79483	2766
79789	79805	79760	2767
80297	80341	80326	2769
80600	80644	80597	2768
80865	80898	80902	2767
81407	81426	81445	2766
81675	81706	81684	2767
81968	81977	81973	2768
82542	82554	82525	2766
82792	82810	82822	2768
83017	83079	83073	2768
83356	83349	83334	2768
83909	83928	83904	2767
84187	84207	84201	2768
84415	84477	84470	2767
84980	85026	85040	2768
85287	85292	85277	2768
85535	85572	85563	2767
86107	86135	86057	2766
86322	86386	86393	2767
86655	86662	86657	2767
87152	87196	87203	2767
87498	87509	87464	2768
87724	87763	87770	2767
88278	88346	88313	2768
88554	88625	88603	2767
88870	88908	88872	2768
89411	89428	89411	2768
89646	89720	89697	2768
89914	89984	89972	2767
90491	90531	90536	2767
90766	90811	90813	2768
91067	91132	91078	2768
91619	91659	91607	2768
91854	91893	91903	2768
92131	92192	92185	2768
92428	92488	92435	2768
92998	93019	92990	2768
93236	93280	93265	2768
93515	93567	93579	2768
94044	94102	94122	2767
94370	94401	94378	2768
94612	94643	94630	2768
95182	95239	95185	2767
95428	95482	95483	2767
95753	95778	95762	2766
96275	96319	96326	2768
96561	96601	96544	2769
96795	96862	96858	2769
97361	97432	97403	2767
97685	97713	97730	2768
97994	98019	97997	2768
98234	98269	98280	2768
98794	98857	98802	2768
99076	99107	99126	2768
99371	99386	99374	2766
99891	99949	99938	2768
100200	100224	100174	2768
100449	100490	100508	2769
100755	100786	100755	2769
101304	101363	101331	2767
101651	101663	101600	2769
101888	101914	101880	2767
102461	102504	102407	2768
102729	102758	102700	2768
103045	103033	102918	2769
103526	103513	103411	2779
103868	103723	103640	2779
104108	104002	103747	2788
104377	104132	104011	2787
104844	104578	104305	2804
105047	104761	104427	2813
105311	104789	104480	2827
105779	104797	104481	2835
105937	104801	104482	2838
106220	104808	104482	2840
106244	104816	104482	2842
106245	104817	104482	2843
106245	104818	104482	2843
106246	104819	104482	2843
106246	104819	104482	2844
106246	104820	104483	2843
106246	104820	104483	2844
106247	104820	104483	2843
106247	104820	104483	2843
106247	104820	104483	2844
106247	104820	104483	2844
106247	104821	104483	2844
106247	104820	104483	2844
106247	104821	104483	2844
106247	104821	104483	2844
106247	104821	104483	2844
106247	104821	104483	2844
106247	104821	104483	2844
106247	104821	104483	2844
106248	104821	104483	2844
106248	104821	104483	2844
106248	104821	104483	2844
106248	104821	104483	2844
106247	104822	104483	2844
106248	104822	104483	2844
106248	104822	104483	2844
106248	104822	104483	2844
106248	104822	104483	2844
106248	104822	104483	2844
106248	104822	104483	2843
106248	104822	104483	2844
106248	104822	104483	2843
106248	104822	104483	2844
106248	104822	104483	2843
106248	104822	104483	2844
106248	104822	104484	2844
106248	104822	104483	2844
106249	104822	104483	2844
106248	104822	104483	2843
106249	104822	104483	2843
106248	104822	104483	2844
106249	104822	104483	2843
106249	104822	104483	2843
106248	104822	104483	2844
106249	104822	104483	2844
106249	104822	104483	2843
106248	104822	104483	2844
106249	104823	104483	2844
106249	104822	104483	2843
106249	104822	104484	2844
106249	104822	104483	2844
106248	104822	104483	2844
106249	104822	104483	2844
106249	104823	104483	2843
106249	104822	104484	2844
106249	104822	104484	2844
106249	104823	104483	2844
106249	104823	104483	2844
106249	104823	104483	2844
106249	104822	104483	2844
106249	104823	104483	2844
106249	104823	104483	2844
106249	104823	104483	2844
106249	104823	104483	2844
106249	104823	104483	2844
106249	104823	104483	2844
106249	104823	104483	2844
106249	104822	104484	2844
106249	104823	104483	2844
106249	104823	104483	2843
106249	104823	104483	2844
106250	104823	104483	2843
106249	104823	104483	2844
106249	104823	104484	2843
106249	104823	104483	2844
106249	104823	104483	2844
106250	104823	104483	2843
106250	104823	104484	2844
106250	104823	104483	2844
106250	104823	104483	2843
106250	104823	104483	2844
106250	104823	104483	2843
106250	104823	104484	2843
106250	104823	104483	2844
106250	104823	104483	2843
106249	104823	104483	2843
106250	104823	104483	2844
106250	104824	104484	2843
106250	104823	104483	2843
106250	104823	104483	2844
106250	104824	104483	2843
106250	104823	104483	2843
106250	104823	104483	2843
106250	104824	104483	2844
106250	104824	104483	2843
106250	104824	104484	2844
106250	104824	104484	2844
106250	104824	104484	2844
106250	104823	104483	2843
106250	104824	104483	2843
106250	104824	104484	2843
103223	102099	101913	2820
100802	99402	99548	2758
97720	96504	96412	2747
92400	91091	91018	2764
89683	88356	88283	2765
87160	85819	85730	2765
81521	80224	80149	2766
78833	77477	77411	2765
76139	74761	74720	2765
70740	69353	69252	2764
68031	66639	66542	2765
65252	63963	63851	2765
59847	58518	58392	2766
57128	55779	55707	2765
54238	52910	52789	2767
48681	47270	47139	2766
45980	44532	44468	2766
43229	41800	41700	2766
40187	38698	38660	2765
34584	33108	32990	2765
31877	30387	30319	2766
29146	27649	27634	2766
23739	22206	22141	2766
21050	19498	19436	2766
18003	16440	16397	2765
12619	10980	10955	2765
9666	8049	8063	2766
6734	5192	5239	2766
1102	83	94	2766
96	96	86	2768
101	97	87	2768
101	97	87	2767
101	97	87	2767
-1000	-1000	-1000	-1000
101	97	87	2767
101	97	87	2766
101	96	87	2766
101	97	87	2766
101	97	87	2766
101	97	87	2766
101	96	87	2937
101	97	87	3100
101	97	87	3314
101	97	87	3606
101	97	87	3721
101	97	87	3855
101	97	86	3966
101	96	86	4214
101	97	86	4268
101	97	86	4234
101	96	86	4162
101	97	86	4152
101	97	86	4160
101	97	86	4162
101	97	86	4163
126	100	109	4162
239	223	380	4163
897	972	1002	4162
1316	1289	1327	4163
1594	1627	1634	4163
1869	1882	1838	4163
2440	2436	2412	4163
2735	2715	2723	4163
2955	3001	3028	4164
3557	3551	3612	4164
3832	3851	3870	4164
4145	4118	4116	4164
4682	4654	4635	4164
4928	4933	4973	4164
5209	5182	5220	4163
5487	5479	5489	4164
6093	6056	6053	4163
6311	6332	6348	4163
6909	6893	6873	4163
7147	7164	7201	4162
7498	7497	7498	4163
7795	7812	7776	4164
8047	8065	8098	4164
8641	8635	8636	4164
8916	8922	8966	4164
9253	9250	9205	4164
9760	9777	9748	4164
10066	10024	10058	4164
10267	10299	10302	4163
10818	10840	10878	4164
11117	11153	11127	4164
11441	11460	11415	4164
11684	11721	11763	4164
12254	12264	12279	4164
12515	12541	12541	4164
13062	13111	13135	4164
13373	13376	13381	4164
13615	13626	13643	4164
14214	14199	14172	4164
14419	14455	14520	4164
14748	14732	14753	4164
14990	15010	15015	4165
15536	15573	15540	4164
15799	15819	15879	4164
16104	16104	16115	4164
16632	16646	16684	4165
16861	16931	16884	4165
17162	17182	17239	4165
17713	17731	17742	4165
17982	18034	18031	4164
18259	18284	18250	4165
18840	18867	18837	4164
19082	19106	19105	4164
19355	19405	19422	4165
19952	19966	20001	4164
20221	20261	20234	4164
20506	20528	20527	4164
21081	21102	21061	4164
21374	21412	21414	4164
21622	21699	21712	4164
21990	22019	21976	4164
22504	22542	22528	4165
22775	22824	22796	4165
23071	23131	23157	4164
23388	23418	23395	4164
23921	23971	24005	4165
24246	24286	24237	4164
24473	24522	24544	4165
25022	25088	25033	4164
25307	25354	25398	4164
25591	25640	25587	4165
26141	26180	26156	4164
26368	26454	26393	4165
26641	26698	26725	4165
27211	27259	27268	4164
27510	27544	27532	4165
27740	27825	27741	4165
28067	28117	28134	4164
28610	28646	28665	4164
28885	28952	28928	4165
29168	29234	29177	4165
29749	29781	29745	4165
30005	30018	30042	4164
30245	30321	30313	4164
30812	30868	30893	4164
31121	31138	31121	4164
31370	31414	31401	4164
31935	31972	31914	4164
32190	32248	32276	4164
32489	32520	32510	4165
33013	33096	33104	4164
33329	33377	33323	4164
33581	33634	33645	4165
34132	34182	34148	4164
34364	34465	34451	4163
34707	34729	34667	4163
35240	35238	35237	4164
35472	35546	35476	4165
35756	35816	35788	4164
36313	36365	36369	4164
36601	36632	36616	4164
36851	36909	36891	4164
37143	37205	37210	4164
37686	37740	37752	4164
37992	38005	38022	4164
38247	38308	38255	4165
38826	38850	38810	4164
39066	39105	39115	4165
39344	39397	39367	4165
39877	39943	39956	4164
40222	40232	40203	4164
40723	40765	40757	4164
41012	41047	41011	4165
41236	41308	41317	4165
41810	41838	41859	4165
42076	42142	42113	4165
42389	42426	42385	4165
42638	42701	42711	4165
43250	43300	43247	4165
43495	43563	43582	4164
43838	43864	43814	4165
44067	44124	44123	4165
44647	44716	44683	4165
44903	44968	44989	4165
45238	45250	45243	4165
45779	45821	45850	4165
46089	46122	46105	4164
46334	46399	46405	4165
46651	46697	46701	4164
47204	47266	47279	4165
47517	47530	47543	4164
47753	47812	47795	4165
48365	48406	48379	4165
48616	48653	48670	4164
48901	48935	48931	4165
49413	49492	49504	4165
49707	49767	49694	4165
49961	50000	50030	4164
50548	50561	50544	4164
50749	50847	50840	4164
51111	51133	51069	4164
51617	51688	51639	4164
51941	51977	51946	4164
52167	52243	52247	4164
52491	52510	52483	4164
53013	53079	53095	4164
53345	53401	53350	4165
53586	53643	53669	4164
54135	54219	54187	4165
54376	54461	54486	4164
54756	54807	54770	4164
55005	55055	55061	4164
55557	55633	55588	4164
55816	55877	55904	4164
56353	56432	56409	4165
56667	56691	56712	4165
56895	56987	56934	4164
57494	57548	57528	4164
57731	57798	57773	4164
58031	58078	58107	4164
58537	58597	58623	4164
58859	58900	58876	4164
59094	59151	59141	4164
59373	59430	59439	4164
59908	59981	60006	4164
60242	60289	60269	4164
60494	60561	60532	4164
61070	61130	61085	4164
61296	61362	61408	4165
61619	61671	61663	4165
62148	62217	62265	4164
62463	62522	62486	4164
62704	62746	62790	4164
63265	63319	63303	4164
63494	63585	63606	4164
63821	63875	63842	4164
64350	64411	64403	4164
64606	64693	64646	4164
64876	64969	65002	4164
65428	65501	65515	4164
65736	65798	65796	4164
65987	66088	66054	4165
66581	66628	66638	4164
66826	66889	66891	4164
67121	67195	67220	4164
67448	67510	67490	4165
68003	68021	68060	4165
68231	68324	68307	4164
68546	68624	68646	4164
69112	69176	69176	4164
69390	69451	69463	4164
69718	69789	69750	4163
70264	70318	70315	4163
70520	70606	70570	4164
70776	70864	70874	4163
71130	71189	71140	4163
71644	71720	71720	4164
71946	72002	71969	4163
72166	72261	72279	4164
72735	72805	72794	4165
73027	73075	73095	4164
73299	73399	73342	4163
73881	73946	73902	4163
74180	74273	74221	4164
74448	74523	74549	4164
74730	74811	74785	4164
75309	75381	75387	4164
75582	75671	75630	4163
75885	75980	75995	4163
76197	76236	76248	4163
76726	76817	76821	4163
77027	77091	77059	4164
77276	77349	77345	4163
77799	77915	77851	4164
78089	78178	78182	4164
78402	78450	78442	4164
78942	79001	79016	4163
79217	79297	79262	4164
79471	79561	79584	4164
80024	80103	80092	4164
80300	80389	80364	4164
80587	80701	80634	4164
80873	80951	80963	4164
81472	81580	81491	4164
81716	81821	81826	4164
82048	82111	82079	4164
82571	82629	82638	4163
82840	82939	82875	4164
83069	83184	83214	4164
83663	83746	83735	4163
83935	84032	84021	4163
84250	84337	84275	4163
84823	84882	84860	4164
85055	85170	85111	4164
85330	85419	85425	4164
85842	85957	85961	4164
86196	86252	86255	4164
86441	86532	86470	4164
87010	87098	87056	4164
87245	87328	87340	4163
87574	87672	87640	4163
87847	87951	87883	4163
88431	88487	88474	4164
88667	88770	88740	4164
88962	89048	89032	4164
89199	89322	89224	4164
89856	89922	89896	4164
90110	90204	90180	4163
90359	90476	90473	4164
90936	91008	91020	4164
91203	91296	91286	4164
91521	91613	91565	4164
92095	92160	92146	4165
92399	92503	92436	4164
92625	92738	92757	4164
92972	93047	93007	4164
93495	93563	93573	4165
93770	93880	93813	4165
94007	94114	94137	4165
94558	94651	94622	4164
94856	94927	94927	4164
95128	95249	95180	4164
95710	95785	95751	4163
95937	96024	96015	4163
96235	96311	96302	4163
96751	96855	96848	4164
97058	97123	97073	4164
97295	97415	97380	4164
97808	97960	97902	4164
98101	98205	98200	4163
98381	98477	98458	4163
98962	99030	99049	4164
99206	99346	99296	4164
99509	99606	99618	4163
100060	100174	100116	4164
100347	100463	100464	4164
100681	100761	100733	4164
100921	101033	101005	4164
101481	101598	101510	4164
101736	101833	101832	4164
102048	102130	102089	4164
102582	102689	102631	4164
102872	102996	102841	4164
103110	103222	103146	4164
103694	103771	103696	4164
103940	104065	103900	4164
104242	104322	104174	4164
104798	104783	104607	4184
105035	105011	104807	4191
105321	105230	105003	4197
105825	105636	105345	4211
106105	105827	105473	4224
106309	105893	105479	4227
106590	105895	105480	4233
107058	105900	105480	4245
107284	105903	105481	4248
107298	105904	105481	4250
107301	105906	105481	4251
107301	105907	105481	4252
107302	105907	105481	4252
107303	105907	105481	4252
107303	105908	105482	4252
107303	105908	105482	4252
107303	105908	105482	4252
107303	105908	105482	4253
107304	105908	105482	4253
107304	105908	105482	4253
107304	105908	105482	4253
107304	105908	105482	4253
107304	105908	105482	4253
107304	105908	105482	4254
107305	105908	105482	4254
107305	105908	105483	4254
107305	105908	105483	4253
107305	105908	105483	4253
107305	105908	105483	4254
107305	105908	105483	4254
107305	105908	105483	4254
107305	105908	105483	4254
107305	105909	105483	4254
107305	105908	105484	4253
107305	105908	105484	4254
107305	105908	105483	4254
107305	105908	105484	4254
107305	105908	105484	4254
107305	105908	105484	4254
107305	105909	105484	4254
107305	105909	105484	4254
107305	105909	105484	4254
107305	105909	105484	4254
107305	105908	105484	4254
107305	105908	105484	4254
107305	105909	105484	4254
107306	105908	105484	4254
107305	105908	105484	4254
107305	105908	105484	4254
107306	105909	105484	4254
107305	105908	105484	4254
107305	105909	105484	4253
107306	105909	105485	4254
107305	105909	105485	4254
107306	105909	105485	4254
107305	105908	105485	4253
107305	105909	105485	4254
107306	105909	105485	4253
107306	105908	105485	4254
107306	105908	105485	4254
107306	105908	105485	4254
107306	105909	105485	4254
107306	105908	105485	4254
107306	105909	105485	4254
107306	105909	105485	4253
107306	105909	105485	4254
107306	105909	105485	4254
107306	105909	105485	4254
107306	105909	105485	4254
107306	105909	105485	4254
107306	105909	105485	4254
107306	105909	105485	4254
107306	105909	105485	4254
107306	105909	105485	4254
107306	105909	105485	4254
107306	105909	105485	4254
107306	105909	105485	4254
107306	105909	105485	4254
107306	105909	105485	4254
107306	105909	105485	4254
107306	105909	105485	4254
107306	105909	105485	4254
107306	105909	105485	4254
107306	105909	105485	4254
107306	105909	105485	4254
107306	105909	105485	4254
107306	105909	105485	4254
107306	105909	105485	4254
107306	105909	105485	4254
107306	105909	105485	4254
107306	105908	105485	4254
107307	105908	105485	4254
107306	105909	105485	4254
107307	105909	105485	4254
107307	105909	105485	4254
107306	105909	105485	4254
107307	105909	105485	4254
107306	105909	105485	4254
107306	105909	105485	4254
107306	105909	105485	4254
107306	105909	105485	4254
107307	105909	105485	4254
107306	105909	105485	4254
107306	105909	105485	4254
107307	105909	105485	4254
107307	105909	105486	4254
107306	105909	105485	4254
107307	105909	105485	4254
107306	105909	105485	4254
107306	105909	105485	4254
104731	104248	103974	4236
102247	101218	100931	4174
96628	95738	95410	4165
93736	92832	92480	4168
91023	90088	89761	4167
85376	84503	84163	4166
82666	81821	81460	4166
79958	79085	78726	4166
74527	73628	73299	4166
71768	70959	70548	4166
69100	68193	67846	4166
63650	62753	62421	4167
60952	60075	59693	4166
58236	57305	56960	4165
52788	51925	51476	4166
49918	49068	48581	4165
47255	46413	45872	4166
41807	40904	40424	4166
38866	38070	37547	4166
36146	35303	34802	4166
30750	29848	29382	4167
27810	26959	26494	4166
25092	24253	23749	4166
22421	21523	21026	4166
16832	15890	15391	4166
13890	13063	12555	4166
10891	9979	9573	4166
5178	4334	3880	4166
2537	1593	1092	4165
115	101	93	4167
76	106	96	4169
77	106	96	4169
78	106	96	4168
-1000	-1000	-1000	-1000
78	106	96	4169
78	106	96	4168
78	106	96	4168
78	106	96	4169
78	106	96	4168
78	106	96	4242
78	106	96	4338
78	106	96	4518
78	107	97	4889
78	106	96	5030
79	106	96	5137
79	106	96	5274
78	106	96	5516
78	106	96	5610
78	106	96	5668
79	106	96	5599
79	106	96	5570
78	106	96	5574
79	106	96	5571
78	106	96	5572
79	106	96	5572
338	265	358	5574
834	874	820	5572
949	992	1011	5571
1336	1331	1323	5572
1913	1936	1852	5572
2155	2170	2254	5572
2453	2450	2430	5572
2975	3027	3056	5571
3351	3306	3272	5572
3601	3585	3634	5572
3860	3871	3906	5572
4432	4451	4487	5572
4750	4721	4725	5571
4988	5011	5012	5572
5259	5245	5297	5571
5867	5860	5882	5572
6162	6156	6201	5572
6451	6441	6408	5572
7017	7021	7010	5572
7302	7309	7291	5571
7594	7585	7645	5571
7897	7906	7860	5572
8422	8445	8453	5572
8724	8717	8677	5571
8973	8962	9016	5572
9515	9492	9541	5572
9767	9814	9784	5572
10126	10076	10074	5573
10658	10662	10613	5572
10912	10880	10925	5572
11151	11209	11203	5572
11750	11757	11800	5572
12033	12059	12032	5572
12341	12329	12316	5572
12595	12643	12640	5573
13168	13192	13186	5573
13423	13443	13453	5572
13735	13733	13703	5572
14305	14285	14273	5571
14542	14561	14565	5572
14795	14807	14849	5572
15103	15115	15074	5572
15703	15675	15719	5572
15956	15999	15941	5572
16233	16245	16275	5572
16796	16832	16810	5572
17080	17079	17087	5572
17356	17393	17323	5572
17930	17920	17879	5571
18163	18157	18163	5571
18452	18479	18475	5572
19012	19015	19045	5571
19311	19315	19285	5571
19577	19581	19566	5571
20151	20163	20088	5571
20395	20384	20420	5571
20687	20703	20670	5571
21214	21223	21246	5572
21531	21539	21475	5571
21798	21763	21816	5571
22049	22088	22054	5572
22593	22611	22641	5572
22924	22921	22874	5572
23177	23171	23186	5572
23783	23768	23728	5571
24015	24022	24068	5571
24323	24312	24311	5571
24845	24863	24892	5571
25203	25169	25139	5571
25424	25449	25455	5571
25701	25688	25713	5571
26227	26264	26270	5571
26563	26541	26509	5572
26789	26816	26816	5571
27345	27361	27337	5571
27614	27639	27648	5571
27932	27912	27881	5572
28459	28472	28450	5572
28770	28762	28751	5571
29000	29023	29035	5571
29573	29554	29581	5571
29811	29819	29830	5572
30149	30128	30105	5571
30684	30679	30652	5571
30946	30930	30951	5571
31166	31210	31215	5572
31554	31516	31482	5571
32068	32073	32060	5571
32340	32347	32323	5572
32567	32596	32618	5572
33161	33161	33175	5571
33461	33458	33468	5571
33735	33753	33704	5571
34321	34318	34278	5572
34565	34568	34561	5572
34844	34852	34865	5572
35381	35400	35414	5571
35702	35680	35644	5571
35943	35975	35945	5571
36236	36237	36246	5572
36764	36769	36791	5571
37073	37056	37047	5571
37314	37338	37315	5571
37927	37915	37876	5571
38159	38156	38188	5571
38442	38463	38447	5571
39017	39021	39061	5571
39317	39318	39288	5571
39562	39547	39561	5571
40128	40111	40079	5571
40381	40369	40426	5572
40692	40680	40650	5571
40948	40909	40948	5571
41587	41588	41537	5571
41842	41807	41841	5572
42069	42112	42090	5572
42639	42668	42661	5572
42961	42956	42901	5571
43224	43200	43205	5571
43791	43759	43724	5571
44005	44034	44028	5572
44341	44317	44295	5572
44851	44859	44869	5572
45191	45150	45112	5572
45399	45426	45428	5572
45718	45667	45663	5572
46238	46215	46239	5572
46550	46517	46485	5572
46781	46791	46803	5572
47345	47353	47325	5572
47670	47664	47683	5572
47975	47952	47940	5571
48497	48484	48495	5572
48768	48791	48732	5571
49039	49050	49060	5571
49345	49351	49321	5571
49874	49886	49901	5572
50172	50190	50111	5572
50415	50415	50438	5571
50982	50958	50945	5571
51221	51244	51239	5571
51563	51573	51492	5571
52080	52110	52058	5572
52387	52378	52342	5572
52614	52637	52633	5572
53176	53171	53198	5572
53466	53482	53439	5572
53752	53756	53716	5571
54334	54314	54266	5572
54581	54563	54581	5571
54848	54885	54851	5572
55176	55146	55098	5571
55753	55721	55722	5572
56012	56006	55979	5572
56268	56288	56274	5572
56817	56817	56833	5571
57096	57091	57067	5571
57356	57355	57331	5572
57944	57939	57875	5571
58198	58195	58211	5571
58469	58468	58470	5571
59034	59044	59053	5572
59335	59326	59282	5571
59585	59569	59599	5571
60148	60126	60099	5572
60389	60394	60420	5572
60696	60674	60652	5571
61196	61223	61235	5571
61526	61487	61486	5572
61769	61769	61800	5572
62336	62299	62340	5572
62570	62604	62610	5572
62946	62912	62885	5572
63189	63183	63198	5572
63756	63737	63737	5572
63974	64007	63991	5572
64323	64295	64250	5571
64851	64852	64855	5572
65144	65163	65120	5572
65419	65424	65435	5571
65747	65733	65731	5572
66289	66277	66307	5572
66607	66596	66546	5572
66876	66872	66878	5571
67166	67182	67196	5571
67704	67715	67739	5571
68010	67977	67998	5571
68317	68323	68297	5572
68574	68594	68621	5571
69171	69171	69182	5571
69449	69456	69470	5571
69784	69767	69737	5571
70300	70290	70296	5572
70564	70551	70556	5572
70807	70811	70844	5572
71452	71391	71455	5572
71678	71686	71697	5572
72040	71982	71980	5571
72270	72243	72275	5571
72836	72818	72816	5572
73109	73076	73110	5572
73413	73402	73365	5572
73931	73940	73922	5572
74258	74239	74209	5572
74530	74507	74560	5572
75079	75039	75071	5571
75342	75355	75361	5572
75685	75645	75614	5572
75927	75908	75961	5572
76462	76458	76447	5572
76754	76749	76791	5571
77059	77032	77006	5572
77295	77279	77326	5571
77907	77883	77871	5572
78156	78161	78191	5572
78473	78435	78433	5571
79005	78989	79034	5572
79331	79282	79271	5571
79558	79551	79585	5571
80110	80080	80108	5572
80364	80369	80371	5572
80682	80660	80638	5572
81215	81189	81186	5572
81455	81431	81466	5571
81723	81711	81729	5571
82298	82277	82318	5571
82572	82545	82560	5572
82850	82818	82837	5572
83429	83395	83384	5572
83677	83641	83696	5572
83936	83919	83941	5572
84462	84456	84516	5572
84802	84746	84749	5572
85066	85045	85072	5573
85658	85625	85610	5572
85914	85891	85948	5572
86219	86176	86199	5572
86754	86708	86792	5572
87053	87026	86982	5572
87308	87277	87333	5571
87881	87860	87833	5572
88133	88127	88168	5572
88443	88406	88399	5572
88961	88945	88957	5572
89219	89214	89185	5571
89505	89479	89507	5571
90030	90015	90074	5572
90322	90313	90334	5572
90611	90591	90586	5571
90913	90878	90970	5571
91491	91430	91481	5572
91721	91745	91752	5571
92061	92019	91992	5572
92571	92558	92554	5571
92854	92816	92835	5571
93103	93086	93106	5571
93699	93667	93714	5571
93945	93955	93949	5572
94256	94207	94207	5572
94810	94784	94739	5571
95052	95029	95070	5572
95316	95322	95314	5572
95632	95592	95592	5571
96213	96162	96157	5571
96460	96446	96462	5571
96717	96712	96740	5571
97274	97269	97296	5572
97582	97542	97524	5572
97805	97797	97822	5571
98357	98345	98326	5572
98614	98616	98646	5571
99155	99149	99183	5572
99431	99420	99427	5571
99726	99697	99701	5571
100290	100252	100242	5571
100549	100529	100547	5571
100800	100812	100797	5571
101112	101065	101038	5571
101672	101635	101593	5571
101901	101872	101895	5572
102165	102163	102131	5572
102695	102712	102606	5571
103026	103014	102883	5571
103301	103263	103214	5571
103897	103853	103718	5571
104150	104132	103968	5572
104429	104389	104200	5577
104752	104629	104499	5584
105311	105060	104930	5604
105558	105292	105057	5611
105868	105486	105341	5613
106414	105526	105418	5614
106717	105529	105418	5614
106946	105532	105418	5613
107566	105536	105418	5613
107807	105538	105418	5612
108087	105539	105419	5612
108371	105540	105419	5612
108964	105542	105419	5612
109186	105543	105419	5612
109483	105544	105419	5612
109986	105546	105419	5613
110260	105548	105419	5619
110495	105549	105420	5628
110763	105550	105420	5635
111242	105556	105421	5645
111273	105559	105421	5648
111274	105562	105421	5648
111274	105564	105421	5648
111275	105564	105421	5649
111274	105564	105421	5649
111275	105565	105421	5649
111275	105565	105421	5650
111275	105566	105421	5650
111276	105566	105421	5650
111276	105567	105421	5650
111276	105566	105421	5650
111276	105566	105421	5650
111277	105567	105421	5650
111276	105567	105421	5650
111276	105567	105421	5650
111276	105567	105421	5650
111277	105567	105421	5650
111276	105567	105421	5650
111276	105567	105421	5650
111277	105567	105421	5650
111277	105567	105421	5650
111277	105567	105421	5650
111277	105567	105421	5651
111277	105568	105421	5650
111277	105568	105421	5650
111277	105568	105421	5650
111277	105568	105421	5650
111277	105568	105421	5650
111278	105568	105422	5650
111278	105568	105421	5650
111277	105568	105421	5650
111278	105568	105421	5650
111278	105568	105422	5650
111278	105568	105421	5650
111278	105568	105421	5650
111278	105568	105421	5650
111278	105568	105421	5650
111278	105568	105421	5650
111278	105568	105421	5651
111278	105567	105421	5650
111278	105568	105421	5651
111278	105568	105421	5650
111278	105568	105421	5650
111278	105568	105421	5650
111278	105568	105421	5650
111278	105568	105422	5651
111278	105568	105421	5650
111278	105568	105422	5651
111278	105568	105421	5650
111278	105568	105421	5650
111278	105569	105421	5650
111278	105568	105421	5650
111278	105569	105422	5650
111278	105568	105422	5650
111278	105568	105422	5651
111278	105568	105421	5650
111279	105569	105421	5650
111278	105568	105421	5650
111279	105568	105421	5650
111278	105568	105422	5650
111279	105568	105421	5651
111279	105568	105421	5650
111279	105568	105421	5650
111279	105568	105421	5650
111278	105568	105421	5650
111279	105569	105421	5651
111279	105568	105421	5651
111279	105569	105421	5650
111279	105569	105422	5650
111279	105569	105422	5651
111279	105569	105422	5650
111279	105569	105422	5651
111279	105569	105422	5651
111279	105569	105422	5651
111279	105569	105421	5651
111279	105569	105422	5650
111279	105569	105422	5650
111279	105569	105421	5651
111279	105569	105422	5651
111279	105569	105422	5651
111279	105569	105422	5650
111279	105569	105421	5651
111279	105569	105422	5651
111279	105569	105421	5651
111279	105569	105421	5650
111279	105569	105421	5650
111279	105569	105422	5651
111279	105569	105422	5650
111279	105569	105422	5651
111279	105569	105422	5650
111279	105569	105421	5650
111279	105570	105421	5650
111279	105569	105422	5650
111279	105569	105422	5651
111279	105569	105421	5650
111280	105569	105422	5650
111279	105569	105422	5651
111279	105569	105422	5650
111279	105569	105422	5651
111279	105570	105422	5651
111279	105570	105422	5651
108783	103576	103086	5632
106256	100659	100602	5570
103286	97909	97538	5572
97929	92502	92184	5571
95203	89807	89533	5571
92537	87130	86819	5571
86681	81290	80999	5570
83808	78426	78113	5571
81042	75643	75402	5570
75510	70136	69838	5571
72716	67395	67062	5572
69905	64572	64228	5571
66946	61592	61311	5570
61148	55801	55467	5571
58430	53097	52776	5571
55007	49657	49331	5572
52225	46955	46565	5571
46799	41492	41185	5571
43966	38660	38339	5572
40955	35635	35332	5571
35504	30099	29800	5571
32717	27443	27048	5571
30086	24656	24315	5571
24459	19117	18754	5571
21721	16399	15965	5571
18826	13519	13083	5570
13436	8126	7615	5571
10767	5407	4960	5571
7823	2537	2034	5571
5091	125	92	5571
51	104	98	5572
63	104	98	5571
67	104	98	5570
-1000	-1000	-1000	-1000
67	105	98	5571
67	104	98	5571
68	104	98	5570
68	104	98	5571
68	104	97	5571
68	104	98	5571
68	104	98	5742
68	104	98	5915
68	104	99	6108
68	105	98	6258
68	104	98	6516
68	104	98	6616
68	105	98	6762
68	105	97	7035
68	105	97	7056
68	104	97	7021
68	105	97	6954
68	105	98	6951
68	104	97	6951
68	105	97	6951
68	104	97	6951
88	108	122	6950
482	478	516	6951
1027	1111	1059	6951
1371	1421	1359	6951
1689	1708	1763	6951
1989	2005	1980	6951
2498	2539	2574	6951
2829	2812	2773	6951
3044	3079	3122	6951
3613	3605	3640	6951
3867	3873	3921	6951
4197	4184	4164	6951
4445	4474	4502	6950
4991	5017	5010	6952
5271	5279	5327	6952
5616	5586	5586	6951
6127	6097	6150	6951
6365	6400	6382	6951
6640	6654	6705	6951
7232	7237	7257	6951
7518	7522	7555	6951
7778	7809	7779	6951
8044	8057	8104	6950
8616	8619	8635	6951
8879	8883	8922	6951
9184	9179	9157	6951
9736	9742	9707	6950
10050	9998	10041	6950
10252	10292	10300	6951
10801	10817	10868	6951
11122	11153	11130	6951
11435	11416	11403	6951
11985	11986	11946	6951
12226	12220	12254	6951
12501	12520	12503	6951
13032	13039	13085	6951
13334	13339	13310	6951
13603	13587	13630	6951
14198	14169	14149	6951
14425	14437	14511	6951
14733	14717	14710	6951
14991	14997	15018	6951
15562	15578	15554	6951
15839	15842	15893	6951
16147	16141	16173	6950
16688	16724	16760	6951
16995	16993	16969	6951
17242	17268	17286	6951
17519	17530	17549	6951
18072	18102	18125	6951
18395	18385	18371	6951
18631	18631	18641	6952
19236	19216	19202	6951
19464	19477	19510	6951
19776	19765	19769	6950
20301	20307	20337	6951
20638	20616	20596	6951
20885	20875	20919	6951
21173	21187	21211	6951
21715	21719	21781	6951
22015	22024	22012	6951
22289	22263	22294	6951
22884	22890	22854	6950
23093	23112	23156	6951
23390	23395	23380	6951
23919	23942	23993	6951
24235	24250	24218	6950
24491	24507	24543	6951
25066	25084	25047	6951
25318	25349	25398	6951
25627	25635	25600	6951
26145	26167	26164	6951
26405	26429	26408	6951
26666	26693	26736	6951
27238	27265	27278	6951
27532	27544	27574	6951
27808	27843	27790	6951
28382	28391	28353	6951
28622	28624	28667	6951
28905	28961	28942	6951
29216	29219	29192	6950
29783	29798	29808	6950
30077	30079	30073	6951
30308	30343	30379	6951
30869	30879	30919	6951
31139	31157	31157	6950
31437	31427	31437	6951
32028	32016	32008	6950
32276	32266	32304	6950
32506	32552	32572	6951
33053	33102	33147	6951
33395	33392	33397	6950
33662	33663	33669	6950
34246	34238	34215	6951
34456	34489	34533	6951
34783	34763	34779	6951
35036	35070	35059	6951
35620	35615	35580	6952
35843	35870	35907	6952
36395	36435	36439	6951
36678	36692	36725	6951
37033	37012	37028	6951
37268	37299	37309	6951
37852	37883	37860	6951
38105	38121	38167	6952
38421	38410	38424	6951
38663	38677	38677	6951
39290	39295	39277	6951
39550	39550	39567	6952
39811	39857	39878	6952
40372	40379	40445	6951
40678	40697	40684	6951
40919	40904	40945	6951
41488	41506	41459	6952
41792	41798	41850	6951
42049	42080	42079	6951
42346	42339	42350	6951
42904	42916	42874	6951
43120	43156	43196	6951
43408	43457	43425	6951
43918	43993	43986	6951
44249	44277	44253	6951
44498	44536	44583	6951
45051	45091	45101	6951
45307	45373	45402	6951
45614	45641	45617	6951
46172	46185	46196	6951
46411	46473	46460	6951
46700	46761	46791	6951
47249	47294	47310	6952
47528	47543	47589	6951
47804	47860	47847	6951
48402	48402	48422	6951
48639	48672	48694	6951
48910	48939	48961	6950
49455	49515	49548	6951
49771	49802	49779	6951
50049	50096	50085	6951
50294	50363	50374	6951
50870	50897	50945	6951
51171	51200	51193	6951
51439	51470	51470	6951
52024	52056	52018	6951
52254	52295	52320	6951
52540	52581	52611	6951
53073	53141	53182	6951
53408	53444	53428	6952
53686	53726	53718	6951
53973	54021	54062	6950
54523	54539	54584	6950
54801	54851	54866	6951
55069	55103	55094	6951
55637	55667	55647	6951
55854	55915	55947	6950
56194	56214	56229	6951
56719	56773	56823	6951
57026	57047	57051	6951
57253	57298	57318	6951
57806	57887	57854	6952
58098	58139	58194	6951
58388	58416	58425	6951
58924	58980	58985	6950
59185	59235	59207	6951
59458	59505	59559	6951
59990	60020	60059	6950
60263	60328	60332	6951
60540	60591	60578	6951
60811	60860	60924	6950
61377	61410	61448	6951
61646	61707	61729	6950
61938	62013	61967	6950
62502	62551	62554	6950
62775	62796	62822	6951
63006	63083	63085	6951
63577	63636	63678	6951
63882	63918	63915	6950
64172	64199	64187	6951
64733	64764	64738	6949
64963	65014	65056	6951
65277	65316	65337	6950
65553	65606	65593	6950
66125	66147	66144	6951
66369	66435	66433	6950
66655	66684	66714	6951
67208	67280	67306	6951
67539	67536	67576	6951
67772	67845	67828	6950
68420	68449	68465	6951
68649	68705	68708	6951
68958	69004	69042	6951
69217	69297	69272	6950
69803	69847	69829	6951
70032	70095	70082	6950
70311	70359	70396	6950
70871	70913	70963	6950
71175	71227	71200	6950
71485	71494	71492	6951
72042	72054	72036	6951
72302	72316	72347	6951
72552	72612	72589	6951
73115	73152	73192	6951
73414	73450	73435	6951
73685	73711	73731	6951
73958	74013	74016	6951
74515	74556	74599	6950
74812	74819	74841	6950
75068	75089	75098	6951
75669	75668	75654	6951
75890	75935	75966	6951
76196	76194	76224	6951
76714	76750	76788	6951
76990	77039	77003	6951
77253	77287	77322	6951
77800	77840	77836	6951
78090	78148	78175	6951
78394	78427	78406	6951
78937	78952	78981	6950
79248	79280	79260	6951
79524	79558	79599	6951
79833	79843	79842	6951
80078	80105	80109	6952
80710	80733	80710	6952
80956	80982	81001	6952
81231	81272	81287	6951
81757	81801	81830	6951
82079	82093	82079	6951
82319	82339	82371	6952
82894	82908	82879	6952
83082	83156	83193	6951
83446	83468	83455	6951
83947	83976	84008	6951
84257	84283	84244	6951
84488	84537	84563	6952
85107	85169	85115	6951
85391	85414	85455	6951
85704	85716	85682	6951
85941	85966	85966	6951
86549	86561	86500	6952
86795	86820	86866	6951
87099	87085	87076	6951
87610	87672	87647	6951
87939	87951	87897	6951
88197	88226	88243	6950
88732	88770	88753	6951
89014	89044	89069	6951
89302	89330	89268	6951
89854	89867	89848	6951
90104	90124	90144	6951
90373	90435	90436	6951
90945	90944	91007	6951
91208	91236	91234	6951
91501	91490	91499	6951
92070	92066	92030	6951
92296	92321	92349	6952
92569	92607	92601	6952
92886	92898	92866	6952
93470	93487	93462	6951
93750	93751	93741	6951
93961	94025	94030	6951
94558	94592	94602	6950
94872	94870	94886	6951
95120	95164	95124	6951
95709	95714	95676	6951
95933	95973	95975	6950
96232	96224	96243	6951
96747	96775	96798	6951
97068	97063	97005	6951
97311	97353	97360	6951
97619	97606	97620	6952
98138	98171	98172	6951
98455	98458	98426	6951
98685	98711	98707	6950
99220	99285	99238	6951
99501	99524	99542	6951
99821	99823	99790	6951
100378	100410	100423	6951
100681	100704	100645	6950
100954	100968	100976	6951
101229	101264	101212	6951
101821	101831	101834	6951
102116	102132	102094	6951
102383	102379	102381	6951
102968	102987	102902	6951
103216	103209	103147	6951
103484	103499	103413	6951
103985	104046	103947	6951
104327	104318	104197	6951
104573	104591	104477	6951
105132	105144	105003	6951
105388	105413	105217	6951
105725	105671	105503	6951
105968	105914	105713	6959
106529	106369	106171	6981
106787	106544	106398	6983
107096	106760	106557	6992
107632	107008	106837	6996
107973	107011	106838	6996
108236	107014	106839	6996
108523	107016	106839	6996
109084	107020	106840	6996
109390	107024	106840	6996
109625	107026	106840	6996
110177	107029	106840	6996
110457	107032	106840	6996
110750	107033	106840	6997
110964	107034	106840	6997
111435	107035	106841	7007
111671	107035	106841	7014
111885	107036	106841	7019
112325	107037	106842	7033
112550	107037	106842	7038
112583	107038	106842	7042
112584	107040	106842	7043
112585	107040	106842	7043
112585	107040	106842	7044
112586	107041	106842	7044
112587	107041	106842	7044
112587	107041	106842	7044
112587	107041	106842	7044
112587	107041	106842	7044
112587	107041	106843	7045
112587	107041	106842	7045
112588	107041	106842	7044
112588	107041	106842	7045
112587	107041	106842	7045
112588	107041	106843	7045
112588	107041	106842	7045
112588	107041	106843	7045
112588	107041	106843	7046
112588	107041	106843	7045
112588	107042	106843	7045
112588	107041	106843	7046
112588	107041	106843	7045
112588	107041	106843	7046
112588	107041	106843	7046
112588	107041	106843	7046
112588	107041	106843	7046
112588	107041	106843	7046
112588	107041	106843	7046
112588	107041	106843	7046
112588	107041	106843	7046
112588	107042	106843	7046
112588	107041	106843	7046
112588	107041	106843	7046
112588	107041	106843	7046
112588	107041	106844	7046
112589	107041	106844	7046
112588	107041	106843	7046
112588	107041	106843	7046
112588	107041	106843	7046
112588	107041	106843	7046
112588	107041	106843	7046
112589	107041	106843	7047
112588	107041	106843	7046
112588	107041	106843	7046
112589	107042	106843	7046
112589	107041	106843	7046
112589	107041	106843	7046
112589	107041	106843	7046
112589	107041	106843	7046
112589	107042	106843	7046
112589	107041	106843	7046
112588	107042	106843	7046
112589	107041	106843	7046
112589	107041	106844	7046
112588	107042	106844	7046
112589	107041	106843	7046
112589	107041	106843	7046
112589	107042	106844	7046
112589	107042	106843	7046
112589	107041	106844	7046
112589	107042	106844	7046
112589	107041	106844	7046
112589	107041	106844	7046
112589	107042	106843	7046
112589	107042	106844	7046
112589	107041	106844	7046
112589	107042	106844	7045
112589	107042	106844	7046
112589	107041	106843	7046
112589	107041	106844	7046
112589	107041	106843	7046
112589	107042	106843	7046
112589	107042	106844	7046
112589	107041	106843	7046
112589	107041	106844	7046
112589	107041	106843	7046
112589	107041	106844	7046
112589	107042	106843	7046
112589	107041	106844	7046
112589	107042	106844	7047
112589	107042	106843	7046
112589	107042	106844	7046
112589	107041	106844	7046
112589	107042	106844	7046
112589	107042	106844	7046
112589	107041	106844	7046
112589	107042	106844	7046
112589	107041	106844	7046
112589	107041	106844	7046
112589	107042	106844	7046
112589	107042	106844	7046
112589	107041	106844	7046
112589	107042	106843	7046
112589	107041	106844	7046
112589	107041	106843	7046
112589	107041	106843	7046
112589	107042	106844	7046
112589	107041	106844	7046
112589	107041	106844	7046
112589	107042	106844	7046
112589	107042	106844	7046
110064	104770	104494	7024
107401	101875	101845	6962
104406	99045	98862	6950
99099	93645	93466	6952
96404	90965	90742	6951
93460	88037	87880	6950
88091	82610	82377	6950
85318	79830	79654	6950
82415	76993	76794	6952
76947	71525	71317	6951
74289	68820	68577	6952
71394	65937	65808	6952
65907	60439	60294	6952
63046	57559	57453	6952
60134	54659	54529	6952
57382	51922	51796	6952
51446	45960	45800	6952
48579	43089	42952	6952
45852	40312	40173	6952
40469	34859	34735	6952
37757	32201	32012	6952
35093	29409	29288	6952
29835	24197	24015	6952
26912	21283	21175	6952
23968	18367	18266	6952
18575	12934	12810	6952
15666	10008	9960	6953
12800	7134	6994	6952
9968	4262	4163	6952
4438	97	73	6951
1768	102	79	6951
57	103	80	6952
69	103	81	6952
-1000	-1000	-1000	-1000
70	103	81	6951
70	103	81	6951
70	103	81	6952
70	103	81	6951
