86	145	90	65
86	144	90	64
86	145	90	64
108	150	114	64
382	357	477	64
862	853	851	64
1325	1305	1356	64
1578	1625	1609	65
1893	1891	1849	64
2426	2444	2396	64
2713	2688	2709	64
2942	2974	3006	64
3486	3511	3584	64
3830	3810	3787	64
4053	4044	4082	64
4674	4651	4615	64
4907	4916	4967	64
5198	5177	5195	64
5468	5456	5480	64
6066	6045	6028	64
6308	6330	6355	64
6598	6599	6635	64
7135	7157	7203	64
7471	7458	7468	64
7709	7695	7738	64
8320	8296	8290	64
8560	8571	8620	64
8841	8835	8873	64
9142	9126	9133	64
9722	9692	9684	64
9932	9928	10005	64
10215	10205	10225	64
10723	10770	10814	64
11096	11067	11061	64
11306	11306	11355	64
11869	11870	11868	64
12115	12135	12192	64
12468	12460	12458	64
12984	12969	13025	64
13264	13287	13257	64
13503	13515	13588	64
14136	14105	14114	64
14347	14369	14459	64
14689	14668	14641	64
15217	15200	15228	64
15441	15460	15463	64
15765	15758	15848	64
16054	16058	16051	64
16608	16591	16612	64
16853	16885	16857	64
17147	17145	17210	64
17707	17698	17720	64
17985	17999	18015	64
18301	18273	18249	64
18842	18835	18819	64
19115	19101	19116	64
19364	19381	19387	64
19680	19672	19635	64
20221	20227	20205	64
20524	20488	20516	64
20773	20803	20830	64
21116	21108	21099	64
21635	21665	21708	63
21982	21963	21955	64
22228	22206	22270	64
22782	22772	22788	64
22996	23037	23066	64
23344	23331	23316	64
23873	23843	23881	64
24111	24135	24125	64
24340	24373	24427	64
24925	24950	24984	64
25243	25226	25256	63
25510	25541	25505	64
26101	26078	26074	64
26344	26333	26355	64
26630	26621	26691	64
26942	26936	26928	64
27492	27475	27500	63
27725	27735	27721	64
28009	28006	28044	64
28560	28570	28624	64
28860	28865	28878	64
29183	29175	29176	64
29744	29737	29725	64
30026	29981	30040	64
30245	30285	30316	64
30608	30568	30549	63
31122	31121	31121	64
31427	31391	31419	64
31637	31672	31696	64
32246	32242	32295	64
32507	32548	32574	63
32860	32827	32828	64
33110	33124	33167	63
33667	33663	33660	64
33914	33955	33990	64
34283	34268	34250	64
34809	34800	34835	64
35080	35107	35067	63
35318	35340	35388	64
35891	35915	35929	64
36189	36180	36203	64
36467	36490	36473	64
36747	36765	36797	63
37295	37315	37307	63
37611	37604	37661	64
37898	37904	37870	64
38437	38442	38446	64
38685	38702	38685	63
38959	38972	39010	64
39504	39512	39552	64
39799	39814	39799	63
40055	40063	40042	64
40627	40634	40599	64
40874	40850	40914	64
41158	41156	41147	63
41698	41695	41749	64
41982	42005	41960	64
42260	42244	42282	64
42825	42805	42788	63
43049	43083	43096	64
43396	43401	43337	64
43663	43657	43683	64
44250	44255	44222	63
44479	44503	44534	64
44780	44779	44765	64
45280	45324	45319	63
45586	45587	45569	64
45844	45886	45910	64
46393	46419	46413	63
46665	46718	46723	63
47014	47011	46980	64
47530	47532	47555	63
47816	47845	47812	63
48065	48114	48128	64
48643	48666	48676	64
48925	48939	48940	63
49199	49227	49192	64
49465	49509	49523	64
50040	50052	50065	63
50281	50338	50323	63
50627	50623	50580	64
51161	51181	51144	64
51435	51431	51449	64
51671	51729	51717	64
52272	52269	52307	64
52544	52557	52549	64
52815	52818	52826	63
53406	53390	53376	63
53647	53655	53677	63
53918	53915	53951	64
54190	54218	54182	63
54785	54776	54761	64
55026	55016	55038	64
55307	55290	55326	64
55845	55860	55897	64
56172	56149	56140	63
56385	56405	56397	64
56951	56991	56937	64
57216	57234	57256	64
57523	57524	57515	64
58041	58045	58082	63
58349	58373	58326	63
58599	58605	58652	63
59139	59156	59156	64
59439	59454	59488	64
59738	59748	59704	64
60278	60307	60298	63
60553	60572	60546	64
60806	60820	60878	64
61139	61137	61110	64
61664	61702	61720	64
61982	61997	61947	63
62259	62251	62312	64
62532	62570	62573	64
63088	63135	63153	64
63421	63421	63404	63
63687	63695	63721	64
63961	64019	64034	63
64554	64592	64597	64
64831	64857	64879	63
65109	65165	65127	63
65702	65711	65709	64
65948	65982	65971	64
66250	66262	66301	64
66519	66569	66530	64
67106	67126	67153	63
67352	67410	67362	63
67626	67655	67713	64
68190	68216	68245	63
68481	68497	68536	63
68744	68792	68766	63
69351	69356	69370	63
69618	69618	69653	63
69905	69952	69999	63
70217	70231	70229	64
70729	70744	70758	63
71070	71041	71047	63
71251	71316	71335	63
71841	71849	71907	64
72090	72142	72145	63
72430	72428	72423	63
72984	72999	72986	63
73235	73248	73282	64
73471	73506	73519	63
74002	74064	74082	63
74330	74335	74338	63
74575	74597	74627	63
75125	75135	75134	63
75360	75420	75463	63
75703	75691	75702	63
76209	76215	76260	63
76463	76497	76490	63
76741	76770	76826	63
77283	77301	77337	63
77587	77594	77643	63
77899	77913	77904	63
78467	78450	78474	63
78696	78720	78730	63
78958	78976	79019	63
79323	79307	79313	63
79854	79860	79870	63
80108	80117	80130	63
80366	80402	80442	63
80949	80960	80985	63
81243	81244	81301	63
81510	81552	81506	63
82098	82111	82118	63
82347	82353	82375	63
82593	82620	82691	63
82930	82945	82923	63
83463	83497	83524	63
83769	83756	83775	63
83995	84032	84110	63
84584	84586	84638	63
84859	84874	84922	63
85160	85180	85168	63
85431	85451	85524	63
86016	86006	86015	63
86277	86327	86395	63
86623	86611	86621	63
87130	87126	87191	63
87405	87380	87429	63
87651	87703	87739	63
88196	88238	88267	63
88506	88494	88561	63
88754	88792	88802	63
89054	89084	89133	63
89613	89631	89693	63
89886	89898	89941	63
90190	90193	90217	63
90755	90755	90788	63
91003	91002	91039	63
91238	91276	91340	63
91898	91881	91933	63
92144	92165	92235	63
92478	92474	92482	63
92691	92730	92804	63
93307	93324	93323	63
93568	93598	93684	63
93891	93904	93904	63
94409	94440	94500	63
94703	94713	94712	63
94973	94994	95070	63
95293	95310	95327	63
95808	95857	95909	63
96197	96168	96210	63
96424	96445	96486	63
96709	96694	96776	63
97259	97293	97353	62
97589	97569	97610	63
97814	97825	97869	63
98406	98402	98431	62
98667	98680	98722	62
98977	98951	99036	62
99500	99506	99584	62
99815	99792	99828	62
100050	100029	100084	62
100606	100542	100577	62
100850	100745	100827	62
101184	100980	101001	64
101691	101390	101410	76
101971	101427	101695	81
102192	101427	101839	85
102778	101427	102298	93
103043	101427	102527	96
103331	101427	102586	102
103878	101427	102588	103
104104	101427	102588	103
104404	101427	102588	103
104885	101427	102589	103
105116	101427	102589	104
105349	101428	102589	105
105855	101428	102589	112
106013	101428	102589	117
106332	101428	102589	127
106530	101428	102590	131
106823	101428	102590	134
106825	101428	102590	134
106826	101428	102590	135
106828	101428	102590	135
106829	101428	102590	135
106829	101429	102590	135
106831	101429	102590	135
106832	101429	102590	135
106832	101428	102590	135
106832	101429	102590	135
106833	101428	102590	135
106832	101429	102590	135
106833	101429	102590	135
106834	101429	102590	135
106834	101429	102590	135
106834	101428	102590	135
106834	101429	102590	135
106835	101429	102590	135
106835	101429	102590	135
106836	101429	102590	135
106836	101429	102591	135
106837	101428	102590	135
106836	101429	102590	135
106837	101429	102591	135
106837	101429	102591	136
106837	101429	102591	135
106837	101429	102591	135
106838	101429	102590	136
106838	101429	102590	135
106838	101429	102590	135
106839	101429	102590	136
106838	101429	102590	135
106839	101429	102590	136
106839	101429	102590	135
106839	101429	102590	136
106839	101429	102590	135
106839	101429	102591	136
106839	101429	102590	135
106839	101429	102591	135
106839	101429	102590	136
106840	101429	102591	135
106840	101429	102590	136
106840	101429	102590	135
106840	101429	102590	135
106840	101429	102590	135
106840	101429	102591	135
106840	101429	102591	135
106840	101429	102591	135
106841	101429	102590	135
106840	101430	102591	135
106841	101429	102591	136
106841	101429	102590	136
106841	101429	102591	136
106841	101429	102590	135
106841	101429	102591	135
106841	101429	102591	135
106841	101429	102590	135
106841	101429	102591	136
106841	101429	102591	136
106841	101429	102590	135
106841	101429	102591	135
106841	101429	102590	136
106841	101429	102590	135
106842	101429	102590	135
106842	101429	102590	135
106842	101429	102590	135
106842	101429	102591	135
106842	101429	102590	135
106842	101429	102590	136
106842	101429	102591	135
106842	101429	102591	135
106842	101429	102591	135
106842	101429	102590	135
106842	101429	102591	136
106842	101429	102591	136
106842	101429	102591	135
106842	101429	102591	135
106842	101430	102590	135
106842	101429	102590	135
106842	101429	102591	135
106842	101429	102591	136
106842	101429	102590	135
106842	101429	102591	135
106842	101429	102591	136
106842	101429	102591	136
106842	101429	102591	135
106842	101429	102591	136
106842	101429	102591	136
106842	101429	102590	136
106842	101429	102591	135
106842	101429	102591	135
106842	101429	102590	135
106843	101430	102591	135
106842	101430	102590	136
106842	101429	102590	136
106843	101430	102591	135
106843	101429	102591	136
106843	101429	102590	135
106843	101429	102590	135
106842	101429	102591	135
106842	101430	102590	135
104513	99119	100933	128
101867	96348	98030	80
98943	93513	95223	76
96303	90851	92519	71
90332	84800	86504	70
87410	81956	83620	68
84511	79054	80765	67
81789	76346	78043	66
75979	70535	72278	65
73217	67820	69572	65
70592	65097	66785	65
64742	59306	61053	63
62049	56642	58274	62
59327	53896	55618	61
53684	48299	50003	62
50947	45479	47195	62
48103	42717	44406	61
42677	37289	38946	61
39931	34507	36171	61
37034	31665	33328	61
34339	28908	30580	61
28723	23311	24941	61
25777	20359	22056	61
23105	17730	19366	62
17700	12325	13921	61
14912	9547	11156	61
12251	6883	8451	61
6795	1448	3010	61
4078	171	465	60
1377	174	67	61
82	175	69	61
83	174	69	62
84	174	69	61
-1000	-1000	-1000	-1000
84	174	69	61
84	174	69	61
85	174	69	61
85	174	69	61
85	174	69	61
85	174	68	61
85	174	69	186
85	174	69	292
85	174	69	480
86	174	70	823
86	174	69	958
86	174	69	1062
86	174	69	1281
86	174	69	1385
86	174	69	1426
86	174	69	1411
86	174	69	1407
86	174	69	1406
86	174	69	1406
86	174	69	1406
86	174	69	1406
106	180	93	1406
328	227	360	1405
923	1004	925	1405
1325	1367	1351	1404
1620	1628	1648	1404
2156	2157	2237	1404
2448	2438	2394	1404
2732	2724	2716	1404
3334	3291	3229	1403
3531	3530	3602	1403
3849	3838	3828	1403
4142	4115	4120	1403
4734	4705	4693	1403
4958	4969	4989	1403
5235	5202	5249	1403
5766	5775	5811	1403
6109	6061	6057	1403
6336	6327	6349	1403
6601	6587	6627	1403
7175	7169	7208	1403
7480	7452	7439	1403
7736	7719	7743	1403
8384	8342	8319	1402
8609	8594	8625	1403
8897	8844	8884	1403
9445	9413	9466	1403
9745	9718	9697	1402
10015	9955	10014	1402
10265	10256	10264	1403
10813	10801	10841	1403
11104	11092	11075	1402
11392	11338	11356	1403
11984	11954	11904	1402
12215	12185	12227	1403
12492	12492	12478	1403
13070	13045	13090	1403
13369	13346	13323	1403
13630	13592	13623	1403
14211	14143	14145	1403
14420	14410	14460	1403
14742	14691	14678	1403
15265	15242	15281	1402
15539	15516	15496	1403
15827	15803	15872	1403
16144	16095	16105	1402
16688	16670	16703	1403
16970	16956	16898	1403
17215	17205	17245	1403
17777	17740	17737	1403
18018	18034	18035	1402
18362	18307	18260	1403
18868	18872	18856	1403
19191	19143	19133	1402
19418	19424	19425	1402
19746	19709	19664	1403
20279	20281	20266	1402
20621	20570	20553	1402
20838	20829	20848	1402
21394	21352	21392	1403
21625	21649	21635	1402
21963	21921	21901	1402
22486	22470	22447	1403
22792	22779	22777	1402
23017	23028	23037	1402
23589	23592	23597	1402
23878	23847	23840	1403
24144	24145	24134	1402
24730	24684	24648	1403
24952	24958	24965	1402
25247	25207	25201	1402
25755	25751	25775	1403
26099	26047	26023	1403
26342	26324	26343	1402
26919	26906	26866	1403
27172	27153	27172	1402
27498	27473	27450	1403
27721	27740	27698	1402
28358	28352	28300	1402
28604	28593	28620	1403
28889	28887	28872	1402
29443	29412	29460	1403
29744	29728	29682	1402
29991	29956	30005	1402
30260	30277	30266	1402
30839	30817	30846	1403
31121	31109	31081	1402
31392	31352	31379	1402
31972	31939	31887	1402
32209	32189	32244	1402
32499	32498	32470	1402
33016	33040	33046	1402
33352	33320	33263	1402
33592	33577	33607	1402
34222	34176	34146	1402
34435	34465	34471	1402
34774	34726	34690	1402
35010	35025	35017	1402
35638	35607	35511	1402
35862	35869	35881	1402
36169	36144	36097	1402
36722	36717	36713	1402
37044	37020	36984	1402
37265	37267	37277	1402
37813	37841	37793	1402
38091	38085	38119	1402
38417	38401	38365	1402
38651	38639	38653	1402
39247	39241	39178	1402
39492	39497	39511	1402
39793	39795	39742	1402
40319	40297	40298	1402
40607	40605	40552	1402
40848	40840	40861	1402
41451	41420	41411	1402
41689	41706	41696	1402
42000	42016	41920	1402
42512	42572	42509	1402
42851	42843	42785	1402
43074	43109	43098	1402
43390	43413	43312	1402
43946	44009	43952	1402
44287	44301	44233	1402
44518	44543	44557	1402
45071	45073	45066	1402
45338	45390	45381	1403
45668	45648	45605	1402
46180	46167	46167	1403
46469	46476	46446	1402
46754	46782	46784	1403
47071	47054	47031	1402
47604	47612	47640	1402
47940	47928	47905	1402
48181	48194	48188	1402
48463	48449	48459	1402
48974	49000	49003	1402
49319	49320	49286	1402
49568	49572	49576	1402
50136	50146	50102	1402
50366	50388	50397	1402
50700	50717	50675	1402
51243	51264	51277	1402
51586	51583	51518	1402
51847	51823	51872	1402
52095	52132	52081	1402
52666	52674	52703	1402
52976	52979	52934	1402
53242	53219	53228	1402
53541	53587	53562	1402
54137	54160	54142	1402
54385	54399	54415	1402
54721	54703	54656	1402
55288	55268	55254	1402
55538	55563	55530	1402
55795	55797	55808	1402
56354	56381	56375	1402
56667	56656	56632	1402
56902	56935	56888	1402
57179	57205	57203	1402
57746	57751	57757	1402
58065	58070	58080	1402
58353	58374	58303	1401
58903	58910	58876	1401
59225	59232	59184	1401
59525	59525	59562	1402
59816	59815	59769	1401
60329	60349	60326	1402
60695	60669	60639	1402
60941	60908	60961	1402
61176	61197	61194	1402
61723	61745	61757	1402
62049	62036	61990	1402
62311	62271	62315	1401
62865	62810	62816	1402
63076	63094	63096	1402
63441	63415	63389	1402
63932	63939	63940	1402
64273	64233	64199	1402
64506	64523	64531	1402
65091	65079	65088	1402
65353	65355	65364	1402
65690	65651	65615	1402
65914	65919	65919	1402
66496	66512	66461	1401
66747	66745	66771	1402
67077	67048	67017	1401
67603	67562	67594	1401
67870	67873	67825	1401
68135	68113	68145	1401
68669	68669	68670	1402
68972	68933	68951	1401
69239	69235	69196	1402
69820	69794	69772	1402
70063	70043	70057	1402
70337	70314	70308	1401
70883	70866	70882	1402
71182	71188	71145	1401
71478	71408	71446	1401
72062	72021	71984	1401
72275	72271	72287	1401
72549	72556	72522	1401
73070	73070	73086	1401
73385	73390	73344	1401
73624	73625	73629	1401
74184	74186	74171	1401
74444	74437	74457	1401
74736	74756	74691	1401
75295	75288	75281	1401
75567	75551	75542	1401
75820	75818	75847	1401
76355	76366	76381	1401
76665	76652	76640	1401
76897	76913	76887	1401
77197	77202	77234	1401
77749	77749	77770	1401
78048	78046	78033	1401
78294	78309	78270	1401
78896	78887	78837	1401
79156	79139	79168	1401
79439	79468	79432	1401
79992	79999	80011	1401
80281	80292	80237	1401
80524	80525	80529	1401
81109	81124	81061	1401
81361	81361	81379	1401
81660	81672	81622	1401
81949	81938	81953	1401
82514	82508	82448	1401
82760	82760	82790	1401
83012	83031	83007	1401
83540	83588	83568	1401
83880	83858	83809	1401
84203	84185	84187	1401
84811	84780	84736	1401
85040	85039	85052	1401
85319	85298	85295	1401
85632	85637	85600	1401
86201	86162	86149	1401
86453	86441	86438	1401
86729	86714	86767	1401
87055	87038	86986	1401
87601	87613	87608	1401
87897	87873	87832	1401
88125	88149	88171	1401
88696	88712	88713	1401
88994	88981	89005	1401
89271	89281	89200	1401
89833	89828	89804	1401
90093	90084	90118	1401
90354	90379	90372	1401
90907	90910	90950	1401
91222	91235	91231	1400
91559	91528	91510	1401
91782	91805	91812	1401
92356	92336	92367	1401
92622	92641	92647	1400
92973	92944	92894	1401
93503	93489	93484	1401
93768	93756	93739	1400
94003	94024	94042	1400
94578	94574	94593	1400
94869	94847	94835	1400
95127	95110	95113	1400
95364	95379	95393	1400
95960	95955	95965	1401
96238	96208	96218	1401
96493	96506	96483	1400
97076	97049	96990	1400
97327	97331	97355	1400
97635	97583	97590	1400
98133	98117	98145	1401
98449	98408	98383	1401
98688	98675	98697	1401
99242	99244	99224	1401
99535	99507	99546	1401
99849	99801	99785	1401
100364	100325	100359	1400
100678	100638	100617	1401
100919	100896	100925	1400
101233	101197	101169	1401
101775	101704	101727	1406
102088	101945	101918	1408
102357	102183	102195	1412
102885	102550	102608	1421
103135	102753	102782	1426
103437	102980	102970	1432
103941	103184	103179	1437
104234	103185	103181	1437
104490	103187	103181	1438
104947	103191	103181	1441
105170	103195	103182	1443
105394	103201	103182	1452
105876	103230	103182	1459
106059	103239	103182	1461
106168	103259	103182	1463
106168	103278	103182	1463
106169	103284	103182	1463
106170	103285	103182	1463
106170	103286	103182	1463
106170	103287	103182	1463
106170	103288	103182	1463
106170	103288	103182	1463
106170	103289	103182	1463
106171	103288	103183	1463
106170	103289	103182	1463
106170	103289	103182	1463
106171	103289	103182	1463
106171	103290	103183	1464
106171	103290	103182	1463
106171	103290	103183	1463
106171	103290	103183	1463
106171	103290	103182	1463
106171	103290	103183	1463
106171	103290	103183	1463
106171	103290	103182	1463
106171	103290	103182	1463
106171	103291	103183	1463
106171	103291	103183	1463
106171	103291	103183	1463
106171	103291	103183	1463
106172	103291	103182	1463
106172	103291	103183	1463
106172	103291	103183	1464
106171	103291	103182	1463
106172	103291	103183	1463
106171	103292	103183	1463
106172	103291	103182	1463
106172	103291	103183	1463
106172	103291	103183	1463
106172	103291	103183	1463
106172	103292	103183	1463
106172	103292	103183	1463
106172	103292	103182	1463
106172	103292	103183	1463
106172	103292	103183	1463
106172	103292	103183	1464
106172	103292	103183	1463
106172	103292	103183	1463
106172	103292	103183	1463
106172	103292	103183	1463
106172	103292	103182	1463
106172	103292	103183	1463
106172	103292	103182	1463
106172	103292	103183	1463
106172	103292	103183	1463
106172	103292	103183	1464
106172	103292	103183	1463
106172	103292	103182	1463
106172	103293	103183	1463
106172	103292	103183	1463
106172	103292	103183	1463
106172	103292	103183	1463
106172	103292	103183	1463
106172	103292	103183	1463
106172	103292	103183	1463
106172	103292	103183	1463
106172	103292	103183	1463
106172	103292	103183	1463
106172	103292	103183	1463
106172	103292	103183	1463
106172	103293	103183	1463
106172	103293	103183	1463
106172	103292	103183	1463
106172	103292	103183	1463
106172	103293	103183	1463
106172	103292	103183	1463
106172	103293	103183	1463
106172	103293	103183	1463
106172	103293	103183	1463
106172	103292	103183	1463
106172	103293	103183	1463
106172	103292	103183	1463
106172	103293	103183	1463
106172	103292	103183	1463
106172	103293	103182	1463
106173	103293	103182	1463
106172	103293	103183	1463
106172	103293	103183	1463
106172	103293	103183	1463
106172	103293	103182	1463
106172	103293	103183	1463
106172	103293	103183	1463
106172	103293	103182	1463
106172	103293	103183	1463
106172	103293	103183	1463
106172	103293	103183	1463
106173	103293	103183	1463
106172	103293	103182	1463
106173	103293	103183	1463
106172	103293	103183	1463
106172	103293	103183	1463
106173	103293	103183	1463
106172	103293	103183	1463
106172	103293	103183	1463
106173	103293	103183	1462
103839	101388	101335	1453
101099	98306	98352	1399
95085	92510	92470	1393
92189	89570	89554	1394
89422	86863	86843	1394
84070	81378	81436	1394
81315	78682	78749	1395
78581	75984	76040	1395
73016	70290	70390	1395
70166	67425	67512	1396
67391	64673	64767	1396
61947	59208	59326	1396
59079	56342	56509	1396
56342	53598	53786	1396
53628	50905	51053	1396
47700	44895	45060	1396
44925	42136	42376	1396
42233	39457	39676	1396
36378	33682	33861	1397
33728	30921	31146	1396
31022	28211	28428	1396
25574	22710	23066	1396
22662	19894	20156	1395
19735	16963	17237	1394
16850	14002	14357	1394
11188	8473	8738	1395
8362	5653	5975	1395
5582	2822	3112	1394
248	137	79	1399
-1000	-1000	-1000	-1000
113	137	82	1402
114	137	82	1400
114	137	83	1399
114	137	82	1399
114	136	83	1400
114	136	82	1399
114	136	83	1547
114	136	82	1725
114	136	83	1916
114	136	83	2206
114	136	83	2338
114	137	83	2472
114	137	83	2585
114	136	82	2815
115	136	82	2867
114	136	82	2847
114	136	82	2789
114	136	82	2771
114	136	82	2772
114	136	82	2775
114	136	82	2776
137	141	106	2776
840	847	871	2776
959	1024	937	2776
1322	1313	1374	2778
1594	1632	1595	2778
2166	2161	2248	2779
2455	2457	2422	2780
2724	2706	2717	2780
2967	3002	3024	2781
3635	3603	3642	2780
3872	3870	3895	2781
4222	4169	4162	2781
4760	4706	4711	2780
4977	4979	4994	2781
5252	5225	5273	2781
5800	5792	5837	2781
6129	6075	6084	2781
6389	6371	6380	2781
6656	6642	6691	2782
7251	7235	7253	2782
7538	7515	7539	2782
7819	7789	7779	2782
8394	8375	8355	2782
8636	8625	8632	2782
8929	8898	8934	2782
9499	9460	9501	2782
9755	9760	9723	2782
10112	10034	10048	2782
10324	10318	10327	2782
10925	10861	10896	2782
11138	11155	11144	2782
11488	11439	11398	2782
12007	12014	11958	2782
12296	12243	12272	2782
12535	12567	12540	2781
13104	13108	13111	2782
13379	13369	13339	2782
13674	13642	13630	2782
14273	14218	14162	2782
14500	14489	14526	2782
14791	14766	14758	2782
15069	15062	15020	2782
15631	15604	15551	2782
15883	15871	15888	2782
16179	16156	16160	2782
16723	16728	16727	2781
17029	16994	16942	2781
17246	17259	17263	2782
17868	17830	17770	2782
18094	18105	18094	2782
18422	18400	18343	2782
18669	18653	18639	2782
19273	19235	19173	2782
19499	19490	19486	2782
19804	19779	19746	2782
20322	20314	20297	2782
20646	20611	20559	2782
20902	20881	20897	2782
21480	21462	21413	2782
21749	21725	21728	2782
22027	22026	21977	2782
22297	22259	22273	2782
22909	22901	22826	2782
23167	23148	23152	2782
23425	23432	23387	2782
23984	23984	23986	2782
24315	24291	24231	2782
24568	24559	24556	2781
25152	25112	25050	2782
25429	25441	25448	2782
25700	25690	25677	2781
26015	25990	25956	2782
26266	26291	26277	2782
26845	26872	26831	2782
27122	27117	27117	2782
27434	27424	27358	2782
27976	27947	27902	2782
28251	28273	28245	2782
28512	28531	28510	2782
29061	29065	29074	2782
29413	29400	29429	2782
29736	29730	29671	2782
29979	29953	29995	2782
30533	30515	30487	2782
30765	30791	30793	2782
31088	31085	31027	2782
31597	31629	31603	2782
31906	31913	31863	2782
32143	32161	32180	2782
32708	32707	32727	2782
32974	33008	32999	2782
33275	33287	33224	2782
33839	33843	33780	2782
34078	34075	34088	2782
34356	34389	34371	2782
34690	34688	34612	2782
35240	35228	35203	2782
35480	35509	35449	2782
35765	35812	35774	2782
36347	36380	36368	2782
36627	36636	36620	2782
36902	36933	36892	2782
37483	37476	37444	2781
37712	37742	37749	2782
38022	38035	38045	2782
38340	38352	38301	2782
38899	38904	38888	2782
39158	39181	39153	2782
39414	39453	39446	2782
39991	39997	40008	2782
40274	40281	40278	2782
40552	40564	40525	2782
40805	40835	40853	2782
41411	41422	41405	2782
41670	41712	41710	2782
41968	42017	41941	2782
42290	42285	42307	2782
42850	42871	42807	2782
43113	43147	43158	2782
43408	43431	43368	2782
43918	43974	43921	2782
44267	44273	44217	2782
44496	44525	44542	2782
45069	45078	45072	2782
45320	45375	45357	2782
45632	45628	45583	2782
46175	46159	46162	2782
46429	46472	46431	2782
46707	46752	46738	2782
47259	47292	47286	2782
47527	47548	47555	2782
47811	47843	47797	2782
48365	48386	48343	2782
48619	48645	48658	2782
48901	48926	48891	2782
49421	49481	49457	2782
49724	49763	49690	2782
49982	49998	50020	2782
50574	50575	50540	2783
50772	50847	50832	2782
51125	51130	51056	2782
51361	51373	51395	2783
51926	51965	51928	2782
52154	52221	52208	2783
52499	52516	52467	2783
52991	53047	53032	2782
53302	53323	53296	2782
53540	53609	53601	2782
54155	54222	54165	2783
54393	54461	54472	2782
54734	54766	54707	2782
55277	55284	55269	2782
55530	55601	55542	2783
55790	55844	55848	2782
56139	56155	56103	2782
56701	56697	56712	2782
56986	57033	56987	2782
57225	57271	57285	2782
57551	57592	57566	2782
58090	58135	58149	2782
58386	58421	58372	2781
58622	58659	58679	2782
59206	59265	59197	2783
59465	59513	59549	2782
59816	59855	59817	2782
60347	60414	60409	2782
60675	60706	60645	2783
60910	60926	60967	2783
61484	61510	61480	2782
61710	61785	61804	2782
62029	62068	62029	2782
62284	62310	62346	2782
62921	62961	62916	2783
63146	63201	63219	2782
63449	63513	63476	2783
63954	64052	64041	2782
64302	64340	64290	2783
64525	64612	64589	2783
65078	65184	65121	2782
65338	65423	65423	2782
65670	65713	65682	2782
66200	66224	66231	2782
66426	66551	66486	2782
66722	66793	66810	2782
67038	67084	67062	2782
67587	67618	67645	2782
67820	67927	67870	2782
68137	68201	68219	2782
68686	68781	68726	2782
68981	69043	69077	2782
69266	69331	69297	2782
69831	69881	69877	2782
70079	70157	70115	2782
70374	70426	70470	2782
70675	70713	70681	2782
71194	71275	71245	2783
71524	71554	71522	2783
71706	71790	71821	2783
72319	72354	72371	2783
72577	72641	72643	2783
72885	72952	72913	2782
73443	73494	73490	2782
73775	73830	73804	2782
74024	74091	74105	2782
74357	74370	74389	2782
74872	74924	74964	2782
75223	75238	75224	2782
75448	75493	75517	2782
75991	76063	76041	2782
76259	76303	76349	2782
76620	76634	76630	2782
76834	76889	76882	2782
77370	77461	77414	2782
77643	77696	77732	2782
77975	78009	77997	2783
78496	78535	78574	2782
78757	78843	78795	2782
79015	79075	79125	2782
79369	79405	79397	2782
79913	79981	80008	2782
80223	80277	80239	2782
80455	80512	80530	2783
81064	81150	81107	2782
81330	81381	81424	2783
81627	81677	81642	2782
82148	82236	82229	2783
82466	82534	82494	2782
82733	82802	82814	2782
83017	83085	83095	2783
83578	83662	83701	2783
83901	83954	83939	2783
84181	84241	84223	2782
84411	84502	84537	2782
85050	85138	85106	2783
85328	85393	85432	2783
85617	85704	85679	2783
85889	85975	85971	2782
86471	86566	86502	2782
86767	86848	86886	2782
87072	87113	87123	2782
87597	87700	87696	2782
87859	87967	87928	2783
88120	88235	88240	2783
88686	88794	88768	2783
88974	89067	89079	2783
89258	89354	89319	2782
89520	89619	89651	2783
90080	90194	90180	2782
90354	90466	90480	2782
90657	90741	90708	2783
91194	91269	91283	2783
91483	91570	91548	2783
91730	91836	91868	2783
92334	92408	92400	2783
92573	92680	92692	2783
92885	92981	92946	2783
93467	93519	93538	2782
93724	93817	93785	2782
93959	94074	94099	2783
94287	94357	94347	2783
94844	94896	94941	2782
95116	95214	95176	2782
95347	95457	95501	2782
95938	96035	96019	2783
96221	96293	96337	2783
96481	96588	96551	2782
97087	97137	97125	2783
97311	97408	97406	2783
97641	97709	97747	2782
98150	98240	98263	2782
98465	98523	98553	2782
98710	98826	98795	2782
99255	99359	99366	2782
99523	99607	99651	2782
99843	99893	99920	2783
100082	100179	100161	2783
100703	100767	100759	2782
100935	101008	101022	2783
101228	101308	101332	2783
101767	101844	101894	2783
102068	102127	102150	2783
102296	102378	102413	2783
102855	102954	102925	2783
103094	103185	103217	2782
103413	103489	103446	2794
103927	104005	103914	2799
104168	104168	104132	2803
104409	104436	104212	2825
104859	104829	104555	2838
105056	105032	104677	2846
105300	105247	104798	2853
105501	105483	104906	2860
105522	105523	105045	2864
105523	105524	105047	2863
105523	105526	105047	2864
105524	105527	105049	2864
105525	105528	105049	2864
105525	105528	105049	2864
105525	105529	105049	2865
105525	105529	105050	2864
105526	105529	105050	2865
105526	105530	105050	2865
105526	105530	105050	2865
105527	105530	105050	2865
105526	105531	105050	2865
105527	105531	105051	2865
105527	105531	105050	2864
105527	105531	105051	2865
105527	105532	105050	2865
105527	105531	105051	2865
105528	105532	105051	2864
105527	105532	105051	2865
105528	105532	105051	2865
105527	105532	105051	2864
105528	105532	105051	2865
105528	105533	105051	2864
105528	105533	105051	2865
105528	105533	105051	2865
105528	105533	105051	2864
105528	105533	105051	2865
105528	105533	105052	2864
105528	105533	105051	2865
105528	105533	105052	2865
105528	105533	105051	2864
105528	105533	105051	2864
105528	105534	105051	2864
105528	105534	105052	2864
105528	105534	105051	2864
105528	105534	105052	2864
105529	105534	105051	2864
105528	105534	105052	2865
105528	105534	105051	2865
105529	105534	105052	2865
105529	105534	105051	2865
105529	105534	105052	2865
105528	105534	105052	2865
105528	105534	105052	2864
105529	105534	105052	2865
105529	105534	105052	2864
105529	105534	105052	2864
105529	105534	105052	2864
105529	105534	105052	2865
105529	105534	105052	2865
105529	105534	105052	2865
105529	105534	105052	2864
105529	105534	105052	2864
105529	105534	105052	2865
105529	105535	105052	2864
105529	105535	105052	2864
105529	105535	105052	2864
105529	105535	105052	2864
105528	105535	105052	2865
105529	105535	105052	2864
105529	105535	105052	2864
105529	105535	105052	2864
105529	105535	105052	2864
105529	105535	105052	2864
105529	105535	105052	2864
105529	105535	105052	2865
105529	105535	105052	2864
105529	105535	105052	2864
105529	105535	105052	2864
105529	105535	105052	2865
105529	105535	105052	2864
105529	105535	105052	2864
105529	105535	105052	2864
105529	105535	105052	2864
105529	105535	105052	2864
105529	105535	105052	2865
105529	105535	105052	2864
105529	105535	105052	2865
105529	105535	105053	2864
105529	105535	105052	2864
105529	105535	105052	2865
105529	105535	105052	2865
105529	105535	105052	2864
105529	105535	105052	2864
105530	105535	105053	2864
105529	105535	105052	2864
105529	105536	105052	2864
105529	105535	105052	2865
105529	105535	105052	2864
105529	105535	105052	2864
105529	105536	105052	2864
105529	105535	105053	2864
105529	105535	105052	2864
105529	105535	105052	2864
105529	105535	105052	2864
105529	105535	105052	2864
105530	105535	105052	2864
105529	105536	105053	2864
105529	105536	105053	2864
103266	104080	104058	2852
100528	100746	100583	2788
97674	98135	97981	2778
94728	95121	94952	2781
88718	89039	89039	2784
85799	86185	86048	2784
82883	83287	83200	2785
77525	77877	77731	2784
74836	75138	75072	2784
71888	72269	72140	2785
69205	69569	69412	2784
63010	63428	63297	2784
60222	60587	60436	2784
57388	57798	57636	2784
54503	54904	54742	2785
48967	49357	49195	2785
46163	46640	46442	2785
43480	43883	43676	2785
38052	38455	38289	2784
35060	35419	35265	2784
32198	32676	32488	2784
26612	27040	26898	2784
23913	24299	24138	2785
21055	21436	21298	2785
18334	18718	18568	2784
12915	13239	13102	2785
10053	10342	10166	2785
6879	7206	7076	2784
4082	4383	4262	2784
99	141	193	2786
-1000	-1000	-1000	-1000
106	144	195	2785
106	144	195	2785
106	144	195	2785
107	144	195	2785
106	144	195	2785
107	144	195	2785
107	144	195	2954
106	144	195	3126
107	144	195	3325
107	144	195	3637
107	144	195	3748
107	144	195	3889
107	144	194	3988
107	144	194	4234
107	144	194	4296
107	144	194	4277
107	144	194	4207
107	144	194	4175
107	144	194	4181
107	144	194	4184
107	144	194	4187
107	144	194	4193
107	144	194	4191
107	144	194	4191
125	148	202	4190
279	251	237	4190
890	993	933	4189
1297	1254	1364	4189
1559	1591	1523	4189
2079	2076	2149	4190
2383	2367	2319	4190
2620	2612	2689	4190
3209	3184	3186	4189
3439	3466	3527	4191
3808	3766	3719	4192
4315	4314	4319	4189
4581	4560	4550	4189
4839	4853	4896	4190
5166	5133	5129	4189
5715	5727	5752	4189
6054	6022	6002	4188
6282	6285	6323	4188
6898	6878	6864	4188
7139	7159	7185	4189
7483	7473	7464	4190
7739	7738	7746	4189
8341	8300	8271	4189
8560	8561	8598	4189
8869	8847	8848	4189
9372	9383	9401	4190
9724	9689	9652	4189
9944	9919	9967	4189
10514	10476	10481	4190
10742	10775	10764	4189
11092	11085	11033	4190
11354	11318	11337	4189
11976	11965	11897	4188
12212	12193	12217	4189
12492	12524	12494	4188
12843	12820	12782	4187
13368	13374	13346	4190
13681	13651	13650	4189
13884	13926	13933	4189
14461	14469	14507	4189
14756	14719	14713	4190
15004	15000	15017	4189
15610	15589	15545	4191
15853	15845	15899	4190
16141	16119	16124	4190
16687	16711	16709	4189
16986	16973	16938	4188
17221	17228	17256	4188
17789	17785	17750	4188
18031	18075	18052	4188
18371	18342	18283	4189
18601	18606	18626	4190
19208	19190	19153	4189
19439	19455	19454	4189
19782	19766	19735	4189
20283	20297	20270	4190
20610	20594	20556	4190
20875	20866	20883	4189
21431	21434	21423	4189
21657	21692	21669	4189
21991	21999	21957	4189
22508	22537	22512	4190
22805	22839	22785	4190
23063	23095	23101	4190
23629	23684	23634	4190
23917	23930	23950	4191
24239	24254	24176	4190
24480	24512	24524	4190
25106	25129	25045	4190
25360	25391	25428	4190
25672	25665	25642	4189
25922	25933	25929	4190
26548	26539	26511	4188
26799	26827	26833	4189
27077	27092	27111	4190
27382	27404	27360	4189
27960	27957	27939	4188
28204	28237	28245	4188
28490	28521	28507	4189
29039	29057	29076	4190
29334	29331	29333	4189
29597	29610	29599	4188
30176	30170	30133	4189
30408	30411	30443	4187
30702	30718	30716	4187
31042	31034	30991	4188
31576	31593	31563	4188
31838	31855	31836	4189
32099	32133	32160	4188
32670	32689	32718	4188
32968	33003	33007	4189
33251	33272	33223	4190
33816	33836	33783	4189
34074	34088	34109	4188
34334	34382	34367	4188
34639	34657	34624	4188
35227	35220	35210	4187
35449	35504	35471	4188
35755	35788	35756	4187
36293	36337	36352	4186
36586	36611	36578	4186
36819	36861	36863	4189
37408	37454	37398	4189
37657	37707	37731	4189
37976	37983	37992	4189
38238	38293	38258	4187
38840	38861	38820	4188
39071	39123	39118	4187
39352	39396	39362	4188
39881	39942	39940	4189
40208	40215	40185	4189
40500	40545	40506	4189
41078	41088	41036	4189
41294	41333	41356	4189
41597	41615	41593	4187
41873	41908	41880	4191
42462	42483	42427	4190
42697	42722	42736	4187
42975	43004	42985	4188
43583	43623	43631	4188
43881	43926	43882	4189
44162	44199	44160	4191
44733	44739	44693	4189
44967	44995	45013	4189
45265	45300	45288	4189
45576	45594	45533	4188
45807	45863	45895	4189
46441	46485	46437	4189
46674	46750	46743	4189
47017	47019	46972	4190
47530	47536	47536	4187
47791	47844	47789	4190
48050	48114	48108	4190
48631	48658	48662	4188
48908	48938	48916	4189
49173	49224	49166	4188
49742	49780	49685	4188
49989	50004	50024	4188
50269	50324	50290	4187
50817	50860	50851	4189
51148	51173	51078	4188
51387	51404	51407	4188
51671	51735	51711	4187
52283	52281	52298	4190
52531	52567	52543	4190
52843	52870	52815	4188
53420	53433	53385	4189
53689	53714	53691	4188
53954	53962	53968	4189
54514	54526	54546	4189
54805	54827	54787	4188
55069	55085	55065	4188
55342	55353	55346	4189
55908	55948	55953	4189
56234	56221	56197	4191
56446	56518	56440	4190
57043	57045	56995	4189
57295	57305	57310	4189
57596	57629	57601	4190
57873	57897	57827	4189
58443	58434	58423	4189
58764	58777	58735	4189
59044	59064	59068	4189
59583	59604	59613	4189
59873	59907	59875	4189
60240	60254	60198	4187
60480	60493	60503	4188
61061	61076	61021	4188
61318	61334	61363	4191
61642	61667	61646	4190
61949	61953	61912	4189
62496	62531	62461	4191
62774	62758	62775	4190
63070	63120	63096	4188
63430	63422	63366	4189
63919	63944	63911	4188
64231	64242	64191	4189
64461	64506	64491	4190
65060	65097	65067	4190
65321	65343	65335	4188
65656	65659	65605	4189
66194	66182	66165	4188
66432	66505	66442	4188
66695	66714	66707	4187
66999	67030	66964	4190
67598	67578	67587	4189
67870	67910	67854	4189
68159	68169	68170	4189
68719	68745	68700	4191
69011	69028	69056	4190
69335	69337	69288	4191
69600	69592	69608	4191
70158	70195	70136	4190
70421	70436	70478	4190
70725	70734	70708	4191
71219	71286	71237	4189
71580	71561	71499	4189
71780	71811	71827	4189
72353	72351	72349	4190
72580	72642	72610	4190
72895	72938	72854	4188
73432	73470	73420	4189
73714	73735	73720	4189
73958	74026	73991	4190
74526	74561	74575	4190
74813	74829	74808	4189
75063	75076	75081	4189
75641	75651	75593	4189
75877	75923	75947	4190
76194	76190	76187	4189
76712	76755	76756	4190
77005	77051	76996	4190
77261	77310	77327	4190
77559	77578	77568	4189
78078	78137	78135	4189
78389	78426	78375	4189
78636	78674	78696	4190
79211	79256	79229	4190
79462	79531	79518	4190
79832	79840	79825	4189
80092	80136	80119	4190
80664	80699	80645	4190
80906	80943	80956	4189
81227	81253	81253	4188
81759	81807	81818	4188
82091	82127	82087	4189
82328	82382	82387	4189
82593	82642	82658	4188
83172	83231	83275	4188
83461	83528	83508	4190
83747	83802	83782	4189
84326	84373	84343	4189
84588	84624	84635	4189
84852	84925	84921	4189
85392	85456	85500	4188
85716	85743	85750	4187
85972	86025	86017	4189
86246	86339	86366	4190
86797	86872	86882	4189
87103	87128	87159	4189
87367	87419	87390	4188
87937	87979	87953	4190
88162	88256	88254	4189
88470	88495	88513	4191
88999	89091	89087	4191
89291	89352	89303	4190
89550	89612	89649	4189
90106	90188	90166	4190
90370	90455	90471	4190
90684	90733	90704	4189
91202	91252	91266	4191
91486	91535	91520	4190
91700	91801	91828	4190
92268	92334	92367	4189
92581	92670	92680	4190
92898	92950	92934	4191
93437	93481	93473	4189
93689	93737	93734	4190
93956	94040	94083	4188
94279	94336	94309	4190
94838	94861	94887	4189
95075	95123	95115	4188
95345	95428	95469	4187
95913	95980	96002	4191
96217	96244	96281	4190
96479	96572	96540	4190
96759	96851	96879	4192
97328	97403	97397	4191
97620	97662	97710	4190
97888	97979	97961	4190
98486	98533	98547	4188
98723	98800	98764	4188
99002	99056	99126	4189
99549	99606	99642	4189
99863	99902	99921	4189
100109	100185	100157	4189
100683	100733	100725	4190
100919	100981	100998	4188
101227	101275	101275	4189
101742	101793	101818	4188
102041	102094	102085	4191
102293	102333	102370	4190
102591	102662	102661	4190
103138	103198	103231	4188
103458	103503	103481	4187
103758	103791	103790	4189
104312	104374	104326	4190
104581	104650	104593	4191
104865	104946	104824	4196
105081	105232	105039	4213
105507	105706	105378	4244
105762	105922	105509	4265
105938	106148	105702	4267
106236	106569	105898	4275
106237	106840	105901	4278
106237	107020	105902	4283
106239	107164	105902	4286
106241	107476	105903	4302
106242	107478	105903	4303
106243	107481	105904	4302
106243	107481	105904	4303
106244	107482	105904	4303
106244	107483	105905	4303
106245	107483	105905	4303
106244	107484	105905	4303
106245	107484	105905	4303
106245	107484	105905	4303
106245	107485	105905	4303
106245	107485	105905	4302
106246	107485	105905	4303
106246	107485	105905	4303
106246	107485	105905	4303
106246	107485	105905	4303
106246	107485	105905	4303
106246	107485	105906	4303
106246	107485	105906	4302
106247	107486	105906	4302
106247	107486	105906	4303
106247	107486	105906	4302
106247	107486	105906	4303
106247	107486	105906	4303
106247	107486	105906	4303
106247	107486	105906	4303
106247	107486	105906	4302
106248	107486	105906	4303
106247	107486	105906	4303
106248	107486	105906	4302
106248	107486	105906	4303
106248	107486	105906	4303
106248	107487	105906	4303
106248	107486	105906	4303
106248	107486	105906	4302
106248	107487	105906	4303
106248	107486	105906	4302
106248	107486	105906	4303
106248	107487	105906	4302
106248	107486	105907	4302
106248	107487	105906	4302
106248	107487	105906	4302
106248	107487	105906	4302
106248	107487	105906	4302
106248	107487	105907	4303
106248	107487	105907	4303
106249	107487	105906	4302
106248	107487	105907	4302
106249	107487	105906	4303
106249	107487	105906	4302
106248	107487	105907	4302
106249	107487	105907	4302
106249	107487	105907	4303
106249	107487	105907	4302
106249	107488	105907	4303
106248	107487	105907	4302
106248	107488	105907	4303
106248	107487	105907	4302
106249	107488	105906	4303
106248	107487	105907	4302
106249	107487	105907	4303
106249	107487	105907	4303
106249	107488	105907	4302
106249	107488	105907	4303
106248	107488	105907	4303
106248	107488	105907	4302
106249	107488	105907	4302
106249	107488	105907	4302
106249	107488	105907	4302
106249	107488	105907	4302
106249	107488	105907	4302
106249	107488	105907	4302
106248	107488	105907	4302
106249	107488	105907	4302
106249	107488	105907	4302
106248	107488	105907	4302
106249	107488	105907	4302
106249	107488	105907	4302
106248	107488	105907	4302
106249	107488	105907	4302
106249	107488	105907	4302
106249	107488	105907	4302
106249	107488	105907	4302
106248	107488	105907	4303
106249	107488	105907	4302
106249	107488	105907	4302
106249	107488	105907	4302
106249	107488	105907	4302
106249	107488	105908	4302
106249	107488	105907	4302
106249	107488	105907	4302
106249	107488	105907	4302
106249	107488	105907	4302
106249	107488	105907	4302
106249	107488	105908	4302
106249	107488	105907	4302
106249	107488	105907	4302
106249	107488	105907	4302
106249	107488	105907	4302
106249	107488	105907	4302
106249	107488	105908	4302
103802	106069	104594	4286
101156	102800	101326	4202
95530	97340	95921	4185
92576	94435	92938	4193
89825	91727	90278	4191
86976	88883	87417	4190
81355	83202	81737	4190
78079	79995	78462	4189
75414	77211	75776	4190
70003	71776	70317	4191
67263	69039	67524	4190
64365	66174	64721	4190
58711	60566	59012	4191
55988	57840	56377	4189
53255	55144	53573	4189
47811	49712	48147	4190
45137	46960	45457	4189
42398	44296	42749	4188
39679	41543	39938	4191
34089	35929	34407	4190
31345	33251	31671	4190
28623	30535	28952	4190
22806	24742	23202	4190
20076	22031	20473	4190
17257	19134	17593	4190
11751	13710	12129	4189
9107	10989	9397	4191
6228	8068	6562	4190
3274	5170	3647	4190
92	128	222	4191
93	133	223	4192
94	133	224	4191
94	133	224	4191
-1000	-1000	-1000	-1000
94	133	224	4191
94	133	224	4191
95	133	224	4190
95	133	224	4190
95	134	223	4191
95	133	223	4191
94	133	224	4373
95	133	224	4544
95	133	224	4749
95	133	224	5049
95	133	224	5158
95	133	223	5281
95	133	224	5472
95	134	223	5487
95	133	223	5488
95	133	223	5480
95	133	223	5478
95	133	224	5478
95	133	223	5478
95	133	223	5478
95	133	223	5478
117	138	235	5478
294	283	263	5477
886	1020	964	5477
1322	1301	1397	5476
1594	1642	1595	5476
2123	2139	2223	5476
2434	2438	2402	5476
2708	2692	2735	5476
3309	3278	3242	5475
3534	3553	3607	5475
3842	3825	3827	5475
4349	4381	4402	5475
4692	4659	4644	5475
4913	4947	4958	5475
5212	5189	5230	5475
5728	5758	5791	5475
6080	6056	6038	5475
6300	6324	6337	5476
6894	6901	6878	5475
7152	7183	7197	5475
7472	7463	7436	5475
7976	7993	7989	5475
8280	8278	8245	5475
8507	8542	8568	5475
9083	9099	9087	5475
9331	9364	9356	5475
9695	9672	9644	5475
10210	10186	10161	5475
10448	10454	10464	5475
10674	10737	10706	5475
11268	11284	11297	5475
11560	11573	11556	5475
11844	11862	11847	5475
12422	12418	12362	5475
12631	12678	12664	5476
12955	12955	12933	5475
13207	13256	13210	5475
13829	13845	13805	5475
14075	14096	14091	5475
14339	14362	14368	5475
14855	14911	14931	5475
15200	15194	15170	5475
15406	15453	15451	5475
15973	16039	15975	5475
16254	16279	16299	5475
16566	16573	16545	5475
17097	17096	17114	5475
17337	17396	17329	5475
17596	17638	17661	5475
18169	18199	18179	5475
18463	18511	18503	5475
18766	18795	18738	5475
19306	19346	19310	5474
19572	19614	19577	5475
19828	19875	19872	5475
20368	20403	20410	5475
20669	20705	20650	5475
20931	20970	20941	5475
21506	21543	21481	5475
21743	21782	21799	5475
22042	22106	22054	5475
22318	22372	22319	5475
22874	22916	22862	5475
23128	23185	23176	5475
23429	23493	23454	5475
23979	24040	24051	5475
24296	24297	24246	5474
24522	24579	24551	5475
25166	25176	25095	5475
25392	25444	25448	5475
25689	25697	25684	5474
25938	25961	25937	5475
26535	26543	26499	5474
26752	26821	26801	5475
27052	27062	27056	5475
27593	27653	27656	5475
27899	27917	27849	5474
28136	28177	28198	5475
28689	28745	28708	5475
28993	29044	29036	5475
29302	29318	29278	5475
29812	29851	29842	5475
30137	30179	30124	5475
30385	30423	30445	5475
30682	30722	30685	5475
31192	31282	31262	5475
31566	31596	31556	5475
31818	31890	31832	5475
32405	32457	32373	5475
32630	32699	32713	5475
32945	32989	32962	5475
33197	33263	33199	5475
33784	33831	33748	5475
34013	34072	34072	5475
34321	34383	34345	5475
34893	34964	34954	5475
35225	35233	35206	5474
35448	35510	35461	5475
36012	36066	35998	5475
36279	36325	36334	5475
36592	36617	36572	5475
37117	37166	37149	5475
37413	37464	37393	5475
37672	37721	37731	5475
37964	37971	37976	5475
38496	38562	38546	5475
38852	38877	38834	5474
39097	39149	39142	5475
39675	39718	39662	5475
39907	39965	39962	5474
40234	40245	40208	5474
40481	40534	40499	5475
41087	41112	41043	5475
41317	41357	41364	5475
41606	41639	41590	5474
42087	42170	42139	5475
42424	42458	42398	5475
42672	42720	42721	5475
43234	43288	43222	5474
43489	43563	43550	5475
43835	43875	43788	5474
44346	44383	44350	5475
44609	44685	44619	5475
44848	44918	44916	5474
45409	45478	45460	5475
45736	45740	45741	5475
45991	46075	45996	5475
46582	46594	46558	5475
46797	46873	46825	5475
47111	47169	47154	5475
47397	47461	47399	5475
47954	47984	47966	5474
48217	48291	48247	5474
48511	48555	48558	5475
49039	49092	49100	5475
49347	49398	49353	5474
49629	49716	49632	5475
49895	49962	49960	5475
50470	50519	50500	5474
50708	50817	50749	5474
51062	51115	51017	5475
51585	51659	51574	5474
51841	51891	51900	5474
52093	52186	52128	5475
52642	52715	52720	5475
52955	52999	52941	5474
53215	53278	53246	5474
53770	53844	53766	5474
54042	54121	54115	5474
54332	54386	54348	5474
54818	54923	54883	5474
55175	55211	55147	5474
55384	55487	55460	5475
55945	56051	55995	5475
56250	56321	56298	5475
56580	56622	56569	5474
56828	56928	56879	5474
57380	57469	57395	5474
57652	57726	57716	5474
58211	58304	58248	5475
58491	58560	58558	5475
58798	58872	58800	5475
59350	59399	59366	5474
59614	59697	59644	5474
59861	59948	59940	5474
60425	60489	60488	5474
60717	60770	60740	5474
61004	61086	61018	5474
61224	61311	61321	5474
61790	61858	61868	5474
62083	62138	62116	5475
62362	62422	62373	5475
62927	62984	62924	5475
63150	63207	63216	5475
63450	63501	63460	5475
63993	64081	64058	5475
64323	64360	64324	5474
64552	64629	64590	5474
65148	65240	65159	5475
65392	65463	65461	5475
65714	65749	65719	5475
65943	66033	65951	5475
66578	66635	66601	5475
66819	66899	66861	5475
67120	67186	67168	5474
67633	67725	67715	5475
67973	67988	67976	5475
68220	68300	68252	5474
68771	68855	68780	5474
69063	69109	69136	5475
69355	69406	69374	5474
69881	69972	69957	5475
70191	70251	70188	5474
70446	70501	70508	5474
71004	71057	71022	5474
71217	71328	71276	5474
71575	71609	71536	5474
72076	72152	72087	5474
72352	72416	72367	5474
72583	72697	72643	5475
72953	73006	72931	5474
73478	73572	73537	5475
73773	73868	73775	5474
74024	74125	74077	5475
74588	74701	74644	5475
74866	74948	74923	5474
75149	75241	75154	5475
75732	75751	75721	5474
75966	76088	76022	5474
76261	76339	76324	5474
76578	76628	76549	5474
77125	77175	77161	5474
77409	77510	77404	5474
77658	77755	77738	5474
78206	78303	78239	5474
78495	78556	78556	5475
78751	78860	78778	5475
79375	79426	79377	5474
79609	79697	79643	5474
79891	79979	79935	5474
80179	80261	80175	5474
80735	80805	80752	5475
80977	81102	81017	5474
81255	81349	81311	5474
81783	81872	81855	5474
82101	82172	82108	5474
82335	82449	82384	5474
82952	83021	82945	5475
83180	83260	83262	5475
83458	83571	83500	5475
83972	84094	84076	5475
84316	84382	84311	5475
84554	84629	84604	5474
85100	85200	85105	5474
85366	85455	85459	5475
85696	85740	85678	5475
86213	86288	86257	5475
86484	86575	86471	5474
86738	86829	86839	5475
87277	87344	87329	5474
87577	87664	87619	5475
87853	87944	87845	5474
88451	88485	88473	5474
88685	88790	88735	5475
88970	89064	89029	5474
89529	89601	89620	5474
89834	89882	89845	5475
90085	90184	90141	5475
90352	90452	90447	5474
90877	90959	90974	5475
91195	91261	91235	5474
91463	91546	91503	5475
92023	92098	92036	5474
92256	92340	92354	5474
92564	92648	92609	5474
93082	93191	93176	5475
93420	93485	93435	5475
93674	93734	93729	5474
94242	94337	94268	5474
94491	94604	94596	5475
94832	94876	94870	5474
95068	95173	95116	5474
95691	95744	95707	5474
95903	96013	95995	5474
96231	96281	96294	5474
96745	96842	96839	5474
97048	97115	97063	5474
97287	97394	97370	5475
97815	97949	97890	5474
98105	98211	98206	5475
98428	98477	98463	5474
98964	99008	99016	5474
99200	99330	99256	5474
99462	99559	99555	5474
100023	100117	100093	5474
100317	100367	100360	5474
100583	100694	100631	5474
101186	101256	101211	5473
101420	101508	101454	5474
101703	101777	101742	5474
102202	102311	102266	5475
102542	102603	102500	5474
102762	102858	102790	5474
103320	103428	103313	5474
103585	103689	103609	5474
103913	103991	103888	5474
104188	104279	104182	5474
104748	104831	104683	5474
104976	105091	104969	5474
105295	105386	105232	5474
105776	105921	105721	5475
106013	106196	105955	5482
106257	106475	106087	5492
106430	106731	106352	5508
106836	107181	106713	5515
107092	107425	106829	5521
107272	107803	107232	5528
107274	108029	107236	5531
107275	108241	107237	5535
107277	108451	107237	5542
107279	108760	107238	5550
107280	108762	107238	5551
107281	108763	107238	5550
107282	108765	107239	5551
107282	108765	107239	5550
107282	108766	107239	5551
107283	108767	107239	5550
107283	108767	107240	5551
107283	108767	107240	5551
107283	108767	107240	5551
107284	108768	107240	5551
107284	108768	107240	5551
107284	108768	107240	5551
107284	108768	107240	5551
107284	108768	107240	5551
107284	108769	107241	5551
107284	108769	107241	5551
107284	108769	107241	5551
107284	108769	107241	5551
107284	108769	107241	5551
107284	108769	107241	5551
107284	108769	107241	5551
107285	108770	107241	5551
107284	108770	107241	5551
107285	108770	107241	5551
107285	108770	107241	5551
107285	108770	107241	5551
107285	108770	107241	5551
107285	108770	107242	5551
107285	108771	107241	5552
107285	108771	107241	5551
107285	108770	107241	5551
107285	108771	107242	5551
107285	108771	107242	5551
107285	108771	107242	5551
107285	108771	107242	5551
107285	108771	107242	5551
107285	108771	107242	5551
107285	108771	107242	5551
107285	108771	107242	5551
107285	108771	107242	5551
107285	108771	107242	5551
107285	108771	107242	5551
107285	108772	107242	5551
107285	108772	107242	5551
107285	108771	107242	5551
107285	108771	107242	5551
107285	108771	107242	5551
107285	108772	107242	5551
107285	108772	107242	5551
107285	108772	107242	5551
107285	108772	107242	5551
107285	108772	107242	5551
107285	108772	107242	5551
107285	108772	107242	5551
107285	108772	107242	5551
107285	108772	107242	5551
107285	108772	107242	5551
107285	108772	107242	5551
107285	108772	107242	5551
107285	108772	107242	5551
107286	108772	107242	5551
107286	108772	107242	5551
107285	108772	107242	5551
107285	108772	107242	5551
107285	108772	107242	5551
107285	108772	107242	5551
107286	108772	107242	5551
107286	108772	107242	5551
107285	108772	107242	5551
107286	108773	107242	5551
107286	108772	107242	5551
107285	108772	107242	5551
107286	108773	107242	5551
107285	108772	107243	5551
107286	108773	107242	5551
107285	108773	107242	5551
107286	108773	107242	5551
107286	108773	107242	5551
107286	108773	107242	5551
107286	108773	107242	5551
107286	108773	107242	5551
107286	108773	107242	5551
107286	108773	107242	5551
107286	108773	107242	5551
107286	108773	107242	5551
107286	108773	107242	5551
107286	108773	107242	5551
107286	108773	107242	5551
107286	108773	107242	5551
107286	108773	107243	5551
107286	108773	107242	5551
107286	108773	107242	5551
107286	108773	107242	5551
107286	108773	107243	5551
107287	108773	107243	5551
107286	108773	107243	5551
107286	108773	107242	5551
107286	108773	107243	5551
107286	108773	107243	5551
107286	108773	107243	5551
105345	107317	105828	5538
102563	104092	102574	5473
96937	98603	97107	5464
94106	95789	94278	5470
91312	92951	91423	5471
85844	87457	85937	5473
82953	84586	83059	5474
80034	81655	80194	5471
74622	76274	74797	5472
71961	73581	72129	5474
69189	70909	69423	5472
66492	68142	66675	5474
60651	62371	60917	5473
57961	59684	58169	5474
55079	56800	55277	5473
49324	51013	49437	5473
46533	48267	46741	5471
43829	45595	44048	5473
38455	40134	38577	5472
35531	37233	35658	5474
32623	34345	32720	5475
29823	31466	29898	5472
23953	25636	24052	5473
21012	22741	21163	5473
18169	19848	18303	5472
12795	14381	12882	5472
10105	11654	10143	5473
7228	8894	7297	5473
4280	5843	4358	5473
95	393	237	5473
-1000	-1000	-1000	-1000
103	112	239	5476
104	112	240	5474
105	113	240	5476
105	112	240	5477
104	113	240	5472
105	113	240	5516
105	112	240	5638
105	113	240	5806
105	113	241	6170
105	113	241	6271
105	113	241	6399
105	113	240	6502
105	113	240	6819
105	113	240	6921
105	113	240	6944
105	113	240	6857
105	113	240	6864
105	113	240	6865
105	113	240	6866
105	113	240	6866
105	113	240	6866
318	337	282	6866
859	823	823	6865
932	1096	1004	6866
1345	1345	1432	6866
1948	1962	1916	6867
2185	2197	2276	6867
2468	2497	2483	6866
3003	3049	3064	6866
3370	3336	3314	6867
3582	3575	3631	6867
4148	4143	4121	6867
4400	4439	4464	6866
4746	4717	4720	6866
4969	4997	4977	6866
5570	5557	5520	6867
5820	5836	5851	6867
6133	6108	6128	6866
6656	6681	6708	6866
6990	6959	6955	6866
7223	7227	7240	6866
7768	7790	7757	6867
8029	8044	8073	6866
8375	8358	8323	6867
8874	8870	8876	6867
9147	9154	9133	6866
9384	9414	9432	6867
9958	9953	9989	6867
10224	10227	10226	6867
10519	10514	10499	6867
11085	11079	11038	6866
11319	11338	11348	6867
11574	11599	11613	6865
11905	11928	11884	6867
12457	12462	12427	6866
12697	12720	12720	6865
12985	13006	12998	6866
13536	13562	13595	6865
13842	13867	13864	6866
14129	14126	14115	6867
14715	14694	14664	6867
14921	14952	14990	6867
15240	15244	15274	6865
15474	15525	15494	6867
16078	16081	16071	6866
16319	16334	16365	6867
16628	16645	16672	6866
17179	17199	17246	6867
17478	17468	17479	6867
17718	17718	17739	6868
18320	18312	18283	6867
18552	18583	18609	6868
18850	18879	18879	6866
19381	19422	19428	6867
19731	19748	19699	6867
19971	19976	20012	6867
20240	20269	20244	6867
20785	20831	20844	6867
21102	21123	21082	6867
21349	21362	21390	6867
21924	21947	21928	6866
22183	22222	22249	6867
22492	22523	22510	6867
22988	23063	23072	6867
23319	23353	23318	6867
23610	23667	23641	6867
23908	23941	23976	6866
24424	24500	24521	6867
24755	24764	24775	6866
24974	25038	25001	6866
25499	25581	25516	6867
25760	25821	25855	6867
26109	26138	26118	6867
26650	26716	26734	6867
26953	26987	26976	6867
27199	27259	27258	6867
27516	27545	27561	6866
28067	28101	28130	6867
28381	28412	28377	6867
28619	28654	28673	6867
29247	29280	29246	6867
29496	29525	29555	6866
29775	29809	29799	6867
30284	30350	30370	6867
30621	30634	30594	6866
30861	30898	30927	6867
31136	31181	31166	6867
31670	31741	31772	6867
32010	32017	31988	6867
32244	32275	32307	6866
32804	32825	32799	6866
33060	33117	33149	6866
33393	33407	33414	6866
33654	33691	33681	6866
34260	34261	34256	6867
34483	34512	34553	6866
34818	34811	34864	6867
35333	35375	35414	6867
35680	35664	35646	6867
35907	35934	35956	6867
36542	36547	36555	6867
36783	36797	36848	6867
37104	37101	37138	6867
37348	37383	37373	6866
37923	37922	37939	6867
38153	38165	38215	6868
38453	38462	38498	6867
39000	39024	39083	6867
39310	39307	39320	6867
39539	39554	39585	6867
40128	40145	40136	6866
40383	40384	40460	6866
40707	40709	40756	6867
40995	40983	41007	6866
41579	41573	41574	6867
41801	41818	41874	6866
42066	42110	42148	6867
42598	42664	42720	6865
42954	42966	42981	6867
43198	43206	43211	6867
43780	43775	43764	6867
44014	44055	44106	6866
44333	44326	44357	6865
44854	44896	44964	6865
45195	45184	45210	6866
45440	45469	45490	6867
45973	46022	46020	6866
46251	46284	46357	6866
46585	46569	46615	6866
47095	47094	47162	6867
47362	47396	47402	6868
47620	47650	47705	6867
48174	48196	48204	6867
48466	48465	48532	6867
48766	48801	48783	6867
49029	49054	49113	6866
49599	49642	49628	6867
49898	49924	49992	6867
50234	50273	50271	6867
50543	50527	50546	6867
51141	51136	51123	6867
51374	51375	51402	6867
51639	51705	51726	6867
52005	52005	51982	6867
52533	52538	52584	6866
52805	52824	52810	6866
53110	53139	53190	6866
53421	53426	53433	6867
53938	53946	54003	6867
54223	54260	54226	6865
54466	54490	54547	6866
55087	55083	55092	6865
55348	55368	55428	6867
55662	55662	55659	6867
56205	56200	56206	6867
56423	56465	56436	6867
56714	56727	56781	6867
57024	57030	57032	6866
57576	57600	57631	6867
57839	57887	57856	6866
58109	58145	58196	6867
58671	58689	58701	6866
58984	59020	59059	6866
59291	59302	59292	6867
59812	59833	59834	6867
60089	60089	60106	6867
60344	60395	60441	6866
60692	60688	60703	6867
61181	61220	61247	6867
61490	61484	61507	6866
61760	61791	61850	6865
62339	62329	62366	6866
62554	62612	62644	6866
62902	62902	62905	6866
63448	63461	63460	6865
63707	63729	63751	6867
63941	63989	64020	6866
64524	64565	64586	6866
64825	64820	64860	6865
65069	65131	65103	6866
65671	65679	65679	6865
65936	65964	65949	6866
66221	66227	66292	6866
66477	66547	66494	6866
67071	67078	67086	6866
67346	67385	67357	6867
67625	67650	67699	6867
67951	67948	67963	6867
68488	68505	68551	6866
68755	68759	68762	6868
69017	69057	69118	6867
69574	69563	69625	6867
69855	69881	69933	6866
70178	70179	70175	6866
70722	70731	70754	6867
71004	70982	71041	6866
71228	71294	71336	6866
71619	71602	71618	6866
72108	72166	72188	6867
72444	72443	72433	6868
72672	72726	72757	6868
73255	73285	73288	6866
73510	73572	73597	6867
73865	73893	73873	6867
74123	74157	74161	6865
74656	74738	74703	6866
74912	74954	75020	6866
75253	75262	75258	6867
75772	75776	75826	6867
76022	76083	76058	6866
76605	76619	76617	6866
76825	76874	76873	6867
77178	77204	77250	6867
77425	77496	77453	6866
78030	78028	78062	6867
78257	78303	78277	6866
78549	78594	78650	6867
79096	79120	79163	6866
79390	79424	79421	6867
79668	79704	79669	6867
79991	80030	80060	6867
80526	80580	80563	6867
80797	80850	80851	6867
81081	81146	81089	6866
81641	81664	81630	6866
81886	81927	81945	6867
82149	82212	82189	6866
82757	82796	82817	6866
83013	83067	83057	6866
83317	83347	83327	6867
83870	83903	83877	6866
84135	84179	84184	6867
84381	84443	84460	6867
84703	84757	84723	6867
85266	85280	85284	6865
85554	85640	85572	6866
85835	85905	85943	6866
86189	86192	86193	6866
86707	86717	86770	6866
86980	87038	86992	6866
87224	87277	87310	6866
87784	87830	87812	6867
88075	88117	88146	6867
88378	88414	88395	6867
88939	88952	88959	6867
89162	89227	89175	6867
89475	89492	89516	6866
89999	90046	90084	6867
90310	90340	90357	6866
90564	90596	90580	6866
91168	91195	91189	6867
91411	91423	91470	6867
91672	91744	91766	6867
91992	92020	91996	6867
92543	92575	92574	6867
92807	92840	92857	6867
93061	93127	93138	6866
93604	93652	93708	6866
93914	93943	93947	6867
94186	94221	94219	6866
94771	94811	94785	6866
95013	95044	95088	6866
95322	95371	95409	6867
95634	95666	95655	6867
96199	96178	96223	6867
96418	96484	96491	6867
96696	96725	96767	6868
97262	97305	97353	6867
97572	97566	97591	6867
97787	97842	97873	6866
98377	98409	98424	6866
98633	98675	98710	6866
98934	98933	98986	6867
99454	99484	99560	6868
99769	99783	99804	6868
99998	100039	100090	6867
100546	100584	100603	6866
100839	100870	100921	6867
101155	101166	101189	6868
101695	101700	101730	6866
101920	101959	101971	6868
102205	102240	102284	6867
102531	102542	102535	6866
103052	103074	103086	6867
103337	103366	103329	6866
103575	103629	103605	6867
104166	104174	104168	6867
104422	104442	104421	6867
104716	104749	104681	6867
105047	105064	105043	6867
105577	105629	105549	6866
105835	105883	105767	6867
106109	106180	106036	6867
106634	106720	106519	6866
106832	107008	106822	6878
107112	107285	107012	6897
107516	107832	107426	6898
107569	108131	107504	6899
107569	108388	107506	6900
107569	108905	107510	6900
107570	109147	107511	6901
107571	109392	107511	6902
107572	109874	107512	6903
107572	110078	107512	6904
107572	110297	107512	6907
107572	110357	107513	6910
107572	110359	107513	6911
107573	110360	107514	6911
107573	110362	107514	6911
107573	110363	107514	6912
107573	110364	107515	6911
107573	110365	107515	6911
107573	110366	107515	6911
107573	110366	107515	6911
107573	110366	107516	6911
107572	110367	107516	6911
107573	110367	107516	6911
107573	110368	107517	6911
107573	110368	107517	6911
107573	110368	107517	6911
107573	110368	107517	6911
107573	110368	107518	6911
107573	110369	107518	6912
107573	110369	107518	6912
107573	110369	107518	6911
107573	110369	107518	6911
107573	110370	107518	6911
107573	110370	107519	6911
107573	110370	107519	6911
107573	110370	107519	6911
107573	110370	107519	6911
107573	110370	107519	6911
107573	110370	107519	6911
107573	110370	107519	6912
107573	110371	107519	6911
107573	110371	107519	6911
107573	110371	107520	6911
107573	110371	107519	6911
107573	110371	107520	6911
107573	110371	107520	6911
107573	110371	107520	6911
107573	110371	107520	6911
107573	110371	107520	6911
107573	110371	107520	6911
107573	110371	107520	6911
107573	110371	107520	6911
107573	110372	107520	6911
107573	110371	107521	6911
107573	110372	107521	6911
107573	110371	107520	6911
107573	110372	107521	6911
107573	110372	107521	6912
107573	110372	107521	6911
107573	110372	107521	6911
107573	110372	107520	6911
107573	110372	107521	6911
107573	110372	107521	6911
107574	110372	107521	6911
107573	110372	107521	6911
107573	110372	107521	6911
107574	110372	107521	6911
107573	110373	107521	6911
107573	110372	107521	6911
107573	110372	107521	6912
107574	110372	107521	6912
107574	110372	107521	6911
107574	110373	107521	6911
107573	110372	107521	6911
107574	110373	107521	6912
107573	110373	107521	6911
107574	110372	107521	6911
107574	110373	107521	6911
107573	110373	107521	6911
107573	110373	107521	6911
107574	110373	107521	6911
107574	110373	107521	6911
107574	110373	107521	6911
107574	110373	107522	6911
107574	110373	107521	6911
107573	110373	107522	6911
107574	110373	107521	6911
107574	110373	107521	6911
107574	110373	107521	6911
107574	110373	107521	6911
107573	110373	107522	6912
107574	110373	107522	6911
107574	110373	107521	6911
107574	110373	107522	6912
107574	110373	107522	6911
107574	110373	107521	6911
107574	110373	107522	6911
107573	110373	107521	6911
107574	110374	107521	6911
107574	110374	107522	6912
107573	110374	107522	6911
107574	110373	107522	6911
107574	110374	107522	6911
107574	110374	107522	6911
107574	110374	107522	6911
107574	110374	107522	6912
107574	110373	107522	6911
107574	110373	107522	6911
107574	110374	107522	6911
107574	110374	107522	6911
107574	110374	107522	6911
105076	108297	105219	6895
102573	105332	102567	6861
99571	102548	99600	6865
96596	99579	96655	6868
90412	93368	90467	6868
87590	90468	87548	6867
84877	87757	84891	6868
82127	84996	82110	6868
76169	79112	76166	6868
73227	76170	73221	6867
70541	73514	70562	6868
65259	68265	65274	6868
62585	65591	62496	6867
59803	62895	59810	6868
54241	57204	54231	6868
51326	54330	51287	6868
48642	51659	48579	6866
43285	46249	43243	6867
40531	43526	40434	6867
37656	40580	37570	6866
31840	34851	31798	6866
29189	32160	29105	6865
26434	29425	26340	6866
23448	26509	23379	6865
17714	20766	17639	6865
14782	17881	14770	6865
11910	14973	11839	6866
6480	9518	6402	6866
3368	6533	3290	6866
552	3587	636	6866
98	859	169	6867
100	129	173	6868
100	129	173	6867
-1000	-1000	-1000	-1000
100	129	173	6868
100	130	173	6867
100	130	173	6868
100	129	173	6867
