8	2	-7	53
8	2	-7	53
8	2	-7	53
8	2	-7	53
8	2	-7	53
24	11	25	53
799	849	819	54
1087	1085	1078	54
1331	1374	1350	55
1951	1971	1903	55
2196	2190	2262	54
2458	2480	2470	55
2830	2811	2772	55
3372	3367	3385	54
3656	3656	3647	55
3897	3928	3973	55
4502	4507	4522	55
4783	4779	4808	55
5040	5077	5028	55
5290	5327	5355	55
5880	5924	5889	54
6169	6199	6234	55
6478	6503	6474	55
6727	6752	6784	55
7311	7367	7319	55
7605	7622	7680	54
8127	8133	8180	55
8426	8468	8472	55
8710	8731	8701	55
8963	8980	9047	55
9549	9533	9559	54
9786	9858	9872	55
10165	10141	10116	55
10658	10677	10672	55
10973	10955	10959	55
11215	11276	11292	55
11555	11543	11543	55
12048	12092	12103	54
12367	12371	12339	55
12599	12645	12663	55
13190	13210	13207	55
13445	13492	13536	55
13799	13782	13759	55
14322	14328	14379	55
14628	14620	14604	55
14860	14897	14958	55
15430	15443	15450	55
15692	15692	15767	55
15977	16008	15975	55
16555	16543	16535	55
16856	16909	16861	55
17155	17163	17227	55
17454	17463	17436	54
17964	18008	18009	55
18309	18312	18278	54
18546	18566	18610	55
18846	18858	18841	55
19356	19393	19395	55
19698	19709	19649	55
19931	19933	19984	55
20518	20493	20518	55
20727	20798	20785	55
21083	21075	21040	55
21567	21604	21598	54
21900	21882	21882	55
22105	22159	22168	55
22719	22710	22737	55
22957	23016	23007	55
23305	23299	23254	55
23525	23567	23576	55
24109	24133	24124	55
24360	24404	24427	55
24725	24694	24650	55
25218	25211	25212	55
25475	25520	25476	55
25734	25759	25801	55
26318	26343	26347	55
26600	26608	26612	55
26886	26921	26874	55
27142	27180	27183	55
27709	27745	27679	55
28003	28004	27997	55
28296	28324	28277	55
28852	28869	28848	55
29097	29114	29113	55
29354	29387	29420	55
29927	29948	29994	55
30221	30257	30235	55
30518	30535	30505	55
31111	31120	31089	55
31353	31366	31388	55
31604	31669	31671	55
31978	31975	31909	55
32481	32527	32508	55
32808	32791	32782	55
33002	33087	33097	55
33636	33633	33656	55
33880	33935	33943	55
34220	34233	34192	55
34769	34751	34756	55
35023	35069	35046	55
35302	35346	35378	55
35631	35638	35580	55
36177	36190	36182	55
36409	36468	36472	55
36694	36754	36764	55
37016	37024	37024	55
37567	37580	37639	55
37818	37894	37838	55
38112	38138	38181	55
38661	38695	38675	55
38931	38971	38994	55
39236	39260	39227	55
39781	39824	39830	55
40100	40135	40071	55
40321	40370	40428	55
40912	40922	40949	55
41156	41214	41226	55
41475	41518	41461	55
42017	42062	42028	55
42308	42295	42337	55
42535	42620	42613	55
42868	42882	42853	55
43400	43442	43421	55
43705	43734	43717	55
43937	44034	44016	55
44538	44583	44618	55
44798	44845	44850	55
45121	45139	45142	55
45364	45445	45467	55
45922	45989	45979	55
46194	46217	46262	55
46521	46549	46523	55
47057	47070	47093	55
47319	47381	47352	55
47554	47628	47657	55
48120	48184	48183	55
48428	48445	48476	55
48670	48742	48707	55
49267	49291	49262	55
49497	49557	49567	55
49783	49831	49824	55
50274	50362	50378	55
50678	50701	50664	55
50943	50955	50949	55
51177	51239	51263	55
51726	51796	51836	55
52054	52097	52058	55
52360	52391	52376	55
52930	52970	52933	55
53234	53272	53273	55
53512	53592	53617	55
53902	53921	53946	55
54156	54232	54191	55
54758	54775	54756	55
54975	55012	55039	55
55275	55289	55318	55
55772	55840	55874	55
56119	56123	56118	55
56331	56381	56395	55
56915	56966	56932	55
57140	57223	57229	55
57495	57510	57514	55
57733	57798	57780	55
58334	58393	58366	55
58576	58627	58666	55
58893	58931	58940	55
59403	59463	59503	55
59688	59759	59720	55
59962	60009	60048	55
60516	60582	60562	55
60765	60840	60881	55
61079	61140	61096	55
61608	61659	61655	55
61884	61931	61919	55
62115	62179	62233	55
62688	62738	62789	55
62981	63036	63027	55
63262	63302	63284	55
63827	63863	63827	55
64076	64128	64153	55
64358	64400	64413	55
64868	64946	64994	55
65198	65247	65223	55
65460	65500	65519	55
66015	66066	66025	55
66258	66328	66354	55
66575	66608	66601	55
66834	66870	66879	55
67383	67440	67399	55
67651	67711	67749	55
67985	67995	68022	55
68487	68548	68586	55
68769	68833	68805	55
69041	69080	69135	55
69593	69613	69645	55
69852	69912	69934	55
70170	70227	70179	55
70723	70750	70752	55
71038	71040	71039	55
71243	71334	71362	55
71611	71621	71588	55
72094	72169	72154	55
72456	72476	72439	55
72727	72761	72779	55
73292	73357	73312	55
73538	73596	73617	55
73866	73893	73853	55
74106	74150	74150	55
74697	74747	74714	55
74942	74994	75028	55
75289	75294	75284	55
75793	75831	75853	55
76121	76146	76124	55
76372	76424	76433	55
76687	76705	76723	55
77220	77261	77308	55
77519	77546	77538	55
77771	77819	77828	55
78346	78392	78365	55
78612	78652	78694	55
78920	78924	78933	55
79195	79227	79224	55
79793	79800	79787	55
80037	80048	80077	55
80297	80338	80338	55
80914	80935	80957	55
81202	81225	81227	55
81469	81515	81459	55
81730	81782	81792	55
82355	82368	82372	55
82584	82627	82657	55
82935	82952	82905	55
83452	83507	83480	55
83759	83766	83752	55
83980	84030	84065	55
84320	84330	84282	55
84859	84898	84910	55
85163	85203	85136	55
85405	85454	85485	55
85996	86005	85982	55
86226	86280	86311	55
86558	86570	86496	55
87122	87112	87135	55
87370	87385	87374	55
87633	87706	87686	55
87956	87978	87942	55
88498	88508	88533	55
88750	88816	88774	55
89019	89090	89099	55
89592	89628	89660	55
89864	89909	89902	55
90179	90212	90194	55
90759	90772	90776	55
91020	91054	91032	55
91253	91313	91323	55
91605	91636	91594	55
92144	92180	92195	55
92478	92498	92442	55
92699	92748	92774	55
93289	93322	93287	55
93530	93582	93617	55
93864	93906	93835	55
94101	94131	94162	55
94675	94721	94666	55
94935	94980	95015	55
95237	95279	95228	55
95775	95804	95801	55
96048	96093	96051	55
96312	96381	96378	55
96846	96900	96880	55
97157	97178	97148	55
97408	97482	97750	55
97995	98028	97999	55
98228	98267	98271	55
98766	98842	98768	55
99042	99094	99121	55
99362	99394	99363	55
99609	99631	99647	55
100150	100209	100133	55
100391	100483	100452	55
100722	100773	100684	56
101206	101334	101163	60
101393	101640	101387	64
101637	101879	101557	74
101987	102446	101910	88
102139	102722	102152	92
102358	103026	102273	95
102433	103257	102286	96
102438	103782	102289	98
102439	104043	102290	99
102441	104297	102290	100
102446	104774	102290	105
102449	104990	102291	107
102453	105234	102290	110
102470	105499	102291	114
102474	105502	102291	115
102475	105504	102291	115
102475	105505	102291	116
102476	105507	102292	117
102477	105508	102291	117
102477	105509	102292	119
102477	105509	102292	119
102478	105511	102292	118
102478	105511	102292	119
102478	105512	102292	119
102478	105513	102292	119
102478	105513	102292	119
102478	105514	102292	119
102479	105514	102292	119
102479	105515	102292	119
102479	105515	102293	119
102479	105515	102293	119
102479	105516	102293	119
102479	105516	102292	119
102479	105517	102292	119
102479	105517	102293	119
102479	105517	102293	119
102479	105517	102293	119
102480	105518	102293	119
102479	105518	102293	119
102480	105518	102293	119
102480	105518	102293	119
102480	105519	102293	119
102480	105519	102293	119
102480	105519	102293	119
102480	105519	102293	119
102480	105519	102293	119
102480	105520	102293	119
102480	105519	102293	119
102480	105519	102293	119
102480	105520	102293	119
102480	105520	102294	119
102480	105520	102293	119
102480	105521	102293	119
102480	105521	102294	119
102481	105521	102294	119
102480	105521	102293	119
102480	105521	102294	119
102480	105521	102293	119
102480	105521	102294	119
102481	105521	102294	119
102480	105521	102294	119
102481	105521	102294	119
102481	105521	102294	119
102480	105521	102293	119
102480	105522	102294	119
102481	105522	102294	119
102481	105521	102294	119
102481	105522	102294	119
102481	105522	102294	120
102481	105522	102294	119
102481	105522	102294	119
102481	105522	102294	119
102481	105522	102294	119
102481	105522	102294	119
102481	105522	102294	119
102481	105522	102294	119
102481	105522	102294	119
102481	105522	102294	119
102481	105522	102294	119
102481	105522	102294	119
102481	105522	102294	119
102481	105522	102294	119
102481	105522	102294	119
102481	105522	102294	119
102481	105522	102294	119
102481	105522	102294	119
102481	105523	102294	119
102481	105522	102294	119
102481	105523	102294	119
102481	105523	102294	119
102481	105523	102294	119
102481	105523	102294	119
102481	105523	102294	119
102482	105523	102294	119
102482	105523	102294	119
102482	105523	102294	119
102482	105523	102295	119
102482	105523	102294	119
102482	105523	102294	119
102482	105523	102294	119
102482	105524	102294	119
102482	105523	102294	119
102482	105523	102295	119
102482	105523	102294	119
102482	105523	102294	119
102482	105523	102294	119
102482	105523	102294	119
102482	105523	102294	119
102482	105524	102294	119
102482	105524	102294	119
102482	105524	102294	119
102482	105524	102295	119
102482	105523	102294	119
102482	105524	102295	119
102483	105523	102295	119
100056	103391	100656	111
97359	100381	97542	66
91754	94950	92056	70
88635	91812	88970	70
85920	89131	86236	70
83170	86381	83606	69
77741	80926	78119	66
74905	77998	75203	66
72152	75300	72485	65
66510	69712	66820	64
63591	66784	63960	64
60975	64185	61267	64
57796	60990	58145	63
52206	55392	52492	63
49480	52653	49793	63
46851	49918	47105	63
41399	44523	41620	62
38677	41833	38957	62
35989	39165	36208	62
30397	33548	30617	62
27648	30815	27986	62
24991	28172	25169	62
19176	22379	19472	62
16469	19649	16700	62
13742	16982	14009	62
8116	11343	8334	62
5485	8614	5657	62
2499	5724	2831	62
54	400	82	61
-1000	-1000	-1000	-1000
55	95	83	63
56	96	83	62
57	97	83	62
59	97	83	62
60	97	83	62
60	97	83	62
60	97	83	180
60	97	83	286
60	96	83	482
60	96	84	833
60	96	84	975
60	96	83	1091
60	97	83	1214
60	97	83	1411
60	97	83	1457
60	96	83	1461
60	96	83	1417
60	96	83	1417
60	96	83	1418
60	97	83	1418
60	97	83	1418
80	102	109	1418
798	845	829	1418
1005	1027	989	1418
1291	1305	1339	1418
1644	1654	1697	1419
2176	2167	2258	1419
2473	2479	2494	1419
2747	2736	2720	1419
3361	3300	3294	1419
3566	3557	3628	1419
3842	3833	3860	1419
4145	4123	4135	1419
4714	4688	4664	1419
4939	4946	4990	1419
5213	5189	5226	1419
5756	5777	5818	1419
6095	6069	6065	1419
6321	6335	6361	1420
6933	6903	6901	1419
7164	7185	7213	1419
7484	7482	7478	1419
7987	8008	8026	1419
8315	8308	8280	1419
8561	8570	8608	1419
9116	9104	9107	1419
9343	9367	9412	1420
9726	9690	9671	1419
9968	9951	9995	1419
10547	10505	10512	1420
10725	10774	10790	1419
11094	11067	11044	1420
11606	11608	11641	1420
11945	11946	11894	1419
12150	12184	12217	1419
12728	12742	12732	1420
12979	12988	13009	1420
13286	13305	13263	1420
13550	13564	13594	1419
14149	14126	14118	1420
14345	14378	14437	1420
14696	14677	14651	1419
15224	15224	15249	1420
15487	15523	15490	1419
15769	15785	15854	1420
16307	16316	16353	1419
16603	16607	16611	1419
16833	16887	16845	1420
17423	17435	17392	1419
17667	17676	17719	1420
17956	17976	17967	1419
18476	18519	18539	1420
18802	18806	18768	1420
19024	19046	19067	1420
19627	19662	19605	1419
19880	19900	19939	1420
20185	20202	20146	1420
20682	20739	20704	1420
20996	21003	20978	1420
21216	21253	21308	1420
21536	21551	21528	1420
22054	22121	22120	1420
22393	22400	22365	1420
22659	22670	22711	1420
23206	23228	23216	1419
23456	23517	23513	1420
23803	23798	23757	1420
24332	24359	24375	1420
24635	24647	24601	1420
24879	24931	24958	1420
25215	25197	25172	1420
25712	25725	25738	1420
25979	26007	25992	1420
26276	26325	26334	1420
26837	26879	26853	1420
27110	27143	27162	1420
27430	27448	27434	1420
28010	28007	28025	1420
28264	28311	28272	1420
28525	28558	28582	1420
29091	29131	29121	1420
29375	29387	29419	1420
29654	29692	29644	1420
30205	30237	30208	1419
30471	30467	30482	1420
30706	30752	30760	1419
31055	31064	31020	1420
31597	31612	31592	1420
31878	31900	31865	1420
32121	32165	32208	1420
32665	32703	32732	1420
32972	33004	33016	1420
33249	33274	33228	1420
33839	33848	33820	1420
34089	34100	34103	1420
34356	34402	34407	1419
34927	34968	34987	1419
35246	35236	35245	1420
35526	35537	35478	1420
35783	35822	35820	1420
36351	36366	36386	1420
36624	36645	36638	1420
36913	36937	36923	1420
37487	37482	37477	1419
37736	37783	37777	1420
38015	38034	38071	1419
38357	38360	38346	1420
38903	38900	38925	1420
39152	39171	39159	1420
39401	39446	39490	1420
39992	39988	40022	1420
40288	40294	40333	1420
40595	40616	40576	1420
41138	41143	41136	1419
41400	41407	41400	1420
41676	41686	41738	1420
41988	42007	41972	1420
42516	42569	42564	1420
42854	42836	42811	1420
43045	43106	43134	1420
43633	43645	43673	1420
43897	43953	43929	1420
44197	44231	44209	1420
44779	44780	44775	1420
45021	45035	45060	1420
45299	45336	45351	1420
45853	45884	45931	1420
46165	46157	46173	1420
46431	46461	46449	1420
46693	46736	46765	1420
47275	47311	47316	1420
47535	47566	47603	1420
47834	47868	47856	1420
48398	48412	48404	1420
48650	48684	48702	1420
48925	48958	48972	1420
49463	49507	49535	1420
49774	49793	49778	1419
50023	50022	50066	1420
50592	50588	50567	1420
50831	50868	50912	1420
51156	51169	51178	1419
51419	51437	51451	1420
52012	52012	51998	1420
52238	52252	52301	1420
52535	52547	52561	1419
52826	52852	52842	1420
53431	53446	53456	1419
53717	53725	53724	1420
53967	53997	54062	1420
54588	54583	54611	1419
54828	54881	54923	1420
55157	55154	55143	1420
55703	55677	55717	1420
55935	55962	55986	1420
56223	56243	56301	1420
56507	56529	56511	1420
57084	57087	57115	1420
57340	57378	57385	1419
57666	57704	57732	1420
58201	58223	58246	1420
58465	58480	58554	1420
58770	58780	58781	1420
59036	59059	59109	1420
59590	59631	59649	1420
59854	59886	59954	1419
60196	60206	60228	1420
60724	60743	60814	1419
61033	61051	61046	1420
61254	61294	61389	1420
61836	61841	61892	1420
62097	62122	62173	1420
62391	62402	62413	1420
62969	62970	62979	1419
63203	63207	63261	1420
63473	63488	63540	1420
63774	63797	63789	1420
64362	64380	64415	1419
64657	64693	64680	1420
64905	64956	65017	1420
65486	65499	65528	1419
65746	65795	65836	1420
66059	66075	66065	1420
66603	66619	66652	1420
66846	66873	66885	1420
67136	67179	67236	1420
67420	67463	67444	1420
68011	68008	68061	1420
68247	68304	68304	1420
68555	68607	68648	1420
69112	69129	69171	1420
69383	69422	69450	1420
69669	69696	69704	1420
69932	69985	70026	1420
70502	70535	70554	1420
70758	70807	70829	1420
71095	71107	71093	1420
71623	71633	71636	1420
71881	71915	71923	1420
72103	72174	72185	1420
72649	72723	72742	1420
72986	73008	73015	1419
73243	73287	73284	1420
73798	73837	73816	1419
74122	74165	74171	1420
74403	74424	74450	1419
74693	74763	74725	1420
75278	75286	75284	1420
75515	75548	75565	1420
75805	75824	75876	1419
76326	76366	76412	1420
76661	76677	76707	1420
76900	76966	76930	1420
77479	77519	77510	1420
77720	77765	77785	1420
78041	78064	78104	1419
78308	78370	78329	1419
78894	78908	78923	1419
79162	79195	79207	1420
79420	79484	79509	1419
79977	80016	80059	1419
80264	80287	80290	1419
80547	80585	80580	1420
81124	81164	81134	1420
81375	81402	81452	1419
81649	81684	81675	1420
81950	81989	81997	1420
82513	82535	82513	1420
82758	82782	82821	1419
83015	83058	83060	1420
83541	83627	83662	1420
83896	83928	83921	1419
84164	84189	84199	1420
84737	84760	84744	1420
84970	85043	85064	1420
85301	85311	85355	1420
85569	85639	85611	1420
86152	86165	86166	1420
86374	86429	86437	1420
86937	87008	86966	1420
87176	87253	87291	1420
87521	87550	87545	1420
87739	87801	87806	1420
88325	88401	88377	1420
88575	88658	88686	1419
88902	88937	88953	1420
89130	89210	89141	1420
89782	89829	89792	1420
90021	90070	90099	1420
90313	90373	90374	1420
90826	90900	90947	1420
91160	91204	91180	1420
91409	91446	91477	1420
91996	92050	91999	1420
92313	92345	92380	1420
92575	92652	92625	1420
92903	92950	92903	1420
93453	93483	93463	1420
93702	93753	93743	1419
93957	94040	94042	1419
94525	94607	94611	1420
94844	94872	94872	1420
95095	95185	95145	1420
95364	95448	95463	1420
95948	96014	96003	1420
96246	96308	96323	1419
96545	96617	96557	1420
96801	96904	96871	1420
97391	97503	97415	1420
97673	97749	97758	1420
97965	98033	97997	1420
98516	98585	98574	1420
98792	98888	98816	1420
99087	99161	99163	1420
99626	99696	99665	1420
99890	99984	99974	1419
100213	100270	100208	1419
100755	100803	100783	1420
101011	101083	101008	1420
101265	101344	101328	1422
101841	101857	101842	1432
102134	102107	102081	1433
102417	102300	102306	1438
102667	102540	102503	1448
103251	102978	102822	1453
103469	103119	103032	1455
103736	103163	103082	1458
104199	103172	103083	1465
104440	103178	103083	1468
104635	103183	103084	1472
104732	103189	103084	1474
104734	103193	103084	1474
104735	103194	103084	1475
104735	103194	103084	1475
104735	103195	103084	1475
104735	103196	103084	1475
104735	103196	103084	1475
104736	103197	103084	1475
104736	103197	103085	1475
104737	103197	103084	1475
104737	103198	103084	1476
104737	103198	103084	1476
104737	103198	103085	1475
104737	103198	103085	1475
104737	103199	103085	1475
104737	103199	103085	1475
104737	103199	103085	1475
104738	103199	103085	1476
104738	103199	103085	1476
104738	103199	103085	1476
104738	103199	103085	1475
104738	103200	103085	1475
104738	103199	103085	1476
104739	103200	103085	1475
104739	103200	103085	1476
104738	103200	103085	1475
104739	103200	103085	1476
104738	103200	103085	1475
104739	103200	103085	1475
104739	103200	103085	1475
104739	103200	103085	1475
104739	103200	103085	1476
104739	103200	103085	1475
104739	103200	103085	1475
104739	103200	103085	1476
104739	103201	103086	1476
104739	103201	103085	1476
104739	103200	103086	1475
104739	103201	103085	1476
104739	103201	103086	1476
104739	103201	103086	1475
104739	103201	103085	1475
104739	103201	103086	1475
104739	103201	103085	1476
104740	103201	103085	1475
104739	103201	103085	1476
104740	103201	103086	1476
104740	103201	103085	1476
104739	103201	103086	1475
104739	103201	103086	1475
104740	103201	103086	1475
104740	103201	103086	1475
104740	103201	103086	1475
104740	103201	103085	1475
104740	103201	103086	1475
104740	103201	103086	1475
104740	103202	103086	1475
104740	103202	103086	1475
104740	103202	103086	1475
104740	103202	103086	1475
104740	103201	103086	1476
104740	103201	103086	1475
104740	103202	103086	1475
104740	103202	103086	1476
104740	103202	103086	1476
104740	103203	103086	1475
104740	103203	103086	1476
104740	103203	103086	1475
104740	103203	103086	1475
104740	103203	103086	1476
104740	103203	103086	1476
104740	103203	103086	1475
104740	103204	103086	1475
104740	103204	103086	1476
104740	103204	103086	1475
104740	103204	103086	1475
104740	103204	103086	1476
104740	103204	103086	1476
104740	103204	103086	1475
104741	103204	103086	1476
104740	103205	103086	1475
104740	103205	103086	1475
104740	103205	103086	1475
104740	103204	103086	1475
104740	103205	103086	1475
104740	103205	103086	1475
104740	103205	103086	1475
104740	103205	103086	1476
104740	103205	103086	1475
104740	103205	103086	1476
104740	103205	103086	1475
104741	103205	103086	1475
104740	103206	103086	1475
104740	103205	103086	1475
104741	103205	103086	1475
104740	103205	103086	1475
104741	103206	103086	1475
104740	103205	103086	1476
104740	103205	103086	1476
104741	103206	103086	1476
104741	103206	103086	1475
104741	103206	103086	1475
99757	98363	98324	1413
96820	95630	95435	1413
94176	92901	92747	1415
88331	87110	86906	1412
85646	84401	84186	1415
82891	81681	81471	1414
80190	78957	78698	1414
74581	73349	73145	1415
71849	70630	70511	1414
66390	65261	65025	1415
63507	62364	62131	1415
60799	59652	59412	1415
58041	56895	56664	1414
52627	51545	51256	1415
49966	48796	48472	1413
47078	45913	45607	1415
41687	40485	40228	1415
38974	37793	37491	1414
36225	35049	34739	1415
30467	29282	28991	1415
27755	26559	26247	1415
25036	23851	23480	1415
19591	18403	18077	1414
16703	15517	15242	1415
14028	12778	12510	1415
8597	7357	7119	1414
5639	4470	4171	1415
2764	1615	1281	1415
-1000	-1000	-1000	-1000
129	91	88	1416
60	95	92	1423
60	95	92	1423
61	95	92	1423
62	95	92	1422
62	95	91	1422
62	95	92	1485
62	95	92	1584
62	95	92	1955
62	95	93	2110
62	95	92	2261
62	95	92	2516
62	95	92	2621
62	95	92	2758
62	95	91	2909
62	95	91	2888
62	95	92	2828
62	96	92	2814
62	95	92	2802
62	95	91	2810
62	95	92	2812
87	101	118	2812
453	326	397	2812
807	831	852	2813
1013	1025	967	2813
1631	1637	1615	2811
1830	1883	1829	2812
2158	2129	2235	2812
2716	2702	2713	2812
2981	3007	3033	2813
3324	3283	3241	2811
3847	3826	3818	2811
4134	4110	4111	2811
4406	4404	4450	2811
4727	4682	4653	2812
5211	5191	5222	2812
5523	5475	5486	2811
5775	5776	5810	2813
6346	6332	6353	2813
6606	6597	6613	2811
6933	6878	6876	2812
7467	7440	7424	2812
7725	7703	7721	2812
7977	7981	8005	2812
8534	8533	8578	2812
8834	8809	8794	2814
9121	9080	9106	2812
9724	9653	9646	2812
9925	9910	9961	2813
10224	10188	10192	2812
10729	10741	10765	2813
11103	11039	11020	2812
11310	11287	11320	2813
11598	11561	11572	2813
12120	12118	12151	2813
12486	12460	12437	2813
12726	12698	12722	2812
13310	13294	13267	2813
13574	13546	13608	2812
13856	13839	13853	2812
14177	14111	14127	2812
14736	14699	14707	2811
14986	14967	15002	2811
15237	15235	15281	2812
15793	15777	15861	2811
16101	16069	16059	2811
16331	16315	16358	2812
16923	16917	16886	2811
17196	17184	17247	2812
17488	17461	17449	2812
17738	17712	17738	2811
18361	18315	18287	2812
18590	18575	18616	2813
19136	19083	19105	2811
19375	19386	19395	2812
19705	19665	19623	2812
20216	20202	20166	2813
20493	20450	20492	2812
20725	20751	20728	2811
21309	21291	21340	2811
21570	21584	21570	2812
21874	21813	21853	2811
22452	22420	22378	2812
22696	22673	22714	2811
22938	22951	22936	2811
23242	23227	23203	2810
23846	23819	23783	2810
24094	24099	24104	2814
24352	24373	24368	2812
24895	24924	24945	2811
25213	25183	25152	2811
25443	25462	25467	2811
26028	26011	25995	2811
26281	26300	26322	2812
26598	26575	26571	2812
27100	27098	27119	2811
27411	27404	27371	2813
27649	27667	27683	2813
28255	28273	28255	2812
28543	28557	28561	2812
28874	28858	28846	2813
29112	29115	29122	2812
29711	29697	29647	2813
29952	29934	29984	2812
30226	30229	30221	2812
30546	30502	30502	2813
31147	31133	31124	2812
31442	31403	31404	2812
31703	31721	31733	2815
32033	31993	31970	2813
32581	32590	32614	2812
32928	32876	32868	2811
33158	33154	33173	2811
33708	33690	33678	2811
33944	33955	33978	2811
34303	34266	34232	2811
34834	34798	34834	2811
35120	35107	35066	2811
35383	35368	35390	2811
35693	35659	35615	2811
36237	36223	36232	2811
36527	36515	36503	2811
36789	36781	36807	2811
37348	37352	37329	2812
37627	37605	37664	2811
37928	37911	37878	2812
38179	38154	38196	2811
38772	38746	38708	2812
39014	39012	39044	2813
39322	39295	39301	2812
39844	39875	39885	2812
40208	40169	40129	2811
40442	40403	40456	2813
40981	40912	40963	2813
41229	41230	41243	2812
41579	41536	41499	2811
42056	42064	42062	2811
42380	42313	42338	2814
42633	42643	42658	2812
42953	42923	42896	2811
43487	43499	43520	2812
43843	43811	43766	2812
44077	44063	44076	2811
44615	44599	44631	2812
44879	44886	44902	2812
45226	45179	45165	2811
45448	45453	45472	2813
46025	46025	46000	2810
46279	46264	46301	2811
46604	46565	46552	2811
47110	47091	47137	2811
47410	47397	47373	2812
47676	47664	47701	2811
48235	48230	48223	2812
48521	48493	48544	2812
48815	48805	48770	2812
49352	49331	49344	2812
49616	49614	49609	2812
49912	49892	49941	2813
50226	50208	50183	2811
50773	50792	50800	2812
51120	51071	51038	2812
51351	51317	51377	2813
51610	51626	51593	2813
52180	52170	52204	2811
52504	52461	52451	2812
52748	52708	52772	2812
53336	53274	53285	2813
53555	53564	53594	2812
53877	53842	53831	2812
54373	54375	54423	2812
54719	54644	54666	2813
54929	54936	54987	2811
55532	55514	55527	2811
55789	55763	55816	2811
56133	56085	56087	2812
56372	56365	56383	2811
56944	56946	56917	2811
57188	57186	57231	2812
57510	57489	57479	2812
58038	58009	58046	2812
58316	58311	58285	2812
58573	58545	58595	2813
59138	59116	59139	2814
59413	59378	59407	2813
59672	59662	59654	2813
60274	60266	60269	2812
60556	60508	60535	2813
60820	60806	60853	2813
61138	61101	61069	2812
61662	61667	61674	2813
61981	61931	61935	2812
62225	62192	62245	2813
62782	62722	62781	2813
63037	63059	63046	2812
63392	63338	63311	2812
63902	63892	63878	2812
64196	64159	64161	2812
64431	64433	64447	2811
65004	64965	65006	2811
65272	65259	65254	2812
65534	65498	65521	2811
65814	65821	65831	2812
66371	66361	66398	2811
66660	66634	66657	2810
66928	66901	66912	2810
67510	67467	67436	2811
67730	67724	67756	2812
68027	67982	68022	2812
68582	68576	68621	2813
68923	68887	68900	2812
69181	69161	69187	2812
69463	69457	69498	2812
70034	70024	70061	2812
70356	70317	70358	2811
70634	70622	70601	2811
71177	71170	71150	2812
71483	71452	71471	2815
71735	71734	71765	2812
72069	72050	72023	2811
72569	72580	72567	2811
72884	72876	72840	2812
73133	73132	73156	2811
73683	73663	73697	2811
73943	73959	73935	2812
74274	74270	74234	2812
74537	74535	74576	2815
75131	75112	75101	2812
75361	75397	75404	2810
75719	75685	75655	2812
76224	76218	76241	2812
76498	76514	76472	2812
76759	76790	76803	2813
77310	77320	77330	2811
77589	77606	77623	2811
77868	77896	77849	2811
78134	78167	78183	2813
78725	78755	78739	2811
79008	79030	79063	2811
79351	79340	79327	2810
79610	79604	79625	2810
80189	80195	80156	2811
80427	80445	80471	2814
80724	80744	80716	2813
81249	81266	81264	2811
81545	81560	81504	2812
81771	81797	81798	2815
82368	82367	82380	2811
82629	82638	82662	2811
82951	82957	82910	2812
83474	83513	83508	2810
83809	83812	83781	2810
84065	84078	84117	2811
84361	84378	84358	2811
84903	84954	84965	2811
85262	85240	85212	2814
85500	85534	85526	2811
86097	86064	86025	2812
86281	86332	86352	2812
86624	86598	86555	2811
87141	87134	87161	2811
87438	87433	87414	2812
87684	87727	87731	2811
88004	87993	87973	2810
88539	88557	88553	2811
88847	88856	88815	2813
89111	89131	89139	2811
89668	89704	89691	2810
89921	89960	89964	2810
90252	90254	90229	2810
90784	90786	90797	2811
91066	91081	91035	2812
91299	91327	91347	2813
91926	91892	91905	2813
92143	92193	92191	2811
92512	92517	92451	2811
92777	92776	92791	2812
93356	93357	93313	2812
93600	93614	93641	2811
93916	93926	93899	2811
94432	94452	94460	2812
94732	94739	94673	2812
94976	94987	95027	2811
95291	95298	95266	2812
95806	95858	95860	2813
96174	96141	96099	2811
96452	96466	96459	2811
96750	96769	96784	2811
97310	97339	97352	2811
97621	97591	97594	2811
97836	97875	97847	2810
98475	98461	98420	2812
98698	98723	98710	2811
99002	98997	99013	2811
99262	99310	99245	2812
99854	99847	99820	2810
100123	100146	100104	2812
100382	100409	100412	2812
100950	100946	100940	2811
101224	101239	101216	2812
101508	101516	101465	2815
102101	102094	102056	2812
102355	102341	102349	2811
102605	102644	102590	2811
102913	102944	102872	2815
103452	103478	103295	2813
103695	103752	103604	2819
103952	104060	103732	2848
104388	104497	104123	2872
104567	104730	104260	2877
104762	104902	104420	2883
104828	105131	104453	2890
104829	105579	104453	2897
104831	105756	104453	2902
104833	105972	104453	2906
104836	106046	104453	2912
104836	106047	104453	2912
104836	106048	104453	2913
104837	106049	104453	2913
104837	106049	104454	2913
104837	106050	104453	2913
104837	106051	104454	2913
104837	106051	104453	2914
104838	106051	104454	2913
104838	106051	104454	2913
104838	106051	104454	2914
104838	106052	104454	2914
104838	106052	104453	2914
104838	106052	104454	2914
104838	106053	104454	2913
104838	106053	104454	2914
104838	106053	104454	2914
104838	106053	104454	2913
104838	106053	104454	2913
104839	106053	104454	2914
104838	106053	104454	2914
104838	106053	104454	2914
104838	106053	104454	2913
104839	106053	104454	2914
104838	106054	104454	2914
104838	106054	104454	2913
104839	106054	104454	2914
104838	106054	104454	2914
104838	106054	104454	2914
104839	106054	104454	2914
104838	106054	104454	2914
104838	106054	104454	2914
104839	106054	104454	2914
104839	106054	104454	2914
104839	106054	104454	2914
104839	106055	104454	2914
104839	106055	104454	2914
104839	106055	104454	2914
104839	106055	104454	2914
104839	106055	104454	2914
104839	106055	104454	2914
104839	106055	104454	2913
104839	106055	104454	2914
104839	106055	104454	2914
104839	106055	104454	2914
104839	106055	104454	2913
104839	106055	104454	2913
104839	106055	104454	2914
104839	106055	104454	2914
104839	106055	104454	2913
104839	106055	104454	2914
104839	106055	104454	2914
104839	106055	104454	2913
104839	106056	104454	2914
104839	106056	104454	2914
104839	106056	104454	2913
104839	106056	104454	2914
104839	106056	104454	2914
104839	106056	104454	2913
104839	106056	104454	2914
104839	106056	104454	2914
104839	106056	104454	2914
104839	106056	104454	2914
104839	106056	104454	2914
104840	106056	104454	2913
104839	106056	104454	2914
104839	106056	104454	2914
104840	106056	104454	2913
104840	106056	104454	2914
104839	106056	104454	2914
104839	106056	104454	2914
104840	106056	104454	2914
104839	106056	104454	2913
104840	106056	104454	2914
104840	106056	104454	2913
104840	106056	104454	2914
104840	106056	104454	2913
104839	106057	104454	2914
104839	106057	104454	2913
104840	106056	104454	2914
104840	106057	104454	2913
104840	106057	104454	2914
104840	106057	104454	2913
104840	106057	104454	2913
104840	106057	104454	2914
104840	106057	104454	2913
104840	106057	104454	2913
104840	106057	104454	2913
104840	106057	104454	2914
104840	106057	104454	2913
104840	106057	104454	2913
104840	106057	104454	2913
104840	106057	104454	2913
104839	106057	104454	2914
104840	106058	104454	2913
104840	106058	104454	2914
104840	106058	104454	2913
104840	106057	104454	2913
104840	106058	104454	2914
104840	106058	104454	2913
104840	106058	104454	2913
102408	104417	103008	2901
99901	101255	99922	2826
94078	95707	94301	2811
91392	92978	91598	2813
88434	90060	88643	2812
83010	84580	83196	2813
80292	81903	80509	2813
77380	78997	77565	2811
71948	73540	72154	2812
69337	70770	69458	2812
66574	68035	66730	2811
60786	62280	60871	2812
57853	59418	58045	2812
55218	56658	55341	2812
49600	51061	49762	2812
46854	48318	46994	2812
43914	45436	44106	2812
41209	42744	41450	2813
35405	36971	35710	2813
32666	34239	32950	2813
29754	31348	30044	2813
24125	25738	24496	2813
21436	23029	21838	2813
18694	20296	19059	2813
15784	17424	16190	2813
10354	12023	10757	2813
7462	9049	7927	2813
4562	6215	5015	2813
60	771	100	2813
68	96	102	2817
70	97	103	2818
71	98	102	2816
71	98	103	2816
-1000	-1000	-1000	-1000
71	98	103	2816
71	98	102	2816
71	98	103	2816
71	98	102	2816
71	98	103	2816
70	98	102	2891
71	98	103	2988
71	98	103	3150
71	98	103	3355
71	98	102	3675
71	97	102	3789
71	98	102	3923
71	98	102	4180
71	98	101	4287
71	98	101	4357
71	98	101	4340
71	98	101	4245
71	98	101	4228
71	98	101	4234
71	98	101	4238
71	98	101	4239
94	103	126	4240
346	263	283	4240
955	1023	951	4240
1303	1311	1354	4240
1608	1624	1601	4240
2136	2140	2230	4240
2425	2442	2402	4241
2668	2685	2701	4241
3262	3270	3229	4242
3510	3538	3597	4242
3821	3824	3815	4242
4332	4391	4402	4242
4642	4660	4615	4242
4897	4941	4976	4242
5206	5201	5233	4241
5718	5772	5800	4242
6066	6059	6042	4242
6288	6331	6342	4241
6899	6931	6902	4241
7131	7184	7208	4243
7468	7481	7479	4242
7705	7741	7743	4240
8323	8360	8316	4242
8553	8587	8624	4242
8839	8860	8873	4242
9335	9404	9424	4244
9698	9710	9678	4244
9928	9947	10005	4241
10531	10546	10531	4241
10722	10804	10822	4241
11095	11095	11054	4241
11594	11627	11645	4243
11914	11957	11900	4244
12136	12195	12222	4244
12481	12503	12468	4244
12997	13025	13042	4243
13293	13328	13283	4242
13535	13563	13600	4243
14092	14114	14113	4244
14354	14402	14454	4245
14681	14688	14658	4245
15224	15250	15269	4241
15483	15534	15497	4243
15781	15814	15871	4241
16082	16091	16091	4244
16636	16670	16702	4241
16958	16992	16954	4243
17213	17236	17267	4240
17785	17813	17788	4241
18042	18095	18093	4241
18367	18365	18340	4242
18886	18912	18919	4242
19183	19186	19172	4241
19443	19470	19501	4242
20010	20024	20032	4243
20267	20297	20289	4241
20598	20589	20564	4243
21140	21148	21155	4242
21445	21460	21441	4242
21668	21706	21746	4244
22019	22042	22028	4242
22545	22585	22622	4238
22866	22886	22851	4239
23120	23138	23172	4240
23715	23731	23698	4240
23976	23992	24060	4242
24293	24277	24269	4242
24806	24812	24846	4241
25074	25091	25054	4243
25357	25370	25437	4242
25655	25650	25659	4242
26169	26224	26241	4241
26515	26503	26493	4239
26760	26782	26813	4241
27304	27319	27333	4244
27578	27597	27652	4243
27913	27903	27895	4241
28194	28195	28240	4244
28779	28759	28769	4241
29008	29032	29073	4241
29586	29582	29603	4238
29832	29842	29900	4238
30163	30156	30140	4238
30413	30407	30457	4240
30979	30950	30968	4240
31198	31221	31252	4243
31554	31508	31496	4243
32056	32055	32066	4240
32354	32339	32325	4241
32586	32614	32667	4241
33171	33165	33177	4242
33449	33438	33471	4240
33752	33731	33700	4242
34318	34310	34289	4243
34570	34542	34565	4241
34881	34877	34925	4241
35211	35171	35140	4243
35722	35705	35689	4242
35968	35979	35963	4241
36299	36301	36331	4243
36596	36566	36572	4243
37135	37132	37158	4242
37421	37414	37383	4240
37692	37676	37731	4243
38235	38210	38235	4242
38514	38523	38552	4240
38826	38798	38782	4240
39341	39349	39365	4242
39645	39618	39623	4240
39871	39905	39931	4241
40465	40437	40488	4240
40710	40730	40750	4240
41060	41016	41012	4241
41577	41576	41554	4241
41833	41816	41862	4241
42069	42096	42102	4241
42614	42646	42668	4241
42937	42937	42909	4241
43220	43197	43214	4239
43465	43512	43523	4240
44054	44063	44082	4240
44338	44332	44328	4241
44606	44604	44629	4244
45213	45170	45181	4243
45412	45439	45469	4241
45728	45679	45722	4243
46261	46264	46323	4243
46608	46564	46581	4244
46838	46836	46852	4240
47394	47392	47380	4242
47634	47645	47692	4241
47957	47935	47944	4240
48189	48191	48208	4237
48764	48778	48760	4240
49017	49027	49063	4241
49336	49328	49326	4241
49839	49839	49877	4242
50158	50155	50130	4241
50389	50393	50450	4241
50963	50927	50961	4240
51201	51227	51242	4243
51568	51554	51523	4241
52073	52083	52067	4242
52363	52337	52348	4241
52589	52609	52645	4242
53200	53185	53220	4241
53470	53496	53487	4244
53779	53763	53741	4243
54318	54319	54306	4241
54576	54547	54592	4243
54837	54883	54893	4242
55167	55147	55120	4241
55748	55721	55742	4241
55991	56005	55997	4241
56261	56289	56307	4243
56802	56822	56844	4240
57096	57103	57095	4243
57337	57352	57342	4242
57905	57929	57886	4241
58176	58192	58223	4241
58472	58490	58509	4241
58776	58787	58766	4242
59367	59360	59362	4242
59602	59625	59635	4239
59865	59905	59919	4244
60456	60458	60490	4245
60716	60746	60752	4244
61005	61006	61001	4243
61573	61557	61550	4244
61839	61833	61864	4242
62101	62135	62151	4240
62638	62654	62718	4240
62971	62960	62951	4243
63209	63209	63238	4241
63494	63520	63540	4242
63844	63845	63805	4241
64377	64401	64414	4241
64693	64712	64670	4241
64941	64959	65009	4240
65504	65507	65524	4241
65800	65818	65850	4243
66127	66112	66103	4241
66649	66633	66665	4241
66897	66916	66919	4240
67184	67206	67257	4239
67742	67752	67777	4243
68031	68020	68070	4243
68381	68375	68379	4244
68631	68652	68676	4241
69182	69206	69217	4242
69465	69486	69528	4244
69793	69780	69786	4242
70044	70052	70072	4243
70622	70632	70604	4242
70890	70894	70946	4242
71170	71193	71175	4242
71673	71714	71741	4242
72022	72000	71982	4241
72249	72256	72293	4240
72808	72820	72820	4241
73088	73072	73115	4241
73369	73387	73369	4237
73932	73931	73927	4240
74196	74204	74198	4240
74465	74466	74503	4243
75010	75007	75045	4241
75302	75290	75300	4243
75575	75548	75555	4242
76135	76124	76099	4241
76353	76372	76404	4240
76674	76669	76692	4243
76934	76963	76934	4243
77534	77538	77520	4243
77762	77778	77801	4242
78068	78084	78107	4242
78623	78636	78684	4242
78915	78909	78909	4241
79170	79163	79200	4241
79764	79748	79726	4241
80006	80016	80050	4241
80288	80309	80294	4241
80567	80580	80579	4244
81159	81163	81136	4241
81406	81408	81449	4241
81674	81694	81691	4242
82213	82260	82277	4242
82553	82544	82541	4244
82802	82801	82822	4243
83374	83361	83342	4243
83578	83631	83654	4242
83906	83905	83891	4242
84408	84463	84473	4240
84764	84764	84745	4242
84983	85039	85051	4244
85544	85585	85562	4243
85786	85836	85882	4241
86130	86134	86085	4241
86652	86655	86665	4242
86888	86941	86910	4241
87157	87215	87239	4244
87719	87775	87777	4241
88032	88051	88057	4242
88286	88358	88313	4242
88874	88907	88871	4241
89134	89173	89152	4242
89420	89441	89430	4242
89671	89732	89721	4241
90264	90278	90269	4240
90504	90544	90549	4244
90784	90804	90831	4242
91323	91362	91417	4241
91644	91669	91655	4242
91903	91908	91927	4240
92154	92218	92237	4242
92760	92787	92817	4240
93036	93096	93097	4241
93386	93426	93383	4241
93923	93965	93969	4241
94195	94235	94209	4241
94457	94539	94555	4242
95037	95071	95088	4240
95314	95355	95364	4240
95588	95629	95607	4242
96160	96166	96142	4241
96385	96442	96463	4242
96686	96693	96684	4243
97223	97276	97275	4240
97538	97540	97505	4239
97763	97807	97800	4239
98326	98369	98308	4244
98601	98654	98597	4243
98924	98928	98856	4241
99153	99200	99165	4243
99709	99752	99669	4240
99962	100025	99947	4241
100323	100334	100245	4244
100837	100897	100771	4246
101160	101182	101016	4244
101428	101447	101319	4242
101727	101761	101571	4239
102238	102288	101653	4240
102573	102595	101653	4240
102829	102859	101653	4242
103400	103441	101653	4241
103660	103688	101653	4240
103932	103980	101653	4241
104476	104533	101653	4241
104803	104819	101653	4241
105045	105081	101653	4241
105338	105368	101653	4241
105917	105918	101653	4248
106223	106159	101653	4248
106477	106390	101653	4249
107051	106878	101653	4264
107346	107082	101653	4269
107630	107357	101653	4272
107943	107531	101652	4274
108502	107956	101652	4279
108746	108201	101652	4280
109037	108237	101652	4280
109575	108240	101652	4280
109885	108242	101652	4281
110100	108242	101652	4281
110390	108243	101652	4283
110944	108244	101652	4285
111215	108244	101652	4290
111423	108245	101653	4292
111905	108249	101652	4304
112127	108254	101652	4308
112338	108266	101653	4312
112603	108284	101652	4316
112605	108286	101652	4316
112606	108286	101653	4317
112606	108286	101653	4318
112608	108287	101652	4319
112608	108287	101652	4318
112608	108287	101653	4319
112609	108287	101652	4319
112609	108287	101652	4319
112609	108287	101652	4319
112610	108287	101652	4319
112610	108287	101653	4320
112610	108287	101653	4320
112610	108287	101652	4320
112610	108287	101653	4320
112610	108287	101652	4320
112610	108287	101653	4320
112611	108287	101652	4320
112611	108288	101652	4320
112611	108287	101652	4320
112611	108287	101653	4320
112611	108288	101653	4320
112611	108288	101652	4321
112611	108288	101652	4321
112611	108288	101653	4321
112611	108288	101652	4320
112611	108288	101652	4320
112611	108288	101653	4320
112611	108288	101652	4321
112611	108288	101653	4320
112611	108288	101652	4321
112611	108288	101652	4321
112611	108288	101652	4321
112611	108288	101653	4321
112612	108287	101652	4321
112611	108287	101653	4320
112611	108288	101652	4321
112612	108288	101653	4320
112612	108288	101653	4321
112612	108288	101653	4321
112611	108288	101653	4321
112611	108288	101653	4320
112612	108288	101653	4321
112612	108288	101653	4321
112612	108288	101652	4320
112612	108288	101652	4321
112612	108288	101653	4320
112612	108288	101653	4321
112612	108288	101653	4321
112612	108288	101653	4320
112612	108287	101653	4320
112613	108288	101652	4321
112612	108288	101652	4321
112612	108288	101652	4321
112612	108288	101652	4321
112612	108288	101653	4320
112612	108288	101652	4321
112612	108288	101652	4321
112612	108288	101653	4321
112612	108288	101652	4321
112613	108288	101653	4320
112613	108288	101652	4321
112613	108288	101653	4321
112613	108287	101652	4321
112613	108288	101653	4321
112613	108288	101652	4320
112613	108288	101652	4321
112613	108288	101653	4321
112613	108288	101652	4321
112613	108288	101653	4320
112613	108288	101653	4321
112613	108288	101652	4321
112613	108288	101653	4321
112613	108288	101652	4321
112614	108288	101653	4321
112614	108288	101653	4320
112613	108288	101653	4321
112614	108288	101653	4321
112614	108288	101652	4321
112614	108288	101652	4321
112614	108288	101652	4321
112614	108288	101652	4320
112614	108288	101652	4320
112614	108288	101652	4321
112614	108288	101652	4321
112614	108288	101653	4321
112614	108288	101653	4321
112614	108288	101652	4321
112614	108288	101653	4320
112614	108288	101653	4321
112614	108288	101652	4321
112614	108288	101653	4321
112615	108288	101652	4320
112615	108288	101653	4322
112614	108288	101653	4320
112615	108288	101652	4320
112614	108288	101652	4321
112614	108288	101653	4321
112614	108288	101653	4321
112615	108288	101652	4321
112614	108288	101653	4321
112615	108288	101652	4321
110092	106497	99022	4310
104486	100531	93471	4240
101825	97876	90782	4241
99067	95145	88049	4241
93489	89554	82501	4242
90971	86987	79972	4241
88221	84311	77213	4244
82638	78660	71633	4242
79947	75931	68853	4241
77238	73193	66169	4242
74527	70458	63483	4242
68870	64840	57839	4242
66240	62098	55124	4242
63298	59240	52232	4242
57845	53771	46779	4242
55245	51049	44079	4242
52481	48286	41331	4243
46945	42685	35700	4243
43961	39750	32686	4241
41146	36910	29989	4242
35715	31488	24493	4242
33025	28792	21766	4242
30106	25803	18839	4242
27258	22963	16038	4244
21847	17537	10594	4242
19089	14794	7884	4243
16227	11887	4969	4243
10581	6264	75	4247
7914	3589	86	4243
5193	878	87	4244
53	106	88	4245
59	107	88	4244
65	107	88	4243
-1000	-1000	-1000	-1000
67	108	88	4243
67	108	88	4243
67	107	88	4242
68	108	88	4243
68	107	88	4243
68	108	88	4310
68	107	89	4423
67	107	89	4813
68	108	89	4980
68	107	88	5096
67	108	88	5317
68	107	89	5440
68	107	88	5630
68	107	88	5740
68	107	88	5729
68	107	89	5684
67	107	88	5686
67	108	89	5693
67	107	89	5694
68	107	88	5695
90	113	110	5695
459	330	358	5695
821	843	862	5694
1134	1134	1039	5694
1681	1687	1714	5694
2003	1992	1937	5694
2245	2241	2283	5695
2840	2795	2771	5693
3050	3066	3094	5694
3381	3346	3345	5693
3662	3626	3647	5695
4252	4213	4172	5695
4481	4466	4495	5695
4771	4736	4739	5695
5288	5288	5319	5694
5642	5594	5584	5695
5870	5859	5865	5693
6423	6404	6377	5694
6688	6697	6715	5693
7013	6998	6992	5694
7271	7258	7258	5691
7860	7856	7786	5693
8123	8110	8142	5694
8425	8439	8424	5694
8982	8962	9006	5694
9276	9248	9204	5694
9535	9481	9537	5694
10127	10032	10052	5694
10303	10316	10339	5693
10651	10609	10578	5693
11130	11145	11144	5693
11469	11432	11412	5693
11681	11670	11738	5693
12012	12005	11972	5694
12545	12573	12573	5693
12874	12845	12820	5693
13112	13105	13150	5694
13659	13627	13652	5694
13902	13935	13953	5694
14267	14206	14196	5694
14762	14754	14784	5694
15057	15028	15040	5693
15324	15324	15382	5693
15880	15856	15906	5693
16144	16126	16175	5693
16421	16404	16411	5695
16691	16690	16748	5694
17254	17257	17286	5694
17545	17542	17584	5694
17875	17837	17829	5694
18405	18379	18390	5694
18650	18641	18664	5693
18934	18945	18987	5693
19272	19239	19245	5693
19794	19784	19805	5692
20080	20059	20053	5693
20316	20319	20357	5694
20907	20894	20929	5695
21157	21165	21197	5695
21496	21469	21453	5694
22027	22026	22032	5693
22336	22296	22312	5694
22555	22569	22629	5695
23121	23125	23157	5694
23407	23405	23433	5694
23722	23711	23682	5693
23952	23963	24035	5693
24523	24520	24561	5693
24816	24821	24864	5693
25102	25106	25067	5694
25660	25643	25651	5696
25912	25899	25938	5696
26181	26211	26226	5691
26718	26739	26791	5694
27041	27023	27046	5693
27280	27299	27316	5693
27842	27861	27821	5694
28112	28118	28182	5693
28410	28414	28415	5694
28938	29003	29009	5695
29300	29304	29293	5695
29553	29551	29582	5694
29795	29841	29870	5695
30346	30398	30429	5694
30669	30665	30671	5694
30944	30953	30954	5695
31544	31532	31519	5694
31760	31791	31817	5694
32042	32049	32058	5694
32365	32388	32350	5693
32935	32943	32946	5694
33200	33234	33201	5694
33471	33514	33554	5695
34035	34074	34083	5695
34318	34356	34346	5690
34593	34630	34584	5694
34869	34938	34944	5695
35439	35500	35449	5694
35718	35777	35729	5693
35991	36057	35986	5694
36278	36334	36342	5694
36858	36913	36886	5692
37155	37229	37238	5694
37474	37487	37469	5695
38003	38052	38064	5695
38301	38365	38313	5694
38575	38612	38640	5696
38876	38898	38887	5694
39395	39473	39479	5695
39740	39780	39746	5694
39975	40000	40017	5694
40577	40631	40578	5694
40812	40856	40894	5696
41134	41164	41127	5694
41394	41439	41417	5694
42023	42069	42026	5696
42270	42300	42318	5695
42535	42629	42610	5695
43087	43148	43168	5694
43392	43453	43390	5694
43650	43692	43695	5694
44197	44272	44227	5694
44458	44543	44569	5693
44775	44834	44830	5694
45061	45127	45098	5694
45650	45663	45672	5694
45876	45957	45951	5694
46173	46208	46248	5694
46689	46793	46800	5693
47030	47038	47048	5694
47249	47336	47311	5693
47801	47888	47847	5693
48060	48156	48162	5694
48395	48436	48441	5694
48633	48703	48698	5693
49264	49337	49298	5694
49492	49573	49577	5695
49809	49870	49861	5694
50331	50414	50444	5694
50665	50720	50691	5694
50930	50974	50977	5694
51190	51291	51310	5694
51754	51834	51873	5693
52071	52151	52138	5694
52350	52448	52397	5693
52612	52713	52757	5694
53186	53271	53270	5695
53464	53590	53577	5694
53758	53853	53797	5694
54329	54395	54394	5694
54588	54690	54647	5695
54843	54962	54986	5694
55427	55539	55521	5693
55733	55790	55799	5695
55965	56091	56032	5693
56259	56356	56365	5694
56825	56935	56884	5693
57097	57190	57192	5693
57384	57491	57442	5695
57988	58050	58065	5695
58245	58362	58317	5695
58503	58592	58641	5695
58834	58896	58884	5695
59380	59440	59473	5693
59651	59755	59705	5694
59910	59996	60018	5693
60534	60620	60572	5693
60767	60878	60914	5694
61087	61162	61122	5694
61619	61714	61713	5694
61895	62014	61958	5694
62175	62276	62320	5694
62500	62575	62567	5694
62762	62842	62829	5695
63405	63449	63425	5694
63621	63726	63729	5694
63891	63986	63963	5694
64415	64537	64543	5693
64764	64826	64804	5694
65024	65136	65097	5694
65586	65697	65659	5694
65860	65969	65950	5694
66171	66220	66226	5694
66676	66773	66783	5694
66972	67076	67036	5694
67208	67325	67311	5694
67551	67603	67604	5694
68055	68165	68147	5694
68372	68454	68442	5694
68933	69021	69016	5694
69165	69307	69245	5694
69447	69558	69585	5694
69783	69873	69828	5694
70315	70432	70442	5695
70637	70724	70678	5695
70863	70979	70985	5694
71464	71556	71513	5694
71674	71822	71826	5694
72029	72110	72053	5694
72278	72379	72367	5694
72850	72975	72900	5695
73124	73228	73240	5695
73422	73504	73480	5694
73954	74073	74052	5695
74251	74360	74329	5696
74514	74645	74624	5695
75077	75195	75122	5694
75323	75449	75447	5694
75707	75760	75748	5694
75930	76068	76022	5694
76474	76601	76556	5694
76736	76868	76853	5695
77068	77144	77149	5694
77578	77685	77692	5693
77847	77995	77934	5694
78126	78244	78227	5693
78677	78815	78758	5695
78950	79077	79099	5694
79248	79372	79316	5695
79828	79923	79905	5695
80087	80238	80169	5695
80331	80477	80480	5695
80679	80792	80744	5687
81209	81334	81334	5694
81509	81641	81557	5694
81769	81916	81917	5695
82086	82193	82155	5693
82634	82760	82779	5697
82945	83035	83003	5697
83205	83326	83306	5696
83772	83884	83825	5696
83988	84138	84159	5694
84327	84412	84391	5696
84861	84999	84978	5694
85127	85250	85212	5695
85396	85536	85526	5695
85939	86080	86013	5695
86226	86345	86344	5694
86495	86613	86550	5695
87057	87140	87125	5696
87289	87393	87380	5695
87594	87706	87666	5694
88106	88226	88233	5694
88428	88506	88503	5694
88665	88812	88750	5693
89212	89354	89292	5695
89506	89626	89641	5694
89812	89895	89863	5695
90337	90468	90458	5696
90617	90745	90689	5696
90874	90986	91001	5695
91179	91261	91237	5695
91701	91846	91848	5695
92057	92146	92110	5694
92287	92408	92388	5694
92897	93008	92951	5694
93123	93263	93255	5693
93446	93543	93515	5694
93943	94075	94066	5694
94244	94370	94287	5694
94476	94621	94604	5694
94808	94890	94862	5694
95357	95487	95498	5695
95720	95801	95775	5695
95944	96068	96012	5694
96518	96630	96581	5694
96765	96891	96862	5694
97110	97190	97118	5694
97351	97505	97414	5694
97959	98054	97975	5694
98217	98343	98246	5695
98521	98628	98493	5695
99068	99182	99047	5694
99345	99406	99280	5694
99605	99725	99582	5694
100184	100270	100094	5694
100453	100574	100408	5695
100754	100835	100659	5694
101011	101127	100936	5694
101616	101688	101261	5694
101879	102008	101260	5694
102140	102246	101260	5694
102732	102842	101261	5694
103039	103109	101261	5694
103307	103443	101260	5694
103534	103665	101261	5694
104101	104224	101261	5693
104405	104500	101261	5694
104659	104800	101261	5694
105232	105334	101261	5694
105468	105603	101261	5694
105780	105894	101261	5694
106312	106433	101261	5693
106641	106713	101261	5694
106885	107016	101261	5693
107430	107550	101261	5693
107697	107802	101261	5694
108021	108078	101261	5693
108557	108600	101261	5705
108812	108858	101261	5705
109086	109085	101261	5702
109399	109326	101261	5704
109969	109653	101260	5707
110299	109655	101260	5707
110550	109657	101260	5707
110818	109658	101260	5707
111392	109660	101260	5707
111683	109661	101260	5705
111967	109663	101260	5706
112515	109665	101260	5706
112756	109666	101260	5706
113031	109668	101260	5706
113549	109670	101260	5708
113784	109672	101260	5709
114039	109674	101260	5718
114297	109678	101260	5723
114775	109686	101261	5731
115002	109689	101261	5733
115028	109691	101260	5734
115031	109693	101261	5735
115031	109693	101260	5735
115031	109694	101260	5736
115032	109694	101261	5735
115032	109694	101261	5736
115033	109694	101260	5736
115033	109694	101261	5736
115034	109695	101261	5736
115034	109695	101261	5736
115034	109695	101261	5736
115035	109695	101261	5736
115035	109695	101261	5736
115035	109695	101261	5736
115035	109695	101261	5736
115035	109695	101261	5736
115035	109695	101261	5736
115035	109695	101261	5737
115035	109696	101261	5736
115036	109696	101261	5736
115035	109696	101261	5736
115036	109696	101261	5736
115036	109696	101260	5736
115036	109696	101261	5736
115036	109696	101261	5737
115035	109696	101261	5736
115036	109696	101261	5736
115036	109695	101261	5736
115036	109696	101261	5736
115036	109696	101260	5736
115036	109696	101261	5736
115036	109696	101261	5736
115036	109696	101261	5736
115036	109696	101261	5736
115036	109696	101261	5736
115036	109696	101261	5736
115037	109696	101261	5736
115037	109696	101261	5736
115036	109696	101261	5736
115037	109696	101261	5736
115037	109696	101261	5736
115036	109696	101261	5736
115037	109696	101261	5736
115036	109696	101261	5736
115037	109697	101261	5736
115037	109696	101261	5736
115037	109696	101261	5736
115037	109696	101261	5736
115037	109696	101261	5736
115037	109697	101261	5736
115037	109696	101260	5736
115037	109697	101261	5736
115037	109696	101261	5736
115037	109697	101261	5736
115037	109697	101261	5736
115037	109696	101261	5736
115037	109696	101261	5736
115037	109696	101261	5736
115038	109697	101261	5736
115037	109697	101261	5736
115038	109697	101261	5736
115038	109697	101261	5736
115037	109696	101261	5736
115037	109697	101261	5736
115038	109697	101261	5736
115038	109697	101261	5736
115038	109697	101261	5736
115038	109697	101261	5736
115038	109697	101261	5736
115038	109697	101261	5736
115038	109697	101261	5736
115038	109697	101261	5736
115038	109697	101261	5736
115038	109697	101261	5736
115038	109697	101261	5736
115038	109697	101261	5736
115038	109697	101261	5736
115038	109697	101261	5736
115038	109697	101260	5736
115038	109697	101261	5736
115038	109697	101261	5736
115038	109697	101261	5736
115038	109697	101261	5736
115038	109697	101261	5736
115038	109697	101261	5736
115038	109697	101261	5736
115038	109697	101261	5736
115038	109697	101261	5736
115038	109697	101261	5736
115038	109697	101261	5736
115038	109697	101261	5736
115038	109697	101261	5736
115038	109697	101261	5736
115038	109697	101261	5736
115038	109697	101261	5736
115038	109697	101261	5736
115038	109697	101261	5736
115038	109697	101261	5736
115038	109697	101261	5736
115038	109697	101261	5736
115039	109697	101261	5736
112561	107180	99015	5720
109937	104466	96323	5685
104212	98768	90562	5693
101312	95864	87715	5693
98572	93134	85069	5692
93135	87710	79586	5694
90239	84861	76659	5693
87650	82112	73918	5693
84731	79208	71047	5694
79091	73569	65416	5693
76168	70728	62534	5693
73255	67823	59615	5694
67812	62371	54188	5694
65137	59722	51431	5694
62187	56800	48668	5693
59508	54094	45840	5692
53854	48520	40318	5692
51168	45756	37645	5693
45729	40314	32157	5693
43057	37594	29435	5694
40329	34868	26727	5693
37405	32020	23880	5693
31731	26257	18126	5695
28791	23373	15159	5694
26023	20636	12501	5694
20633	15190	7008	5694
17547	12135	3911	5693
14681	9197	997	5695
11741	6315	81	5695
6303	874	86	5694
3388	101	87	5694
710	103	87	5694
85	103	87	5695
-1000	-1000	-1000	-1000
88	103	87	5693
88	103	87	5696
88	104	87	5693
88	103	87	5694
88	103	87	5695
88	104	87	5695
88	103	87	5757
88	103	87	6054
88	104	88	6249
88	104	88	6406
88	103	87	6643
88	103	87	6739
88	103	87	6872
88	103	87	7169
88	103	87	7194
88	103	87	7140
88	103	87	7096
88	103	87	7103
88	103	87	7103
88	104	87	7105
88	103	87	7106
113	108	107	7106
305	257	275	7107
925	1045	930	7107
1318	1302	1374	7108
1584	1643	1590	7107
1875	1923	1852	7108
2456	2479	2448	7108
2756	2757	2731	7109
2967	3037	3046	7109
3587	3581	3636	7109
3844	3886	3889	7109
4208	4191	4150	7109
4422	4463	4472	7109
4986	5030	5004	7109
5248	5261	5284	7109
5572	5567	5524	7110
6112	6095	6079	7109
6345	6370	6356	7109
6606	6626	6645	7109
7240	7242	7248	7109
7506	7525	7546	7109
7780	7822	7771	7109
8361	8370	8328	7109
8594	8609	8630	7109
8863	8884	8882	7109
9146	9183	9145	7110
9737	9729	9703	7110
9981	9964	10017	7109
10236	10272	10269	7110
10826	10841	10877	7110
11106	11130	11110	7110
11400	11408	11386	7109
11966	11976	11920	7110
12176	12208	12232	7110
12486	12494	12472	7109
13001	13026	13034	7109
13332	13333	13305	7109
13573	13583	13615	7109
13854	13889	13894	7109
14399	14448	14490	7109
14740	14715	14725	7109
14982	14996	14998	7110
15552	15577	15530	7110
15817	15829	15877	7110
16121	16103	16112	7109
16648	16659	16666	7110
16903	16939	16879	7110
17178	17185	17234	7110
17747	17743	17742	7110
18000	18047	18037	7110
18323	18307	18270	7110
18853	18873	18860	7109
19123	19132	19109	7110
19356	19421	19412	7110
19934	19938	19979	7110
20205	20246	20196	7110
20518	20500	20512	7110
21069	21083	21028	7110
21309	21307	21359	7110
21575	21614	21605	7110
21907	21901	21895	7110
22457	22467	22437	7110
22698	22721	22743	7110
22948	22985	22987	7110
23526	23582	23594	7110
23850	23839	23840	7109
24107	24159	24124	7110
24684	24694	24639	7110
24912	24964	24975	7110
25227	25214	25195	7109
25487	25559	25494	7110
26108	26106	26065	7110
26326	26359	26358	7110
26607	26626	26636	7110
27175	27206	27224	7109
27483	27493	27477	7110
27705	27760	27713	7110
28299	28348	28279	7110
28562	28594	28611	7110
28865	28905	28868	7110
29443	29473	29506	7110
29745	29760	29715	7109
30023	30027	30034	7110
30245	30319	30307	7109
30855	30875	30899	7109
31133	31184	31145	7110
31451	31457	31428	7110
32013	32024	31971	7109
32256	32271	32280	7110
32502	32545	32540	7110
32812	32832	32785	7110
33385	33401	33356	7110
33621	33632	33649	7110
33884	33933	33920	7110
34443	34500	34492	7110
34775	34758	34740	7110
34993	35054	35024	7110
35554	35594	35487	7110
35808	35856	35864	7110
36349	36394	36387	7109
36631	36654	36644	7110
36900	36940	36909	7110
37475	37480	37458	7110
37706	37747	37759	7110
38004	38016	38028	7109
38307	38343	38293	7109
38892	38903	38897	7109
39142	39185	39149	7110
39405	39479	39470	7110
39748	39775	39710	7110
40308	40359	40383	7110
40622	40667	40590	7110
40855	40884	40912	7110
41443	41489	41425	7110
41735	41785	41803	7110
42027	42071	42024	7110
42312	42328	42323	7110
42896	42926	42838	7110
43114	43170	43165	7110
43404	43452	43381	7110
43906	44012	43929	7110
44243	44289	44225	7110
44525	44587	44572	7110
45075	45129	45071	7110
45316	45406	45375	7110
45640	45662	45597	7110
46170	46178	46159	7110
46418	46474	46419	7110
46673	46747	46723	7110
46995	47011	46948	7110
47533	47568	47569	7110
47846	47902	47823	7110
48105	48174	48157	7110
48676	48745	48692	7110
48915	49000	48967	7110
49256	49309	49218	7110
49782	49825	49765	7109
50031	50105	50065	7110
50300	50394	50362	7110
50655	50687	50608	7110
51154	51214	51162	7109
51444	51491	51446	7110
51652	51752	51708	7110
52236	52299	52289	7109
52522	52574	52555	7110
52842	52908	52822	7110
53392	53447	53370	7110
53630	53701	53673	7109
53926	53983	53950	7109
54456	54541	54532	7110
54792	54831	54781	7110
55032	55110	55049	7109
55580	55650	55578	7110
55829	55911	55891	7110
56157	56188	56130	7110
56379	56453	56393	7110
56973	57049	56952	7110
57206	57291	57265	7110
57537	57609	57543	7110
58055	58132	58128	7110
58360	58433	58357	7110
58634	58699	58671	7110
59206	59294	59188	7110
59468	59540	59545	7110
59790	59845	59770	7110
60042	60111	60060	7110
60625	60685	60603	7110
60856	60924	60942	7110
61151	61216	61164	7110
61674	61774	61752	7111
62000	62060	61979	7110
62256	62302	62318	7110
62824	62880	62836	7109
63045	63158	63106	7110
63396	63439	63354	7110
63894	63966	63909	7110
64206	64273	64190	7110
64429	64541	64495	7110
65006	65079	65046	7110
65346	65425	65411	7110
65674	65710	65656	7110
65902	65985	65943	7110
66462	66563	66469	7110
66724	66797	66794	7110
67054	67091	67045	7110
67588	67625	67619	7110
67845	67928	67848	7110
68121	68185	68177	7110
68446	68475	68450	7110
68966	69005	69008	7110
69268	69329	69245	7110
69541	69575	69593	7110
70101	70174	70087	7109
70384	70439	70456	7110
70686	70725	70666	7110
71185	71262	71203	7110
71505	71541	71501	7110
71735	71819	71820	7110
72065	72109	72037	7110
72589	72683	72630	7110
72924	72979	72914	7110
73201	73265	73246	7110
73771	73839	73764	7110
74016	74106	74055	7110
74343	74366	74311	7110
74576	74648	74623	7110
75174	75216	75138	7110
75414	75485	75474	7110
75758	75772	75734	7110
76253	76315	76304	7110
76568	76609	76528	7110
76835	76901	76867	7109
77376	77475	77388	7110
77633	77706	77707	7110
77991	78027	77983	7110
78220	78288	78246	7110
78778	78850	78779	7110
79027	79096	79104	7110
79362	79385	79344	7110
79888	79944	79922	7110
80171	80234	80159	7110
80412	80484	80459	7110
81005	81090	81010	7110
81289	81344	81352	7110
81610	81665	81571	7110
81860	81894	81907	7110
82440	82495	82424	7110
82694	82768	82769	7110
83000	83052	83018	7110
83533	83649	83609	7111
83878	83910	83850	7111
84121	84187	84165	7110
84661	84721	84653	7110
84903	85010	84987	7110
85235	85264	85219	7110
85493	85572	85539	7110
86080	86118	86059	7110
86300	86389	86388	7110
86669	86673	86673	7110
87176	87248	87264	7110
87533	87560	87509	7111
87768	87811	87798	7110
88042	88091	88088	7110
88581	88658	88650	7111
88919	88935	88903	7110
89135	89202	89144	7111
89681	89772	89721	7111
89950	90001	90010	7110
90271	90305	90276	7111
90795	90835	90843	7111
91079	91141	91079	7110
91317	91372	91390	7111
91910	91934	91929	7110
92156	92218	92214	7111
92485	92512	92450	7111
93014	93053	93001	7111
93285	93330	93287	7110
93529	93603	93591	7110
93887	93935	93872	7110
94407	94487	94464	7110
94734	94783	94704	7110
94999	95040	95063	7111
95552	95589	95566	7111
95802	95898	95879	7110
96176	96178	96127	7110
96411	96479	96465	7110
96965	97022	96929	7111
97216	97295	97266	7111
97580	97592	97551	7110
98103	98160	98117	7111
98415	98449	98405	7110
98675	98726	98698	7111
98984	99009	98989	7111
99509	99562	99550	7111
99848	99861	99838	7110
100097	100119	100101	7110
100667	100698	100625	7110
100896	100945	100871	7110
101209	101236	101151	7110
101730	101792	101693	7111
102081	102112	101978	7110
102309	102349	102219	7110
102602	102654	102505	7110
103154	103196	103026	7110
103467	103509	103302	7109
103735	103752	103566	7110
104297	104332	104105	7110
104524	104601	104369	7110
104836	104864	104460	7110
105353	105394	104460	7112
105629	105677	104460	7109
105904	105931	104460	7111
106481	106420	104460	7131
106743	106654	104460	7126
107042	106898	104460	7127
107588	107174	104459	7125
107845	107176	104459	7124
108112	107179	104459	7123
108663	107200	104459	7122
108958	107215	104459	7122
109211	107229	104459	7121
109785	107262	104459	7118
110053	107271	104459	7117
110342	107280	104460	7117
110857	107299	104460	7116
111158	107307	104460	7117
111437	107308	104460	7117
111689	107309	104460	7118
112181	107310	104460	7121
112441	107310	104460	7124
112680	107310	104460	7133
113166	107310	104461	7135
113444	107309	104461	7137
113664	107310	104460	7141
113964	107310	104461	7145
113964	107309	104461	7145
113965	107309	104461	7146
113966	107309	104461	7145
113966	107310	104460	7145
113966	107309	104460	7145
113967	107310	104460	7145
113967	107309	104461	7145
113968	107309	104460	7145
113968	107309	104460	7145
113968	107309	104460	7145
113968	107310	104460	7145
113968	107310	104461	7144
113968	107310	104461	7144
113968	107309	104461	7144
113968	107310	104460	7144
113968	107310	104461	7144
113968	107310	104461	7144
113969	107310	104461	7145
113969	107309	104460	7144
113969	107309	104461	7144
113969	107310	104461	7144
113969	107309	104461	7144
113969	107310	104461	7144
113969	107310	104461	7144
113969	107310	104461	7144
113969	107310	104461	7144
113969	107310	104461	7144
113969	107310	104461	7144
113970	107310	104461	7144
113970	107310	104461	7144
113970	107310	104461	7144
113969	107310	104461	7144
113970	107309	104461	7145
113970	107310	104461	7145
113970	107310	104461	7144
113970	107310	104461	7144
113970	107310	104461	7144
113970	107310	104461	7144
113970	107310	104461	7144
113970	107310	104461	7144
113971	107310	104461	7144
113971	107310	104461	7144
113970	107310	104461	7144
113971	107310	104461	7144
113970	107310	104461	7145
113971	107310	104461	7144
113970	107310	104461	7144
113971	107310	104461	7144
113970	107310	104461	7144
113971	107310	104461	7144
113970	107310	104461	7144
113971	107310	104461	7144
113971	107310	104461	7144
113971	107310	104461	7144
113971	107310	104461	7145
113971	107310	104461	7144
113971	107310	104461	7144
113971	107310	104461	7145
113971	107310	104461	7144
113971	107310	104461	7144
113972	107310	104461	7144
113971	107310	104461	7144
113972	107310	104461	7144
113971	107310	104461	7144
113971	107310	104461	7144
113971	107310	104461	7144
113971	107310	104461	7144
113972	107310	104461	7144
113972	107310	104461	7144
113972	107310	104461	7144
113972	107310	104461	7144
113972	107310	104461	7144
113972	107310	104461	7143
113972	107310	104461	7143
113972	107309	104461	7144
113972	107310	104461	7144
113972	107310	104461	7144
113972	107310	104461	7144
113972	107310	104461	7144
113972	107310	104461	7144
113972	107310	104461	7144
113972	107310	104461	7144
113972	107310	104461	7144
113972	107310	104461	7144
113972	107310	104461	7144
113972	107310	104461	7144
113972	107310	104461	7144
113972	107310	104461	7144
113972	107310	104461	7144
113973	107310	104461	7144
113973	107310	104461	7144
113972	107310	104461	7144
113973	107310	104461	7143
113973	107309	104461	7144
113973	107310	104461	7144
113973	107310	104461	7144
113973	107310	104461	7144
113973	107310	104461	7144
113973	107310	104461	7144
113973	107310	104461	7144
113973	107310	104461	7143
111889	104806	101947	7123
108874	101845	99245	7104
102815	95833	93114	7109
100173	93054	90412	7110
97216	90181	87539	7109
91730	84581	81932	7110
88976	81884	79231	7109
86066	79000	76281	7110
82826	75717	73030	7110
77234	70103	67420	7110
74544	67354	64680	7110
71821	64651	61936	7110
66248	59017	56331	7111
63334	56140	53444	7111
60560	53385	50779	7111
54983	47807	45114	7110
52325	45067	42362	7111
49573	42361	39617	7110
44089	36916	34219	7110
41409	34197	31457	7110
38674	31522	28765	7111
35803	28627	25879	7111
30221	23011	20262	7110
27268	19993	17220	7110
24522	17159	14414	7110
18868	11532	8765	7110
16192	8852	6130	7110
13249	5919	3164	7110
10510	3179	593	7111
4883	100	103	7112
2225	101	103	7113
51	101	104	7112
62	101	104	7112
64	102	104	7112
-1000	-1000	-1000	-1000
65	101	104	7113
65	101	104	7112
65	101	104	7112
