91	111	81	70
91	110	81	70
91	110	81	70
484	392	407	70
778	825	843	70
1035	1044	982	69
1633	1650	1686	70
1918	1940	1853	69
2163	2168	2242	69
2721	2700	2693	70
2943	2988	3017	69
3325	3286	3234	69
3561	3552	3609	69
4142	4139	4111	69
4392	4419	4445	69
4724	4686	4681	69
5218	5201	5229	70
5516	5502	5490	69
5762	5772	5801	69
6298	6315	6344	69
6587	6586	6613	69
6913	6894	6876	69
7445	7436	7425	69
7685	7680	7716	69
7947	7966	7977	69
8522	8524	8577	69
8826	8808	8822	69
9092	9076	9104	69
9693	9656	9650	69
9919	9900	9958	69
10191	10199	10194	69
10546	10505	10510	69
11068	11057	11037	69
11311	11289	11331	69
11566	11562	11596	69
12111	12134	12173	69
12460	12453	12461	69
12718	12727	12733	70
13306	13308	13284	69
13557	13548	13606	69
13826	13848	13875	70
14209	14157	14157	70
14718	14696	14724	69
14987	14978	15006	69
15239	15255	15314	69
15816	15810	15882	69
16098	16073	16102	69
16382	16361	16384	69
16957	16928	16908	69
17191	17171	17245	69
17479	17454	17475	69
17876	17822	17823	69
18189	18138	18171	69
18809	18796	18785	69
19069	19040	19076	70
19311	19325	19336	69
19917	19890	19960	69
19917	19890	19960	69
20606	20573	20559	69
20834	20824	20871	69
21114	21119	21121	69
21414	21379	21407	69
22039	22075	22068	69
22384	22354	22340	69
22648	22631	22687	69
22919	22919	22937	69
23497	23516	23535	70
23821	23799	23784	69
24082	24076	24111	69
24653	24619	24608	69
24879	24898	24940	69
25211	25168	25189	69
25437	25452	25465	69
26079	26022	26033	69
26338	26310	26352	69
26617	26597	26652	69
27169	27141	27200	69
27476	27432	27457	69
27722	27722	27702	69
28012	27976	28011	69
28559	28544	28594	69
28852	28832	28846	69
29119	29085	29120	69
29710	29683	29649	69
29982	29921	29999	69
30232	30241	30261	69
30790	30769	30827	69
31100	31095	31088	69
31406	31340	31380	69
31612	31634	31650	69
32194	32167	32234	69
32461	32465	32459	69
32758	32694	32732	69
33352	33326	33285	69
33597	33561	33623	69
33871	33880	33891	70
34212	34138	34144	69
34767	34733	34722	69
35054	35033	35042	69
35285	35283	35309	69
35843	35837	35875	69
36142	36109	36101	69
36382	36386	36394	69
36999	36950	36943	69
37240	37232	37265	69
37543	37500	37548	69
38067	38049	38101	69
38383	38353	38334	69
38615	38595	38636	69
38891	38891	38891	69
39440	39443	39466	69
39754	39758	39736	69
40063	40037	40031	69
40629	40615	40570	69
40874	40832	40892	69
41118	41132	41113	69
41655	41653	41682	69
41969	41964	41914	69
42244	42209	42261	69
42810	42768	42763	69
43057	43059	43083	69
43371	43369	43309	69
43889	43921	43898	69
44231	44209	44202	70
44467	44456	44494	69
44757	44752	44725	69
45289	45294	45319	69
45603	45568	45545	69
45837	45836	45884	69
46397	46385	46397	69
46657	46668	46687	69
46994	46966	46921	69
47522	47502	47530	70
47792	47803	47791	69
48052	48067	48101	69
48607	48605	48641	69
48899	48897	48904	69
49198	49171	49164	69
49746	49741	49700	69
50005	49989	50029	70
50246	50278	50272	69
50623	50585	50561	69
51121	51135	51085	69
51389	51362	51405	69
51610	51662	51644	69
52207	52208	52241	69
52487	52487	52483	69
52755	52763	52776	69
53336	53320	53311	69
53596	53614	53643	69
53884	53864	53891	69
54382	54396	54467	69
54724	54713	54684	69
54965	54977	55014	69
55518	55548	55527	69
55789	55811	55848	69
56132	56099	56078	69
56335	56362	56368	69
56914	56933	56895	69
57185	57204	57227	69
57497	57501	57479	69
58033	58029	58059	69
58321	58342	58288	69
58595	58585	58620	69
59161	59162	59147	69
59431	59435	59450	69
59732	59732	59683	69
60257	60281	60270	69
60556	60549	60524	69
60795	60813	60825	69
61123	61133	61067	69
61625	61662	61622	69
61930	61934	61898	69
62201	62207	62218	69
62759	62737	62764	69
62987	63049	62995	69
63342	63335	63276	69
63860	63885	63817	69
64143	64151	64125	69
64363	64417	64370	69
64924	64964	64946	69
65240	65252	65196	69
65526	65527	65503	69
66093	66102	66005	69
66337	66378	66352	69
66628	66626	66594	69
66881	66924	66869	69
67506	67502	67420	69
67729	67768	67745	69
68034	68047	68024	69
68560	68606	68584	69
68877	68880	68797	69
69117	69155	69136	69
69709	69749	69649	69
69945	69975	69955	69
70249	70274	70178	69
70792	70840	70805	69
71133	71153	71060	69
71379	71378	71368	69
71940	71965	71906	69
72149	72218	72152	69
72491	72519	72433	69
72747	72784	72721	69
73309	73369	73278	69
73548	73603	73553	69
73866	73899	73802	69
74406	74432	74386	69
74702	74754	74648	69
74935	74975	74944	69
75497	75526	75493	69
75773	75796	75738	69
76099	76112	76022	69
76632	76645	76556	69
76859	76915	76856	69
77153	77172	77136	69
77697	77739	77695	69
78009	78004	77938	68
78260	78312	78231	69
78552	78591	78551	69
79127	79137	79124	69
79384	79435	79357	69
79710	79724	79644	69
80258	80283	80193	69
80512	80561	80500	69
80780	80833	80750	69
81353	81376	81340	69
81624	81670	81548	69
81905	81920	81872	69
82475	82485	82388	69
82717	82732	82685	69
82976	83022	82937	69
83532	83588	83507	69
83865	83870	83758	69
84117	84110	84089	69
84672	84667	84613	69
84898	84947	84888	69
85226	85230	85110	68
85483	85505	85478	69
86051	86039	85961	69
86280	86329	86286	69
86837	86860	86843	68
87120	87120	87069	69
87409	87405	87350	69
87662	87701	87622	69
88229	88275	88231	69
88524	88536	88477	69
88861	88862	88761	69
89091	89132	89086	69
89650	89709	89649	69
89941	89963	89891	69
90254	90281	90173	69
90773	90786	90706	69
91046	91074	91010	69
91285	91324	91264	69
91880	91877	91850	69
92122	92166	92087	69
92436	92455	92374	68
92997	93032	92925	69
93284	93292	93228	69
93536	93579	93509	69
93870	93896	93764	69
94386	94436	94323	68
94681	94697	94607	68
94936	94951	94902	68
95499	95511	95470	69
95767	95805	95718	69
96058	96083	95998	69
96638	96621	96517	68
96869	96888	96837	69
97159	97173	97063	68
97697	97721	97609	68
97974	97986	97803	68
98206	98217	98070	69
98661	98700	98481	70
98935	98920	98648	71
99108	99204	98843	78
99168	99703	98939	93
99174	99955	98939	96
99177	100209	98939	98
99181	100467	98939	105
99182	100467	98939	106
99183	100467	98940	106
99184	100467	98940	108
99185	100467	98940	108
99186	100468	98940	109
99186	100468	98940	109
99187	100468	98940	111
99188	100468	98940	111
99188	100468	98940	111
99188	100468	98940	112
99188	100468	98940	112
99189	100468	98940	112
99189	100469	98940	112
99189	100468	98940	112
99189	100469	98940	113
99189	100469	98940	112
99189	100468	98940	112
99189	100469	98940	113
99189	100468	98940	112
99190	100469	98940	113
99190	100469	98940	113
99190	100469	98940	113
99190	100469	98940	112
99190	100469	98940	113
99190	100469	98940	113
99191	100469	98940	113
99191	100469	98940	113
99191	100469	98940	113
99191	100469	98940	113
99191	100469	98940	113
99191	100469	98940	113
99191	100469	98940	113
99191	100469	98940	113
99192	100469	98940	113
99192	100469	98940	113
99192	100469	98940	113
99192	100469	98940	113
99192	100469	98940	113
99192	100469	98940	113
99192	100469	98940	113
99192	100469	98940	113
99192	100469	98940	113
99192	100469	98940	113
99193	100469	98940	113
99193	100469	98940	113
99193	100469	98940	113
99193	100469	98941	113
99193	100469	98940	113
99193	100470	98940	113
99193	100469	98940	113
99193	100470	98940	113
99193	100469	98940	113
99193	100470	98940	113
99193	100470	98940	113
99193	100469	98940	113
99193	100469	98940	113
99193	100469	98940	113
99193	100470	98940	113
99193	100470	98940	113
99193	100470	98940	113
99193	100470	98940	113
99194	100469	98940	113
99194	100469	98941	113
99194	100469	98940	113
99194	100469	98940	114
99194	100469	98940	113
99194	100470	98940	113
99194	100470	98941	113
99194	100470	98940	113
99194	100469	98940	113
99194	100470	98940	113
99194	100470	98940	113
99194	100469	98940	113
99194	100470	98941	113
99194	100470	98940	113
99194	100469	98940	114
99194	100470	98940	113
99194	100470	98940	113
99194	100470	98940	113
99195	100470	98940	113
99194	100470	98940	113
99194	100469	98940	113
99195	100470	98940	113
99195	100470	98941	113
99194	100469	98940	113
99195	100470	98940	113
99195	100470	98941	114
99195	100470	98941	114
99195	100470	98941	114
99195	100470	98940	113
99195	100470	98941	113
99195	100470	98940	113
99195	100470	98940	114
99196	100470	98941	114
99196	100470	98941	114
99196	100470	98940	114
99196	100470	98940	114
99197	100470	98941	114
99197	100470	98941	114
99197	100470	98941	114
99198	100470	98941	114
93792	95497	94045	69
90827	92679	91124	74
88173	89971	88412	71
82540	84357	82807	70
79932	81660	80054	70
77013	78770	77205	69
74217	76058	74446	69
68618	70416	68917	66
65763	67482	65939	66
62895	64619	63128	66
57419	59175	57623	66
54526	56323	54778	66
51840	53536	52034	66
46390	48151	46576	66
43324	45009	43532	66
40628	42330	40775	66
37974	39613	38038	66
32320	34032	32409	66
29156	30859	29223	66
26148	27847	26314	65
23254	24962	23439	66
17485	19140	17624	66
14677	16454	14929	66
12006	13696	12176	66
6585	8303	6734	66
3943	5612	4044	66
1226	2876	1291	66
70	85	70	68
70	87	70	66
-1000	-1000	-1000	-1000
70	87	71	67
71	88	71	66
71	88	71	66
71	88	71	66
71	88	71	66
71	88	71	115
71	88	71	197
71	88	71	308
71	88	72	715
71	88	72	853
71	88	71	982
71	88	71	1205
71	88	71	1318
71	88	71	1403
71	88	71	1449
71	88	71	1431
71	88	71	1426
71	88	71	1425
71	88	71	1425
71	88	71	1425
94	92	96	1425
418	355	245	1425
779	829	865	1424
1038	1047	926	1425
1612	1647	1595	1424
1898	1933	1826	1424
2145	2157	2224	1424
2700	2683	2708	1424
2925	2974	2949	1424
3291	3247	3197	1423
3801	3794	3733	1424
4076	4066	4067	1424
4320	4345	4339	1424
4889	4904	4933	1423
5190	5160	5171	1423
5454	5465	5439	1423
6054	6011	5966	1423
6296	6306	6310	1423
6562	6559	6562	1423
6890	6860	6843	1423
7435	7423	7377	1423
7699	7686	7705	1423
8032	8041	8047	1423
8363	8362	8302	1423
8872	8873	8859	1423
9193	9175	9129	1423
9434	9422	9424	1423
10063	10002	10004	1423
10256	10296	10251	1423
10606	10576	10519	1422
11091	11112	11061	1422
11419	11406	11360	1423
11645	11663	11653	1422
11969	11966	11882	1422
12494	12517	12452	1423
12793	12794	12738	1423
13040	13049	13020	1423
13636	13615	13603	1423
13874	13896	13882	1423
14244	14178	14132	1422
14731	14705	14683	1423
15001	14986	14986	1423
15274	15285	15293	1422
15610	15572	15520	1422
16117	16098	16090	1423
16396	16396	16363	1423
16664	16678	16656	1422
17229	17235	17249	1423
17503	17506	17481	1423
17813	17786	17741	1423
18360	18345	18270	1423
18604	18576	18604	1422
18852	18868	18830	1422
19409	19413	19397	1423
19722	19698	19631	1422
19965	19941	19972	1422
20537	20499	20483	1422
20749	20780	20748	1422
21080	21067	20990	1422
21564	21602	21574	1423
21931	21893	21873	1422
22164	22164	22158	1422
22715	22705	22722	1423
22949	22963	22953	1422
23278	23253	23224	1422
23827	23806	23742	1422
24077	24073	24080	1422
24316	24331	24318	1423
24900	24931	24939	1423
25209	25176	25151	1423
25474	25489	25468	1423
25718	25730	25725	1423
26295	26306	26303	1422
26593	26586	26570	1423
26863	26883	26844	1422
27471	27457	27433	1423
27690	27723	27703	1422
28004	28017	27984	1422
28294	28307	28251	1422
28856	28871	28826	1422
29112	29122	29099	1423
29387	29408	29399	1423
29990	29960	29999	1423
30227	30275	30234	1422
30557	30540	30495	1423
30787	30820	30809	1423
31368	31371	31368	1422
31611	31660	31625	1422
31927	31955	31874	1422
32462	32502	32451	1422
32756	32775	32745	1423
33007	33075	33073	1423
33596	33609	33623	1423
33847	33900	33876	1423
34181	34219	34140	1423
34429	34480	34476	1423
34977	35047	35008	1423
35253	35287	35266	1423
35567	35582	35489	1422
36108	36124	36076	1423
36370	36425	36396	1422
36628	36693	36658	1423
37203	37261	37250	1423
37511	37526	37510	1423
37755	37848	37784	1423
38347	38376	38316	1423
38578	38630	38627	1422
38888	38938	38912	1422
39197	39260	39190	1423
39772	39822	39770	1422
40025	40061	40029	1422
40291	40332	40342	1422
40832	40861	40883	1422
41124	41174	41113	1422
41408	41467	41403	1423
41981	42031	41951	1422
42228	42260	42264	1422
42485	42578	42510	1422
42787	42846	42788	1422
43351	43415	43313	1422
43610	43656	43652	1423
43845	43953	43878	1422
44421	44496	44481	1423
44734	44771	44718	1423
44980	45033	45020	1422
45523	45583	45530	1423
45789	45862	45856	1422
46078	46122	46083	1422
46643	46713	46685	1422
46930	46991	46914	1422
47173	47251	47249	1422
47731	47822	47770	1422
48009	48090	48082	1422
48305	48359	48288	1422
48870	48896	48860	1422
49121	49194	49145	1422
49387	49469	49440	1422
49709	49769	49690	1422
50237	50302	50264	1422
50564	50586	50533	1422
50759	50839	50822	1423
51345	51386	51391	1422
51593	51672	51615	1422
51910	51949	51921	1422
52476	52493	52450	1422
52740	52791	52779	1422
53009	53087	53084	1423
53610	53650	53651	1422
53900	53935	53926	1422
54161	54241	54183	1422
54749	54780	54731	1423
54998	55048	55040	1422
55279	55311	55307	1423
55793	55867	55855	1422
56134	56140	56110	1422
56341	56401	56385	1422
56653	56697	56692	1422
57167	57235	57232	1422
57519	57552	57535	1423
57755	57823	57775	1422
58332	58377	58312	1423
58581	58613	58637	1422
58880	58901	58886	1422
59393	59450	59438	1422
59701	59748	59683	1422
59937	59982	59995	1422
60561	60615	60550	1423
60800	60856	60874	1422
61111	61148	61085	1422
61358	61385	61407	1422
61927	62004	61923	1422
62205	62250	62274	1423
62497	62553	62521	1422
63005	63095	63062	1423
63341	63383	63315	1422
63578	63620	63636	1422
64139	64186	64150	1422
64369	64459	64441	1423
64732	64754	64693	1422
65249	65282	65278	1422
65532	65575	65536	1422
65788	65871	65855	1423
66338	66416	66395	1423
66634	66682	66682	1423
66916	66984	66925	1422
67506	67517	67502	1423
67730	67798	67777	1422
68008	68059	68066	1423
68540	68608	68620	1422
68860	68882	68872	1423
69131	69193	69167	1423
69379	69458	69473	1423
69935	70001	70020	1422
70256	70297	70291	1422
70515	70587	70549	1423
71112	71140	71086	1422
71325	71365	71392	1422
71615	71681	71649	1422
72131	72215	72206	1422
72469	72504	72463	1423
72712	72764	72763	1422
73273	73335	73291	1423
73499	73586	73593	1423
73843	73881	73833	1423
74386	74427	74433	1422
74664	74749	74694	1422
74903	74983	75001	1422
75249	75276	75270	1422
75759	75814	75831	1422
76052	76101	76076	1422
76283	76365	76374	1423
76838	76932	76880	1423
77143	77191	77208	1422
77395	77484	77429	1422
77984	78008	78000	1422
78223	78302	78250	1422
78517	78586	78609	1422
79070	79107	79144	1422
79364	79405	79394	1422
79620	79677	79634	1422
80215	80251	80200	1422
80449	80495	80503	1422
80720	80790	80767	1422
81283	81328	81355	1422
81580	81630	81556	1422
81867	81913	81921	1421
82108	82204	82166	1422
82653	82725	82745	1422
82963	83023	82991	1422
83257	83307	83300	1422
83841	83890	83834	1422
84081	84148	84150	1422
84354	84421	84404	1421
84883	84982	84972	1421
85198	85249	85196	1422
85439	85531	85516	1422
86002	86069	86006	1421
86247	86362	86358	1421
86585	86619	86570	1421
86813	86891	86880	1421
87379	87449	87392	1422
87616	87723	87708	1421
87941	87996	87953	1422
88457	88522	88518	1422
88710	88825	88766	1422
89005	89109	89102	1422
89565	89656	89663	1421
89861	89947	89922	1422
90144	90241	90186	1421
90710	90769	90736	1421
90951	91058	91011	1421
91201	91294	91282	1420
91760	91834	91860	1420
92073	92141	92115	1421
92332	92411	92381	1421
92886	92969	92906	1421
93125	93225	93212	1421
93436	93492	93470	1421
93927	94062	94053	1421
94261	94351	94276	1421
94516	94616	94605	1421
94822	94892	94874	1421
95326	95426	95418	1421
95645	95719	95677	1421
95887	95993	95987	1421
96457	96579	96523	1421
96732	96840	96833	1421
97053	97113	97075	1421
97614	97697	97688	1421
97855	97980	97948	1421
98132	98242	98230	1421
98447	98548	98493	1420
98731	98888	98802	1421
99285	99420	99233	1422
99478	99712	99504	1429
99765	99986	99695	1439
100231	100484	100069	1440
100277	100714	100150	1443
100277	100967	100160	1444
100277	101462	100163	1447
100278	101714	100163	1449
100278	101772	100163	1450
100278	101772	100163	1451
100278	101773	100163	1452
100278	101773	100163	1451
100278	101773	100163	1452
100279	101774	100163	1451
100278	101773	100163	1452
100279	101774	100164	1452
100279	101774	100163	1452
100279	101774	100164	1452
100279	101774	100164	1452
100279	101774	100164	1452
100278	101774	100164	1452
100279	101774	100164	1452
100279	101774	100164	1452
100279	101774	100164	1452
100279	101774	100164	1452
100279	101775	100164	1452
100279	101775	100165	1452
100279	101774	100165	1452
100279	101774	100165	1453
100279	101774	100164	1453
100279	101775	100165	1452
100279	101775	100164	1452
100279	101775	100165	1452
100279	101775	100165	1453
100279	101775	100165	1452
100279	101775	100165	1452
100279	101775	100165	1452
100280	101775	100165	1452
100280	101775	100165	1452
100280	101775	100165	1453
100279	101775	100165	1452
100279	101775	100165	1452
100280	101775	100165	1452
100279	101776	100165	1452
100280	101776	100165	1452
100280	101775	100165	1452
100280	101776	100165	1452
100280	101776	100165	1453
100280	101776	100165	1452
100279	101776	100165	1452
100279	101776	100165	1452
100280	101776	100165	1452
100279	101776	100165	1453
100279	101776	100165	1452
100280	101776	100165	1452
100280	101776	100165	1452
100280	101776	100165	1452
100280	101776	100165	1452
100280	101776	100165	1452
100280	101775	100165	1452
100280	101776	100165	1452
100280	101776	100165	1452
100280	101776	100165	1452
100280	101776	100165	1452
100280	101776	100165	1452
100280	101776	100165	1452
100280	101776	100165	1453
100280	101776	100165	1452
100280	101776	100165	1453
100280	101776	100165	1452
100280	101776	100165	1452
100280	101776	100165	1452
100280	101776	100165	1452
100280	101776	100165	1452
100280	101776	100165	1452
100280	101776	100165	1452
100280	101776	100165	1452
100280	101777	100165	1453
100280	101777	100165	1452
100280	101776	100165	1452
100280	101776	100165	1452
100280	101776	100165	1452
100280	101776	100165	1452
100280	101776	100165	1452
100280	101776	100165	1452
100280	101776	100165	1452
100280	101777	100165	1452
100280	101776	100165	1452
100280	101776	100165	1452
100280	101776	100165	1452
100280	101776	100165	1452
100280	101776	100165	1453
100280	101777	100165	1452
100280	101776	100165	1452
100280	101776	100165	1452
100280	101777	100166	1453
100280	101776	100165	1452
100280	101777	100165	1452
100280	101776	100165	1452
100280	101776	100165	1452
100280	101776	100166	1452
100280	101776	100165	1452
100280	101777	100165	1452
100280	101777	100165	1452
100281	101777	100165	1452
100280	101776	100165	1452
100280	101776	100165	1452
100281	101777	100165	1452
100280	101776	100165	1452
97682	99102	97538	1460
95243	96527	95268	1414
89557	90981	89535	1403
86901	88205	86750	1407
84001	85298	83871	1408
81096	82420	81016	1408
75506	76813	75358	1410
72619	73916	72452	1409
69764	71040	69626	1408
64363	65628	64205	1409
61670	62932	61481	1409
58935	60156	58753	1409
53493	54790	53346	1408
50794	52028	50581	1409
47862	49130	47731	1409
42440	43697	42272	1407
39669	41003	39611	1409
37040	38245	36807	1410
31458	32776	31281	1408
28693	30017	28460	1410
25968	27260	25727	1408
23070	24321	22855	1407
17307	18622	17073	1408
14364	15672	14199	1409
11678	12972	11424	1409
5846	7156	5647	1409
3147	4431	2993	1409
478	1762	441	1410
51	86	88	1411
-1000	-1000	-1000	-1000
53	87	88	1410
54	88	88	1410
55	87	88	1410
56	87	88	1410
57	88	88	1409
56	88	88	1409
58	87	88	1559
58	88	88	1721
58	88	89	1915
58	88	89	2108
58	88	88	2358
58	88	89	2490
58	88	88	2589
58	88	88	2801
58	88	88	2852
59	88	88	2839
58	88	88	2782
58	88	88	2777
58	88	88	2778
58	88	88	2779
58	88	87	2780
76	91	114	2780
486	440	383	2780
1066	1090	1017	2780
1282	1345	1363	2781
1637	1669	1708	2782
2158	2192	2266	2782
2455	2456	2471	2782
2751	2763	2732	2782
3023	3074	3117	2782
3636	3624	3642	2781
3844	3875	3936	2782
4204	4186	4158	2781
4730	4707	4730	2782
4945	4997	4994	2781
5225	5248	5296	2781
5805	5838	5855	2781
6116	6124	6150	2782
6388	6423	6395	2783
6967	6981	6954	2782
7203	7228	7237	2782
7479	7506	7520	2781
8002	8044	8066	2782
8336	8336	8307	2782
8557	8588	8615	2781
8868	8869	8890	2781
9408	9423	9479	2783
9717	9727	9697	2782
10004	9972	10024	2782
10577	10563	10536	2782
10771	10795	10840	2782
11096	11140	11130	2782
11642	11667	11719	2782
11965	11971	11940	2782
12229	12228	12269	2782
12829	12824	12808	2781
13063	13095	13142	2781
13355	13360	13380	2781
13645	13637	13658	2782
14244	14210	14212	2782
14463	14489	14540	2781
14785	14828	14908	2782
15149	15140	15153	2781
15658	15649	15723	2782
15933	15983	15956	2782
16226	16247	16305	2782
16549	16563	16572	2781
17093	17105	17180	2781
17381	17403	17380	2782
17649	17655	17709	2780
18218	18212	18221	2782
18472	18508	18564	2782
18796	18793	18786	2783
19305	19347	19366	2783
19614	19633	19605	2782
19859	19875	19949	2782
20409	20408	20469	2781
20671	20724	20724	2781
20981	21011	20987	2782
21515	21555	21538	2782
21801	21801	21861	2781
22043	22121	22138	2783
22616	22652	22709	2782
22902	22937	22935	2780
23165	23199	23203	2781
23402	23487	23500	2781
24011	24065	24096	2780
24296	24327	24346	2781
24606	24647	24621	2783
25172	25175	25173	2781
25390	25468	25461	2780
25670	25696	25734	2781
26212	26288	26313	2782
26526	26545	26555	2781
26761	26834	26830	2780
27332	27404	27379	2781
27597	27653	27688	2782
27935	27966	27963	2781
28187	28260	28252	2782
28833	28876	28858	2781
29067	29123	29133	2781
29354	29403	29459	2781
29657	29720	29678	2781
30197	30259	30257	2782
30481	30527	30506	2781
30755	30828	30880	2782
31362	31387	31414	2783
31590	31680	31697	2782
31911	31969	31921	2783
32457	32497	32502	2782
32705	32744	32753	2781
32958	33040	33061	2781
33290	33329	33304	2780
33844	33908	33935	2781
34163	34205	34178	2782
34403	34491	34516	2780
34985	35069	35052	2782
35245	35299	35333	2780
35567	35599	35548	2781
36104	36118	36120	2782
36350	36430	36412	2782
36614	36682	36696	2780
36946	36994	36977	2781
37509	37515	37569	2781
37737	37832	37800	2781
38013	38068	38114	2781
38569	38612	38643	2781
38862	38899	38913	2782
39116	39174	39164	2782
39703	39734	39726	2783
39927	39978	40003	2782
40237	40268	40317	2782
40764	40827	40882	2781
41108	41151	41139	2782
41350	41382	41393	2781
41894	41969	41935	2781
42164	42202	42264	2781
42470	42541	42519	2781
42751	42789	42788	2782
43334	43373	43329	2782
43596	43630	43670	2782
43861	43937	43933	2782
44196	44254	44234	2782
44777	44812	44857	2782
45107	45127	45139	2781
45333	45409	45449	2781
45899	45977	45976	2782
46170	46201	46265	2781
46484	46506	46508	2780
46738	46782	46825	2781
47302	47360	47353	2782
47573	47622	47684	2782
47901	47922	47949	2780
48435	48464	48516	2782
48722	48795	48769	2780
48960	49028	49073	2781
49523	49564	49575	2781
49795	49854	49894	2780
50090	50151	50104	2783
50660	50707	50690	2782
50926	50945	50959	2783
51172	51248	51283	2782
51510	51548	51515	2782
52038	52123	52097	2782
52328	52386	52359	2781
52575	52646	52700	2782
53143	53198	53230	2782
53416	53500	53494	2781
53692	53759	53740	2780
54274	54317	54335	2782
54539	54586	54611	2779
54809	54883	54928	2781
55131	55187	55170	2781
55705	55699	55745	2782
55908	56018	55994	2782
56219	56307	56311	2780
56788	56883	56860	2780
57064	57135	57155	2780
57349	57431	57408	2781
57615	57702	57717	2781
58176	58264	58253	2781
58448	58518	58547	2780
58760	58838	58807	2782
59325	59367	59364	2782
59554	59656	59636	2783
59830	59907	59914	2782
60435	60501	60505	2781
60715	60796	60816	2782
61000	61100	61045	2781
61238	61326	61370	2782
61833	61922	61890	2782
62088	62161	62193	2779
62406	62487	62439	2781
62959	63032	63016	2782
63231	63315	63281	2782
63474	63571	63582	2781
64022	64115	64132	2783
64325	64394	64381	2782
64579	64678	64645	2782
65167	65228	65220	2781
65399	65488	65498	2782
65714	65788	65801	2781
66241	66327	66354	2782
66537	66591	66597	2780
66794	66900	66879	2780
67338	67435	67402	2782
67605	67704	67732	2781
67920	67957	67992	2781
68444	68521	68552	2781
68692	68799	68758	2782
68994	69062	69123	2781
69294	69363	69356	2780
69825	69923	69925	2780
70160	70230	70211	2783
70411	70474	70527	2781
70700	70780	70772	2781
71237	71342	71392	2782
71585	71655	71633	2782
71847	71916	71932	2782
72392	72487	72452	2782
72641	72760	72765	2783
72952	73017	73034	2781
73444	73560	73580	2781
73757	73867	73832	2781
73984	74112	74134	2781
74582	74724	74690	2780
74832	74952	74996	2779
75169	75244	75245	2781
75721	75779	75816	2781
75965	76085	76056	2780
76222	76335	76364	2782
76771	76875	76873	2780
77083	77149	77183	2781
77303	77441	77394	2780
77590	77697	77726	2781
78171	78283	78246	2782
78459	78545	78586	2780
78741	78850	78819	2781
79331	79411	79402	2782
79589	79703	79667	2781
79854	79958	79989	2780
80387	80498	80517	2782
80697	80766	80780	2782
80944	81054	81019	2782
81570	81650	81628	2781
81806	81896	81942	2781
82088	82212	82214	2781
82388	82496	82463	2781
82935	83010	83022	2781
83221	83332	83328	2781
83477	83611	83638	2782
84057	84155	84174	2781
84336	84431	84453	2782
84621	84732	84705	2782
85193	85255	85275	2781
85423	85530	85540	2781
85738	85835	85886	2782
86039	86124	86084	2782
86618	86654	86697	2781
86844	86956	86915	2781
87110	87212	87247	2780
87674	87787	87791	2782
88009	88076	88098	2781
88238	88369	88329	2782
88534	88642	88662	2781
89093	89233	89162	2781
89406	89498	89509	2781
89671	89793	89756	2781
90250	90331	90324	2781
90482	90592	90563	2780
90779	90873	90896	2781
91310	91396	91446	2782
91623	91716	91704	2780
91885	91992	91954	2782
92442	92537	92502	2782
92668	92778	92810	2781
92991	93073	93062	2782
93499	93595	93639	2782
93798	93911	93864	2781
94054	94157	94169	2780
94380	94489	94499	2781
94916	95014	95052	2782
95223	95290	95299	2781
95503	95605	95585	2782
96094	96154	96147	2781
96343	96463	96467	2782
96661	96734	96751	2782
96904	97032	96966	2782
97513	97566	97576	2781
97745	97839	97842	2781
98023	98111	98126	2780
98556	98650	98664	2781
98882	98929	98933	2780
99092	99218	99170	2783
99376	99495	99485	2781
99900	100100	100027	2782
100165	100359	100182	2780
100620	100897	100611	2805
100838	101176	100864	2804
100892	101442	100922	2808
100892	101692	100922	2812
100893	102199	100922	2812
100894	102444	100922	2817
100895	102725	100922	2821
100895	103204	100922	2824
100896	103485	100922	2826
100897	103721	100922	2828
100897	103829	100922	2830
100898	103829	100922	2830
100898	103829	100922	2830
100898	103830	100922	2830
100898	103830	100922	2830
100899	103830	100922	2831
100898	103831	100922	2830
100899	103831	100922	2831
100899	103830	100922	2831
100899	103831	100922	2831
100899	103831	100922	2831
100899	103831	100922	2832
100899	103831	100922	2831
100899	103831	100922	2831
100899	103831	100922	2831
100899	103831	100922	2832
100900	103832	100923	2832
100899	103832	100923	2832
100900	103832	100923	2832
100899	103832	100923	2832
100900	103831	100922	2831
100900	103832	100922	2832
100899	103832	100923	2832
100900	103832	100922	2831
100900	103832	100923	2832
100900	103832	100922	2832
100900	103832	100922	2832
100900	103832	100922	2832
100900	103832	100922	2832
100900	103832	100922	2832
100900	103833	100922	2831
100900	103833	100923	2831
100900	103833	100922	2831
100900	103833	100922	2831
100900	103833	100923	2832
100900	103832	100923	2832
100900	103833	100923	2832
100900	103833	100923	2832
100900	103832	100923	2831
100900	103833	100923	2831
100900	103832	100922	2832
100900	103833	100922	2831
100901	103833	100923	2831
100900	103833	100923	2831
100900	103833	100923	2831
100900	103833	100923	2831
100900	103833	100922	2831
100900	103833	100922	2832
100900	103833	100923	2831
100900	103833	100922	2831
100901	103833	100923	2831
100901	103833	100922	2831
100900	103833	100922	2832
100901	103833	100922	2831
100901	103833	100922	2831
100900	103833	100922	2831
100901	103833	100922	2831
100900	103833	100922	2831
100901	103833	100923	2831
100901	103833	100922	2832
100901	103833	100923	2831
100901	103833	100922	2831
100901	103833	100923	2831
100901	103833	100923	2832
100901	103833	100922	2831
100901	103833	100922	2831
100901	103833	100923	2832
100901	103833	100922	2831
100901	103833	100922	2831
100901	103833	100923	2831
100901	103833	100922	2831
100901	103834	100923	2832
100901	103833	100923	2831
100901	103834	100922	2831
100901	103833	100922	2831
100901	103833	100922	2831
100901	103834	100923	2831
100901	103833	100922	2831
100901	103833	100922	2831
100901	103833	100922	2831
100901	103833	100922	2831
100901	103833	100922	2831
100901	103834	100922	2831
100901	103833	100922	2831
100901	103834	100923	2831
100901	103834	100923	2831
100901	103834	100923	2831
100901	103834	100923	2831
100901	103833	100923	2831
100901	103834	100922	2831
100901	103834	100923	2831
100901	103834	100922	2831
100901	103833	100923	2831
100901	103833	100923	2831
100901	103834	100923	2832
100901	103834	100922	2831
100901	103834	100923	2831
100901	103834	100923	2831
100901	103834	100923	2831
100901	103834	100923	2831
100901	103834	100923	2831
97804	101171	98075	2837
95574	98535	95883	2786
89905	92949	90098	2772
87133	90271	87358	2778
84273	87351	84500	2777
78247	81396	78497	2779
75581	78649	75801	2779
72622	75877	72872	2780
69970	73098	70216	2779
64319	67466	64581	2778
61606	64733	61804	2778
58478	61592	58696	2779
55432	58598	55654	2779
49834	52991	50086	2780
47348	50444	47491	2780
41501	44629	41699	2779
38795	41880	39000	2779
35847	38988	36059	2779
32932	36100	33199	2780
27237	30294	27405	2779
24511	27565	24632	2778
21803	24875	22002	2779
16155	19267	16333	2779
13433	16533	13646	2779
10748	13873	10845	2780
5330	8491	5447	2779
2202	5375	2340	2779
34	2683	106	2779
46	144	76	2779
-1000	-1000	-1000	-1000
51	93	77	2780
51	94	78	2780
52	93	78	2780
54	94	78	2779
56	94	77	2780
55	94	78	2780
56	94	77	2946
56	94	78	3108
55	94	78	3307
56	94	78	3624
57	94	78	3743
56	94	77	3883
57	94	77	4117
56	94	77	4204
57	94	77	4270
57	94	77	4248
56	94	77	4178
56	94	77	4172
56	94	78	4174
57	94	78	4174
57	94	77	4175
74	98	101	4174
799	826	867	4175
1014	1013	950	4174
1276	1286	1358	4174
1602	1621	1614	4173
2132	2135	2233	4174
2430	2417	2397	4174
2710	2683	2718	4173
3319	3261	3244	4176
3528	3498	3599	4174
3800	3797	3806	4174
4320	4336	4375	4174
4649	4606	4606	4173
4870	4861	4948	4174
5423	5391	5444	4174
5675	5678	5735	4174
6014	5970	5970	4173
6540	6502	6546	4174
6792	6770	6818	4174
7051	7071	7117	4173
7612	7598	7682	4174
7910	7908	7930	4174
8206	8168	8218	4173
8803	8773	8789	4173
9051	9016	9088	4174
9306	9297	9335	4173
9838	9845	9887	4175
10190	10144	10156	4175
10449	10390	10455	4173
11030	10951	10970	4174
11215	11213	11265	4173
11564	11529	11558	4173
11865	11823	11849	4174
12447	12396	12402	4174
12693	12665	12716	4174
12955	12919	12982	4174
13258	13225	13233	4173
13827	13816	13867	4173
14142	14073	14105	4174
14353	14335	14438	4174
14912	14886	14968	4174
15188	15170	15224	4172
15450	15427	15456	4176
16042	16021	16018	4175
16288	16255	16328	4173
16591	16565	16622	4173
17136	17127	17206	4173
17446	17408	17427	4173
17679	17647	17721	4172
17967	17974	18011	4172
18565	18536	18608	4173
18834	18825	18848	4173
19128	19068	19119	4172
19731	19704	19728	4174
19986	19951	20019	4173
20246	20258	20299	4172
20594	20539	20560	4172
21121	21113	21162	4175
21439	21388	21435	4176
21658	21658	21750	4175
21988	21979	22000	4173
22515	22517	22596	4174
22861	22827	22853	4174
23100	23071	23161	4173
23649	23637	23671	4172
23909	23873	23989	4174
24220	24197	24223	4174
24752	24707	24787	4172
25009	24977	25021	4172
25273	25221	25370	4173
25802	25775	25881	4173
26106	26065	26141	4173
26349	26336	26369	4172
26936	26907	26943	4171
27180	27158	27248	4174
27474	27454	27518	4173
28006	27980	28052	4173
28296	28276	28292	4172
28568	28537	28626	4173
29113	29068	29138	4173
29366	29368	29458	4174
29692	29666	29668	4174
30199	30194	30237	4174
30494	30425	30486	4174
30720	30717	30787	4172
31276	31265	31344	4173
31566	31548	31591	4174
31857	31834	31862	4173
32450	32432	32464	4176
32701	32667	32739	4174
32957	32961	33046	4173
33271	33243	33262	4172
33838	33830	33858	4173
34098	34068	34112	4173
34350	34354	34428	4173
34980	34967	35015	4173
35240	35226	35306	4173
35558	35519	35499	4173
35775	35789	35861	4172
36370	36360	36410	4175
36627	36611	36685	4174
36952	36902	36942	4172
37509	37463	37531	4174
37739	37741	37786	4174
38020	37999	38094	4173
38585	38569	38633	4173
38917	38888	38977	4174
39215	39168	39204	4174
39461	39440	39517	4173
40014	39963	40027	4173
40262	40247	40345	4174
40573	40541	40548	4173
41116	41089	41107	4173
41385	41360	41399	4172
41646	41634	41713	4173
42208	42203	42274	4172
42485	42521	42536	4172
42805	42766	42791	4173
43365	43365	43342	4173
43619	43603	43660	4173
43866	43881	43905	4172
44175	44172	44188	4174
44752	44731	44772	4172
45032	45022	45053	4173
45277	45300	45365	4173
45845	45858	45920	4172
46140	46112	46168	4173
46401	46368	46421	4172
46999	46955	46987	4173
47244	47219	47289	4172
47505	47507	47574	4172
47822	47787	47834	4172
48386	48355	48387	4173
48619	48609	48669	4173
48888	48884	48923	4173
49443	49454	49510	4172
49755	49745	49759	4173
50030	50003	50063	4174
50624	50578	50601	4173
50862	50852	50920	4173
51146	51153	51172	4173
51418	51398	51445	4172
52023	52018	52026	4173
52298	52298	52330	4172
52552	52555	52635	4174
53073	53103	53178	4173
53391	53394	53411	4172
53641	53653	53693	4173
54192	54218	54211	4173
54446	54466	54545	4172
54763	54759	54785	4172
55279	55266	55343	4172
55566	55586	55587	4173
55814	55853	55902	4172
56145	56131	56161	4172
56685	56695	56764	4172
56978	56980	56988	4172
57245	57266	57293	4173
57791	57829	57814	4175
58064	58083	58157	4175
58366	58386	58393	4174
58915	58961	58986	4172
59237	59251	59238	4172
59474	59510	59573	4172
59776	59788	59804	4173
60293	60347	60386	4173
60603	60640	60629	4172
60845	60866	60948	4172
61411	61423	61464	4177
61662	61740	61760	4173
62003	62033	62028	4174
62514	62580	62595	4173
62844	62868	62875	4172
63067	63132	63174	4174
63647	63675	63722	4173
63882	63935	63963	4174
64256	64277	64271	4174
64497	64555	64582	4173
65049	65115	65113	4174
65284	65354	65397	4173
65646	65672	65685	4172
66183	66188	66259	4173
66418	66502	66477	4172
66694	66744	66801	4172
67236	67297	67317	4173
67551	67568	67625	4173
67784	67860	67871	4172
68383	68399	68439	4173
68632	68677	68685	4174
68938	68975	69040	4174
69197	69268	69270	4173
69821	69875	69904	4172
70087	70165	70139	4173
70374	70416	70494	4173
70682	70710	70717	4174
71174	71272	71281	4174
71524	71540	71530	4175
71742	71797	71855	4175
72331	72358	72371	4174
72578	72658	72684	4174
72924	72954	72952	4174
73184	73223	73257	4174
73779	73834	73814	4174
74059	74126	74144	4174
74358	74382	74422	4173
74873	74951	74997	4174
75212	75235	75248	4173
75466	75538	75546	4173
75754	75812	75852	4174
76322	76389	76419	4172
76642	76675	76714	4174
76906	76990	76961	4173
77213	77277	77312	4173
77768	77835	77822	4174
78059	78115	78157	4174
78345	78397	78378	4174
78900	78931	78951	4172
79161	79192	79230	4173
79449	79509	79542	4174
80013	80046	80083	4173
80278	80334	80358	4173
80583	80647	80625	4172
80874	80906	80937	4173
81429	81477	81471	4173
81666	81733	81763	4174
81999	82039	82015	4174
82531	82559	82575	4175
82790	82841	82838	4177
83022	83094	83112	4175
83613	83650	83704	4175
83900	83951	83982	4173
84194	84233	84220	4173
84764	84785	84781	4174
84995	85037	85065	4174
85281	85294	85352	4173
85804	85877	85924	4173
86165	86160	86197	4174
86419	86455	86441	4174
87013	87039	87033	4174
87248	87274	87336	4173
87554	87574	87592	4177
88066	88108	88150	4173
88346	88397	88382	4172
88602	88648	88682	4172
89132	89213	89167	4171
89444	89491	89525	4173
89737	89782	89768	4174
89980	90014	90077	4173
90556	90607	90593	4172
90807	90855	90923	4172
91142	91172	91162	4174
91631	91708	91729	4173
91947	91969	91975	4172
92199	92264	92326	4174
92793	92807	92840	4173
93038	93104	93126	4174
93358	93389	93345	4175
93901	93946	93976	4174
94181	94221	94210	4174
94455	94514	94563	4174
94775	94805	94795	4175
95299	95339	95370	4178
95582	95616	95624	4177
95854	95914	95953	4175
96422	96501	96489	4173
96718	96747	96802	4173
97002	97039	97015	4176
97575	97564	97587	4176
97775	97858	97829	4172
98071	98101	98114	4173
98363	98415	98386	4173
98957	98963	98983	4174
99182	99272	99225	4175
99456	99516	99523	4174
100028	100088	100077	4173
100316	100376	100360	4173
100588	100677	100551	4173
101124	101227	101034	4174
101339	101517	101347	4174
101593	101769	101468	4184
101646	102281	101568	4217
101646	102566	101568	4218
101646	102621	101569	4218
101646	102621	101569	4216
101647	102621	101569	4215
101646	102621	101569	4216
101646	102622	101570	4216
101646	102622	101570	4215
101647	102622	101570	4215
101647	102622	101571	4215
101647	102621	101570	4215
101647	102622	101570	4215
101647	102622	101571	4215
101647	102622	101571	4215
101646	102622	101571	4214
101647	102622	101571	4215
101647	102622	101571	4215
101647	102622	101571	4214
101647	102622	101571	4215
101647	102622	101571	4214
101647	102622	101571	4214
101647	102622	101571	4214
101647	102622	101572	4214
101647	102622	101572	4214
101646	102622	101572	4214
101647	102622	101572	4214
101647	102622	101572	4214
101647	102622	101572	4214
101647	102622	101572	4214
101647	102622	101572	4214
101647	102622	101572	4214
101647	102622	101572	4214
101647	102622	101572	4214
101647	102622	101573	4214
101647	102622	101572	4213
101647	102622	101572	4214
101647	102622	101572	4214
101647	102622	101572	4214
101647	102623	101573	4214
101647	102622	101573	4213
101647	102622	101573	4214
101647	102623	101573	4214
101647	102623	101573	4213
101647	102622	101572	4214
101647	102623	101573	4213
101647	102623	101573	4214
101647	102623	101573	4213
101647	102622	101573	4213
101647	102623	101573	4213
101647	102623	101573	4214
101647	102623	101573	4213
101647	102622	101573	4213
101647	102623	101573	4213
101647	102623	101573	4213
101647	102623	101573	4213
101647	102623	101573	4214
101647	102623	101573	4213
101647	102623	101573	4213
101647	102623	101573	4213
101647	102623	101573	4213
101647	102623	101573	4213
101647	102623	101573	4213
101647	102623	101573	4213
101647	102623	101573	4213
101647	102623	101573	4212
101647	102623	101573	4213
101647	102623	101573	4213
101647	102623	101573	4213
101647	102623	101573	4213
101647	102623	101573	4213
101647	102623	101573	4213
101647	102623	101573	4213
101647	102623	101573	4213
101647	102623	101573	4213
101647	102624	101573	4213
101647	102623	101574	4213
101647	102623	101573	4213
101647	102623	101573	4213
101647	102623	101573	4213
101647	102624	101573	4213
101647	102623	101573	4213
101647	102623	101573	4213
101647	102623	101574	4213
101647	102623	101574	4213
101647	102623	101573	4213
101647	102624	101573	4213
101647	102623	101574	4213
101647	102623	101574	4213
101647	102623	101574	4212
101647	102623	101574	4213
101647	102623	101574	4213
101646	102623	101574	4213
101647	102623	101574	4213
101647	102624	101573	4213
101647	102624	101574	4213
101647	102623	101574	4213
101647	102623	101574	4212
101647	102623	101574	4213
101647	102623	101573	4212
101647	102623	101573	4213
101647	102623	101574	4213
101647	102623	101574	4213
101647	102623	101574	4213
96353	97072	96391	4196
93121	93927	93239	4183
90274	91070	90309	4184
84667	85482	84727	4183
81941	82766	81976	4183
79278	80014	79315	4182
73664	74429	73648	4182
70658	71377	70594	4181
67907	68636	67847	4181
65254	65973	65137	4180
59788	60458	59707	4179
56875	57590	56827	4179
54011	54677	53947	4180
48574	49293	48510	4179
45831	46588	45883	4179
43084	43852	43194	4179
37635	38417	37721	4179
34993	35717	35038	4179
32222	33005	32299	4180
26810	27572	26889	4180
24169	24820	24180	4180
21263	21946	21226	4180
17988	18678	17974	4180
12552	13272	12670	4180
9877	10587	9950	4180
7106	7809	7190	4180
1498	2185	1587	4179
56	70	70	4180
-1000	-1000	-1000	-1000
64	83	79	4183
68	84	81	4183
68	84	81	4183
68	84	81	4184
68	84	81	4184
68	84	81	4184
68	84	81	4257
68	85	81	4493
68	84	82	4698
68	84	82	4864
68	85	82	5136
68	85	82	5270
68	85	81	5368
68	84	82	5594
68	85	81	5650
68	84	81	5632
68	84	82	5567
68	84	82	5565
68	85	81	5563
68	85	82	5562
68	85	81	5561
88	88	102	5561
429	453	314	5561
795	814	861	5561
1287	1323	1352	5561
1612	1663	1646	5562
1900	1945	1867	5562
2447	2453	2438	5561
2798	2781	2748	5562
3041	3067	3110	5562
3357	3341	3368	5562
3653	3652	3648	5562
4254	4238	4224	5562
4498	4493	4510	5563
4796	4773	4841	5562
5353	5349	5395	5563
5654	5659	5680	5563
5939	5937	5917	5562
6211	6243	6274	5562
6784	6779	6795	5562
7052	7073	7087	5562
7361	7347	7311	5562
7912	7900	7894	5562
8172	8154	8183	5562
8505	8512	8550	5563
8828	8798	8797	5563
9324	9336	9344	5563
9682	9625	9633	5563
9892	9891	9926	5563
10493	10453	10479	5563
10700	10728	10738	5562
11055	11018	10995	5563
11273	11271	11296	5563
11865	11860	11833	5563
12086	12098	12105	5563
12437	12421	12386	5563
12944	12918	12934	5563
13211	13236	13205	5563
13463	13487	13500	5563
14049	14035	14069	5563
14296	14319	14316	5563
14608	14608	14587	5563
15154	15147	15118	5563
15414	15446	15442	5563
15704	15702	15740	5563
16250	16273	16301	5563
16570	16547	16541	5562
16779	16824	16804	5563
17124	17120	17154	5563
17650	17662	17684	5563
17947	17965	17935	5563
18234	18228	18187	5563
18816	18815	18765	5563
19061	19071	19064	5563
19337	19366	19342	5563
19896	19885	19914	5563
20180	20198	20126	5562
20473	20422	20467	5563
20696	20755	20716	5564
21290	21280	21329	5563
21539	21577	21545	5563
21848	21811	21853	5563
22419	22420	22372	5563
22677	22674	22715	5563
22927	22957	22955	5562
23459	23518	23526	5563
23797	23783	23759	5563
24027	24054	24081	5563
24576	24604	24573	5563
24837	24873	24903	5563
25160	25153	25122	5563
25682	25695	25706	5563
25973	25986	25975	5563
26208	26264	26276	5563
26533	26526	26516	5563
27057	27081	27089	5563
27372	27396	27371	5563
27611	27668	27674	5562
28173	28215	28219	5563
28483	28521	28521	5563
28807	28824	28793	5563
29327	29359	29374	5563
29641	29677	29630	5562
29887	29919	29968	5563
30197	30244	30230	5563
30736	30776	30809	5563
31084	31104	31083	5563
31349	31376	31382	5563
31594	31658	31664	5562
32187	32224	32273	5563
32475	32513	32536	5563
32796	32824	32790	5563
33021	33093	33112	5563
33639	33672	33653	5563
33876	33935	33977	5563
34233	34248	34210	5563
34764	34770	34786	5563
35046	35106	35059	5562
35283	35336	35370	5563
35650	35669	35627	5562
36175	36204	36225	5562
36459	36512	36480	5563
36708	36743	36778	5562
37260	37312	37299	5563
37549	37583	37640	5563
37829	37880	37848	5562
38391	38418	38416	5562
38636	38679	38670	5563
38912	38954	38975	5562
39473	39506	39542	5563
39762	39804	39800	5563
40058	40086	40060	5563
40627	40650	40612	5563
40860	40881	40917	5563
41136	41199	41179	5563
41443	41487	41427	5563
41993	42042	41999	5563
42275	42294	42317	5563
42512	42618	42591	5563
43077	43143	43157	5563
43373	43424	43378	5562
43651	43693	43678	5562
44227	44274	44235	5563
44490	44549	44569	5562
44773	44808	44798	5563
45023	45088	45077	5564
45622	45642	45598	5563
45853	45931	45936	5563
46401	46466	46430	5563
46677	46753	46756	5563
46997	47014	46986	5563
47231	47294	47282	5563
47794	47866	47821	5563
48061	48144	48132	5563
48395	48403	48392	5563
48926	48997	48979	5563
49243	49287	49234	5563
49467	49535	49542	5563
50006	50073	50054	5563
50271	50376	50350	5563
50644	50680	50636	5563
50893	50947	50938	5563
51457	51528	51471	5563
51669	51758	51755	5563
52008	52051	51998	5563
52522	52598	52583	5563
52832	52895	52836	5563
53090	53160	53182	5563
53400	53468	53430	5563
53948	54011	54029	5563
54239	54296	54245	5563
54512	54551	54573	5563
55067	55144	55081	5563
55318	55385	55381	5563
55645	55667	55635	5563
56156	56202	56183	5563
56419	56519	56430	5563
56686	56768	56774	5563
57219	57286	57283	5563
57521	57583	57563	5563
57760	57860	57791	5563
58361	58413	58367	5563
58604	58683	58654	5563
58892	58973	58928	5563
59415	59503	59489	5563
59739	59799	59740	5563
59977	60067	60036	5563
60583	60662	60586	5563
60825	60897	60923	5562
61122	61193	61140	5563
61376	61454	61437	5563
61982	62052	61989	5563
62235	62311	62308	5563
62485	62575	62531	5563
63040	63153	63129	5563
63397	63433	63381	5563
63628	63711	63697	5563
63880	63970	63928	5563
64483	64588	64565	5563
64785	64826	64808	5563
65040	65143	65085	5563
65627	65681	65641	5563
65856	65953	65918	5563
66171	66211	66192	5563
66737	66834	66813	5563
67056	67097	67071	5563
67285	67383	67319	5563
67842	67927	67851	5563
68104	68176	68157	5563
68428	68486	68440	5563
68667	68781	68695	5562
69233	69329	69245	5563
69480	69558	69571	5563
69794	69864	69819	5563
70316	70405	70401	5563
70614	70686	70624	5563
70859	70941	70949	5563
71458	71523	71489	5563
71661	71783	71760	5563
72005	72054	72009	5563
72510	72603	72556	5563
72791	72921	72835	5563
73078	73171	73174	5563
73624	73710	73699	5563
73902	74011	73954	5563
74173	74283	74217	5563
74763	74815	74804	5563
75022	75126	75085	5563
75306	75415	75398	5563
75869	75989	75973	5563
76175	76220	76215	5563
76430	76538	76481	5563
77009	77067	77047	5563
77246	77343	77336	5563
77553	77613	77623	5563
77805	77916	77862	5563
78382	78420	78417	5563
78627	78710	78707	5563
78900	78977	78964	5563
79440	79541	79555	5563
79770	79830	79793	5563
80018	80112	80092	5563
80563	80678	80628	5563
80852	80937	80955	5563
81149	81226	81199	5563
81663	81785	81765	5563
82001	82081	82035	5563
82233	82331	82344	5563
82545	82632	82628	5563
83057	83177	83179	5563
83413	83485	83440	5563
83691	83765	83741	5563
84244	84333	84257	5563
84464	84568	84587	5563
84800	84871	84859	5563
85051	85162	85095	5563
85638	85694	85661	5563
85885	86003	85973	5563
86180	86292	86289	5563
86755	86868	86875	5563
87067	87114	87117	5563
87297	87386	87366	5563
87845	87962	87885	5563
88128	88250	88240	5563
88449	88526	88506	5563
88677	88817	88762	5563
89271	89352	89314	5563
89533	89617	89654	5563
89824	89905	89879	5563
90358	90466	90476	5563
90676	90740	90718	5563
90931	91031	91025	5563
91515	91613	91555	5563
91741	91845	91868	5563
92067	92131	92114	5563
92566	92698	92671	5563
92895	92983	92923	5563
93158	93244	93249	5563
93736	93846	93777	5563
93959	94076	94074	5563
94285	94380	94322	5563
94551	94647	94621	5563
95114	95241	95168	5563
95343	95464	95480	5563
95707	95778	95756	5563
96224	96331	96314	5563
96557	96624	96606	5563
96790	96909	96857	5563
97333	97470	97397	5563
97629	97720	97702	5563
97891	97992	97959	5563
98464	98532	98501	5563
98688	98820	98727	5563
98998	99090	99071	5563
99528	99625	99595	5563
99824	99924	99864	5563
100082	100204	100095	5563
100348	100470	100438	5563
100974	101070	100991	5563
101232	101358	101279	5563
101535	101629	101439	5563
101776	101913	101791	5563
102267	102493	102268	5573
102519	102740	102397	5580
102735	103015	102723	5602
103173	103574	103097	5604
103200	103858	103172	5607
103202	104088	103173	5607
103203	104367	103173	5606
103205	104897	103173	5608
103206	105170	103173	5611
103207	105430	103173	5612
103209	105910	103173	5617
103211	106150	103173	5620
103212	106182	103173	5620
103212	106184	103173	5621
103214	106186	103173	5624
103214	106186	103173	5624
103214	106187	103173	5624
103215	106187	103174	5625
103215	106188	103174	5626
103215	106188	103174	5626
103215	106189	103174	5626
103216	106189	103174	5626
103215	106189	103174	5626
103216	106189	103174	5626
103216	106189	103174	5626
103216	106190	103174	5626
103216	106190	103174	5626
103217	106190	103174	5626
103216	106191	103174	5627
103217	106191	103174	5626
103217	106191	103174	5626
103217	106191	103174	5626
103217	106191	103174	5627
103217	106192	103174	5626
103217	106192	103174	5626
103217	106192	103174	5626
103217	106192	103174	5626
103217	106192	103174	5627
103217	106192	103174	5627
103217	106192	103174	5626
103217	106192	103174	5627
103217	106192	103174	5626
103217	106192	103174	5627
103218	106193	103174	5627
103217	106193	103174	5627
103217	106193	103174	5627
103218	106193	103174	5627
103218	106193	103174	5627
103218	106193	103174	5626
103218	106194	103174	5626
103218	106193	103175	5626
103218	106194	103174	5626
103218	106194	103175	5627
103218	106194	103174	5627
103218	106194	103174	5627
103218	106194	103174	5627
103218	106194	103174	5626
103218	106194	103174	5627
103218	106195	103174	5627
103218	106195	103174	5627
103218	106195	103175	5626
103218	106195	103174	5626
103218	106195	103174	5627
103218	106195	103174	5626
103218	106196	103174	5626
103218	106195	103174	5627
103218	106195	103174	5626
103218	106195	103174	5626
103219	106196	103174	5626
103218	106196	103175	5626
103218	106196	103174	5627
103218	106196	103175	5626
103218	106196	103174	5626
103218	106196	103175	5626
103219	106196	103174	5627
103218	106196	103174	5626
103219	106196	103174	5627
103219	106197	103174	5627
103219	106196	103174	5627
103219	106196	103175	5627
103219	106196	103174	5627
103219	106197	103175	5627
103219	106197	103174	5627
103219	106197	103174	5626
103219	106197	103175	5627
103219	106197	103174	5627
103219	106197	103174	5627
103219	106197	103174	5627
103219	106197	103175	5626
103219	106197	103175	5626
103219	106197	103174	5627
103219	106197	103174	5627
103219	106197	103174	5627
103219	106197	103174	5626
103219	106197	103175	5626
103219	106197	103175	5627
103219	106197	103174	5627
103219	106198	103174	5626
103219	106198	103175	5627
103219	106198	103174	5627
103219	106198	103174	5626
103219	106198	103174	5626
103219	106198	103175	5626
103219	106198	103174	5626
103219	106198	103174	5627
103219	106198	103174	5627
103219	106198	103175	5627
103219	106198	103174	5627
103219	106198	103174	5626
103219	106198	103174	5627
103219	106199	103174	5627
103219	106199	103175	5627
103219	106199	103174	5627
100725	104052	100838	5626
98209	101167	98279	5588
92576	95674	92660	5556
89840	92995	89875	5559
87103	90266	87191	5559
84405	87583	84493	5559
78395	81599	78458	5560
75631	78707	75605	5559
72886	75954	72823	5560
67297	70360	67205	5558
64392	67484	64349	5560
61555	64661	61463	5561
56102	59206	56004	5561
53351	56469	53279	5560
50709	53725	50564	5558
47734	50874	47616	5560
42130	45264	42080	5560
39281	42370	39180	5560
36547	39619	36417	5561
30992	34067	30853	5562
28224	31314	28185	5563
25525	28635	25473	5563
20111	23173	20017	5561
17339	20454	17279	5558
14695	17725	14627	5561
9240	12273	9141	5560
6486	9526	6434	5560
3548	6646	3579	5559
44	1241	105	5560
54	91	111	5560
55	94	111	5560
56	95	111	5560
56	95	111	5565
-1000	-1000	-1000	-1000
57	95	111	5562
57	95	111	5561
57	95	111	5561
57	95	111	5560
57	95	111	5561
57	95	111	5617
57	95	112	5761
57	95	112	5956
57	95	112	6146
57	95	112	6430
57	95	111	6523
57	95	111	6642
57	95	111	6981
57	95	111	7069
57	95	111	7086
57	95	111	7050
57	95	111	6999
57	95	111	7001
58	95	111	7001
57	95	111	7001
57	95	111	7001
77	99	130	7001
785	837	866	7001
1032	1039	968	7000
1283	1309	1358	7000
1613	1640	1617	7000
2152	2159	2236	6999
2432	2434	2408	6999
2708	2697	2723	7000
3296	3265	3220	6999
3492	3510	3575	6999
3807	3794	3763	6999
4337	4374	4379	6999
4681	4667	4622	6999
4906	4919	4957	6999
5490	5493	5470	6999
5721	5760	5771	6999
6070	6041	6025	6999
6563	6574	6579	6999
6912	6920	6872	6999
7149	7175	7193	6999
7465	7473	7449	6999
7968	8003	8009	6999
8298	8299	8248	6998
8534	8549	8571	6998
9085	9106	9096	6998
9323	9359	9337	6999
9682	9660	9619	6999
10184	10211	10168	6999
10488	10484	10473	6999
10666	10740	10718	6999
11249	11288	11297	6998
11546	11563	11554	6999
11849	11867	11836	6999
12417	12397	12369	6998
12650	12671	12689	6999
12932	12924	12940	6998
13208	13234	13196	6999
13801	13789	13760	6998
14047	14041	14070	6998
14288	14307	14317	6999
14808	14855	14885	6998
15172	15171	15161	6999
15425	15466	15443	6998
16016	16034	15974	6998
16260	16275	16296	6998
16576	16574	16560	6999
16808	16875	16802	6999
17440	17445	17380	6999
17667	17697	17702	6999
17937	18001	17943	6999
18488	18528	18504	6998
18792	18813	18728	6998
19054	19070	19064	6999
19639	19670	19587	6999
19870	19909	19905	6999
20167	20201	20111	6998
20675	20771	20698	6998
21039	21059	20984	6998
21271	21307	21313	6998
21807	21807	21834	6998
22060	22134	22081	6998
22401	22413	22346	6999
22907	22941	22896	6998
23193	23215	23192	6998
23431	23509	23474	6998
24015	24052	24058	6998
24305	24325	24302	6999
24588	24599	24560	6999
25177	25164	25093	6998
25413	25453	25446	6998
25684	25709	25699	6998
26218	26276	26253	6999
26538	26538	26490	6998
26790	26839	26805	6998
27053	27095	27070	6998
27607	27656	27630	6998
27911	27910	27844	6998
28141	28194	28189	6998
28721	28760	28699	6998
28961	29014	28986	6999
29282	29308	29246	6998
29801	29847	29824	6998
30135	30147	30086	6999
30398	30415	30418	6998
30965	30988	30953	6998
31192	31251	31208	6998
31532	31533	31471	6998
32045	32057	32016	6998
32321	32351	32301	6998
32546	32593	32583	6998
33145	33172	33150	6998
33407	33432	33410	6998
33721	33753	33670	6998
33941	33997	33980	6999
34512	34546	34525	6998
34788	34812	34774	6998
35061	35118	35046	6998
35634	35642	35533	6998
35876	35933	35908	6998
36153	36186	36156	6998
36700	36750	36725	6998
37032	37038	37012	6998
37277	37345	37294	6999
37877	37895	37832	6998
38119	38147	38157	6998
38422	38466	38425	6998
38751	38778	38698	6998
39293	39303	39262	6998
39573	39591	39554	6998
39812	39874	39851	6999
40387	40396	40411	6998
40661	40671	40640	6998
40932	40935	40932	6999
41490	41522	41437	6998
41756	41778	41763	6998
42018	42063	42003	6998
42339	42333	42317	6998
42928	42969	42894	6998
43225	43228	43191	6998
43448	43515	43478	6999
43815	43831	43737	6998
44338	44357	44321	6998
44626	44674	44614	6998
44888	44929	44902	6998
45442	45491	45458	6998
45773	45783	45790	6998
46067	46083	46014	6998
46600	46610	46579	6999
46868	46882	46849	6998
47133	47176	47164	6998
47466	47476	47424	6998
47978	48001	47988	6998
48259	48295	48222	6999
48544	48556	48562	6998
49113	49122	49102	6998
49374	49430	49392	6998
49721	49741	49639	6999
50213	50262	50204	6998
50524	50518	50502	6998
50722	50813	50749	6998
51308	51336	51321	6998
51571	51621	51555	6999
51873	51903	51895	6998
52454	52473	52403	6998
52719	52752	52751	6998
52970	53021	52980	6999
53272	53307	53251	6998
53852	53860	53796	6998
54083	54132	54117	6998
54368	54412	54382	6998
54920	54947	54953	6998
55235	55235	55181	6998
55468	55518	55488	6998
56038	56066	56004	6998
56299	56346	56315	6998
56614	56597	56554	6998
57095	57140	57109	6999
57453	57463	57388	6998
57688	57720	57704	6998
58247	58305	58239	6998
58502	58548	58529	6999
58831	58850	58768	6998
59362	59370	59333	6998
59596	59658	59616	6999
59869	59916	59888	6998
60201	60225	60163	6998
60739	60771	60771	6999
61040	61078	61000	6998
61279	61317	61331	6999
61842	61872	61857	6998
62105	62124	62106	6998
62423	62460	62385	6998
62966	63007	62948	6998
63252	63265	63241	6998
63490	63556	63491	6998
64069	64112	64082	6998
64327	64370	64326	6998
64633	64698	64612	6998
65192	65220	65160	6999
65458	65494	65477	6998
65737	65782	65753	6998
66002	66053	65982	6998
66620	66622	66606	6998
66870	66915	66877	6999
67149	67204	67189	6998
67711	67762	67750	6998
68008	68023	68016	6998
68278	68331	68273	6998
68561	68625	68608	6999
69123	69192	69142	6998
69419	69482	69459	6998
69745	69775	69706	6998
70268	70293	70272	6998
70523	70592	70542	6998
70773	70862	70819	6998
71132	71166	71107	6998
71636	71709	71662	6998
71973	72008	71938	6998
72188	72249	72214	6998
72759	72834	72776	6998
73036	73091	73041	6998
73315	73390	73303	6999
73883	73934	73862	6998
74127	74214	74154	6998
74421	74503	74439	6998
75000	75069	75034	6998
75279	75354	75302	6998
75556	75618	75548	6998
75834	75911	75892	6998
76391	76473	76420	6998
76666	76748	76705	6999
76969	77042	76950	6998
77536	77566	77546	6998
77820	77896	77825	6998
78089	78178	78146	6999
78640	78704	78688	6998
78907	78965	78932	6999
79184	79257	79199	6999
79438	79527	79500	6998
80026	80102	80067	6998
80280	80374	80330	6999
80594	80676	80580	6998
81147	81200	81136	6999
81398	81495	81448	6999
81659	81743	81687	6998
82216	82300	82252	6999
82518	82548	82506	6998
82790	82869	82824	6998
83352	83421	83339	6999
83575	83653	83645	6998
83900	83980	83923	6998
84199	84281	84204	6999
84801	84842	84795	6998
85034	85117	85071	6998
85313	85376	85360	6998
85841	85929	85922	6998
86171	86194	86158	6998
86404	86477	86421	6998
86944	87027	86943	6999
87216	87282	87282	6998
87536	87590	87539	6998
88045	88110	88094	6998
88315	88400	88319	6999
88599	88670	88647	6999
88921	88987	88930	6998
89463	89536	89493	6998
89786	89838	89756	6998
90027	90081	90082	6998
90623	90700	90601	6999
90876	90942	90953	6999
91162	91225	91164	6999
91450	91510	91471	6998
92036	92089	92007	6998
92273	92327	92333	6998
92540	92636	92580	6998
93091	93179	93139	6998
93420	93449	93370	6998
93678	93736	93712	6998
94251	94313	94231	6999
94486	94569	94563	6998
94832	94860	94844	6998
95326	95412	95390	6999
95653	95708	95620	6999
95929	95998	95964	6998
96230	96289	96230	6998
96738	96831	96778	6999
97085	97129	97017	6998
97329	97432	97348	6998
97617	97696	97613	6998
98178	98253	98183	6998
98477	98540	98447	6998
98737	98842	98708	6998
99301	99361	99231	6999
99557	99629	99551	6998
99842	99926	99797	6998
100383	100469	100351	6999
100709	100760	100633	6998
100965	101028	100924	6999
101538	101623	101443	6998
101787	101863	101483	6998
102094	102158	101483	6998
102361	102463	101483	6998
102976	103037	101484	6999
103209	103325	101483	6999
103463	103573	101483	7000
103957	104144	101484	7007
104250	104430	101483	7015
104511	104762	101484	7035
104769	105009	101484	7041
105258	105577	101484	7037
105446	105830	101483	7038
105458	106137	101483	7037
105460	106635	101484	7038
105461	106893	101484	7039
105461	107129	101484	7039
105462	107659	101484	7040
105463	107904	101484	7041
105463	108165	101484	7042
105464	108464	101484	7044
105464	108464	101484	7044
105465	108465	101484	7045
105465	108465	101484	7046
105465	108466	101484	7045
105465	108466	101484	7045
105465	108466	101484	7046
105466	108466	101484	7046
105466	108466	101483	7046
105466	108467	101484	7046
105466	108467	101484	7046
105466	108467	101484	7046
105466	108468	101484	7046
105466	108468	101484	7046
105466	108468	101484	7046
105466	108468	101484	7046
105467	108468	101484	7046
105467	108468	101484	7046
105467	108468	101484	7046
105467	108469	101484	7046
105467	108469	101484	7046
105467	108469	101484	7046
105467	108469	101484	7046
105467	108469	101484	7046
105467	108469	101483	7046
105467	108469	101484	7046
105467	108470	101484	7046
105467	108469	101484	7046
105467	108470	101484	7046
105467	108470	101483	7046
105467	108470	101484	7046
105467	108470	101484	7046
105467	108470	101484	7046
105468	108470	101484	7046
105468	108470	101484	7046
105468	108470	101484	7046
105467	108470	101484	7046
105467	108470	101484	7047
105467	108471	101484	7047
105467	108470	101483	7046
105467	108470	101484	7046
105468	108470	101484	7046
105468	108471	101484	7046
105467	108471	101484	7046
105468	108471	101484	7046
105467	108471	101484	7046
105467	108471	101484	7046
105468	108471	101484	7046
105467	108471	101484	7046
105467	108471	101484	7046
105468	108471	101484	7046
105468	108471	101484	7046
105467	108471	101484	7046
105468	108471	101484	7046
105468	108471	101484	7046
105468	108471	101484	7046
105468	108471	101484	7046
105468	108471	101484	7046
105468	108471	101484	7046
105468	108471	101484	7046
105468	108471	101484	7046
105468	108471	101484	7046
105468	108471	101484	7046
105468	108471	101484	7046
105468	108471	101484	7046
105468	108471	101483	7046
105468	108471	101484	7046
105468	108471	101484	7046
105468	108471	101484	7046
105468	108471	101484	7046
105468	108471	101484	7046
105468	108471	101484	7046
105468	108471	101484	7046
105468	108472	101484	7046
105468	108471	101483	7046
105468	108471	101484	7046
105468	108472	101484	7046
105468	108471	101484	7046
105468	108471	101484	7046
105468	108471	101484	7046
105468	108471	101484	7046
105468	108471	101484	7046
105468	108471	101484	7046
105468	108471	101484	7046
105468	108472	101483	7046
105468	108471	101484	7046
105468	108472	101484	7046
105468	108472	101484	7046
105468	108471	101484	7046
105468	108472	101484	7046
105468	108472	101484	7046
105468	108472	101484	7046
105468	108471	101484	7046
105468	108472	101484	7046
105468	108472	101484	7047
105468	108472	101484	7046
105468	108472	101484	7046
105468	108472	101484	7046
105468	108472	101484	7046
105469	108472	101484	7046
105468	108472	101484	7046
105468	108472	101484	7046
100373	103162	96209	7003
97268	100191	92981	6990
94399	97325	90054	6983
89024	91861	84648	6984
86284	89208	81986	6985
83623	86487	79358	6985
78185	81042	73846	6983
75311	78123	70922	6987
72504	75419	68200	6985
67147	69992	62778	6984
63907	66740	59572	6984
61162	63993	56831	6984
58431	61272	54137	6985
52861	55694	48561	6989
50177	52913	45919	6985
47419	50227	43185	6985
41817	44619	37567	6985
39166	41868	34839	6985
36271	39050	31937	6986
30845	33604	26557	6986
28110	30881	23812	6985
25428	28125	21056	6986
22175	24914	17833	6985
16763	19445	12394	6986
14076	16770	9630	6985
11299	14021	6866	6983
5706	8380	1277	6984
2743	5555	89	6983
260	2810	94	6985
77	103	95	6983
77	104	95	6984
77	104	95	6984
-1000	-1000	-1000	-1000
77	104	95	6984
78	103	95	6985
77	103	95	6984
78	104	95	6984
