59	114	121	70
58	113	122	70
59	113	121	69
59	113	121	69
70	117	140	70
416	344	301	70
787	826	861	70
1266	1261	1344	69
1572	1608	1581	69
1809	1851	1819	70
2391	2392	2344	69
2655	2658	2684	70
2925	2952	2983	69
3277	3263	3213	69
3820	3825	3819	69
4133	4108	4099	69
4379	4403	4438	69
4925	4944	4974	69
5212	5213	5237	70
5593	5559	5548	69
5836	5847	5862	69
6396	6420	6394	69
6660	6678	6706	70
6983	6972	6981	69
7239	7256	7257	69
7841	7844	7804	69
8073	8067	8131	69
8365	8372	8371	69
8876	8885	8935	69
9197	9195	9160	69
9464	9443	9514	69
10067	10015	10052	69
10255	10297	10314	69
10593	10590	10565	69
11088	11143	11127	69
11431	11421	11396	69
11643	11660	11717	69
12206	12196	12252	69
12467	12488	12495	69
12765	12754	12760	69
13324	13324	13308	69
13571	13561	13610	69
13831	13847	13876	69
14165	14133	14140	69
14722	14693	14693	69
14956	14952	15004	69
15235	15242	15314	69
15835	15838	15885	69
16120	16088	16162	69
16409	16395	16406	69
16671	16686	16741	69
17288	17320	17311	69
17614	17615	17682	69
17926	17958	17969	69
18210	18199	18219	69
18784	18791	18777	69
19029	19020	19074	69
19613	19598	19592	69
20032	20043	20031	69
20289	20285	20324	69
20845	20838	20897	69
21112	21121	21137	69
21441	21432	21447	69
21665	21681	21758	69
22271	22239	22296	69
22509	22525	22566	69
22824	22831	22817	69
23369	23382	23393	69
23651	23665	23671	69
23919	23921	23989	69
24259	24241	24239	69
24788	24772	24837	69
25040	25065	25044	69
25618	25603	25617	69
25853	25842	25912	69
26130	26140	26175	69
26395	26408	26421	69
26993	26965	27002	69
27226	27232	27283	69
27516	27511	27585	69
28068	28063	28143	69
28368	28365	28391	69
28623	28610	28681	69
29218	29211	29225	69
29482	29474	29559	69
29748	29752	29808	69
30037	29996	30062	69
30620	30590	30622	69
30864	30842	30933	69
31132	31147	31227	69
31699	31702	31793	69
32003	31983	32045	69
32259	32233	32298	69
32893	32849	32908	69
33125	33106	33162	69
33415	33391	33488	69
33695	33667	33690	69
34294	34276	34347	69
34555	34532	34578	69
34835	34819	34935	69
35370	35365	35425	69
35670	35659	35691	69
35920	35916	35958	69
36513	36501	36539	69
36752	36739	36826	69
37046	37020	37103	69
37572	37543	37683	69
37859	37860	37895	69
38126	38106	38201	69
38688	38680	38720	69
38964	38957	39066	69
39274	39248	39300	69
39778	39789	39851	69
40069	40057	40079	69
40325	40305	40410	69
40891	40857	40942	69
41144	41168	41207	69
41439	41412	41440	69
41985	41986	41995	69
42267	42234	42313	69
42503	42535	42568	69
43060	43072	43149	69
43367	43367	43357	69
43621	43612	43675	69
44183	44179	44203	69
44422	44417	44507	69
44732	44724	44743	69
45034	45019	45061	69
45600	45581	45590	69
45839	45838	45925	69
46132	46104	46159	69
46659	46674	46746	69
46980	46957	46967	69
47208	47220	47285	69
47759	47766	47811	68
48075	48076	48158	69
48386	48369	48412	69
48638	48628	48689	69
49234	49193	49237	69
49447	49468	49539	68
49755	49759	49787	69
50240	50276	50331	69
50591	50537	50579	69
50816	50829	50908	69
51387	51360	51429	69
51608	51654	51711	69
51990	51968	51988	69
52502	52511	52563	69
52804	52785	52834	69
53030	53065	53150	69
53646	53649	53700	69
53914	53907	53995	69
54185	54225	54226	69
54450	54453	54552	69
55022	55027	55067	69
55270	55275	55382	69
55586	55595	55614	69
56151	56139	56219	69
56394	56437	56445	69
56677	56683	56786	69
57210	57238	57289	69
57511	57513	57585	69
57750	57785	57800	69
58331	58346	58366	69
58566	58582	58664	69
58872	58882	58933	69
59419	59438	59520	69
59739	59746	59757	69
59982	59987	60048	69
60281	60307	60369	69
60854	60861	60946	69
61140	61159	61193	69
61418	61407	61457	69
61681	61728	61792	69
62287	62283	62347	69
62543	62573	62621	69
62875	62843	62886	69
63416	63397	63425	69
63667	63666	63720	69
63921	63950	63986	69
64496	64515	64567	69
64809	64810	64846	69
65073	65090	65116	69
65646	65641	65655	69
65897	65907	65943	69
66187	66166	66222	69
66699	66706	66771	69
67030	67009	67028	69
67279	67288	67321	69
67584	67566	67652	69
68139	68146	68210	69
68441	68415	68476	69
68678	68694	68705	69
69277	69285	69287	69
69522	69509	69585	69
69798	69824	69862	69
70361	70356	70446	69
70665	70659	70651	69
70907	70886	70969	69
71169	71203	71219	69
71801	71789	71865	69
72051	72081	72078	69
72378	72351	72383	69
72635	72665	72683	69
73258	73257	73291	69
73512	73523	73564	69
73835	73831	73820	69
74092	74100	74140	69
74662	74677	74677	69
74914	74921	74986	69
75242	75215	75222	68
75775	75756	75810	69
76077	76070	76062	69
76308	76316	76375	69
76873	76888	76886	69
77146	77142	77205	69
77423	77443	77425	69
78013	77974	78021	68
78239	78261	78243	69
78580	78584	78643	69
78887	78881	78889	69
79420	79442	79464	68
79722	79714	79685	69
79987	80005	80041	69
80553	80573	80561	69
80812	80833	80848	69
81118	81123	81097	69
81412	81415	81448	69
82028	82027	82016	69
82288	82288	82336	69
82559	82568	82577	69
82870	82897	82866	69
83422	83438	83424	69
83690	83679	83721	69
83944	83957	83979	69
84518	84547	84584	69
84816	84820	84832	69
85073	85102	85084	68
85683	85673	85665	68
85919	85947	85958	68
86199	86209	86247	69
86468	86497	86457	69
87056	87050	87042	69
87288	87302	87336	69
87568	87636	87632	68
88143	88205	88222	68
88454	88462	88494	68
88698	88766	88744	68
88982	89035	89057	69
89548	89571	89636	68
89840	89894	89888	69
90153	90186	90169	68
90714	90729	90738	69
90967	90983	91016	68
91231	91297	91343	69
91835	91849	91903	69
92109	92153	92184	69
92433	92468	92445	68
92998	93015	93017	69
93255	93275	93277	69
93505	93548	93602	68
93834	93876	93842	69
94374	94438	94448	69
94659	94698	94662	68
94919	94951	95019	68
95476	95502	95537	68
95749	95811	95827	68
96049	96110	96060	68
96621	96620	96640	68
96841	96898	96890	68
97135	97157	97153	68
97662	97698	97680	69
97969	97974	97863	69
98194	98177	98126	69
98454	98423	98278	70
98961	98921	98672	75
99105	99143	98968	78
99442	99441	99124	86
99498	99507	99151	98
99499	99507	99151	100
99499	99507	99152	101
99499	99508	99153	102
99499	99508	99153	102
99500	99508	99153	102
99500	99508	99153	103
99500	99508	99154	103
99500	99508	99154	104
99500	99508	99154	104
99500	99508	99154	104
99500	99508	99154	105
99500	99508	99154	105
99500	99508	99155	106
99500	99509	99155	106
99500	99509	99155	106
99501	99509	99155	107
99501	99509	99155	107
99500	99509	99155	107
99501	99509	99155	107
99501	99509	99155	107
99501	99509	99155	107
99501	99509	99155	107
99501	99509	99155	107
99501	99509	99155	107
99501	99509	99156	108
99502	99509	99156	108
99501	99509	99155	108
99501	99509	99155	108
99501	99509	99155	108
99501	99509	99156	109
99501	99509	99155	108
99502	99509	99155	108
99501	99509	99155	108
99502	99509	99155	109
99502	99509	99156	109
99501	99509	99155	109
99502	99509	99156	109
99502	99509	99156	109
99502	99509	99156	109
99502	99509	99156	109
99502	99509	99156	109
99502	99509	99156	109
99502	99509	99156	109
99502	99509	99156	109
99502	99509	99156	109
99502	99509	99156	109
99502	99509	99156	109
99502	99509	99156	109
99503	99510	99156	109
99502	99510	99156	109
99502	99510	99156	109
99502	99509	99156	109
99503	99509	99156	109
99502	99510	99156	109
99503	99510	99156	109
99503	99509	99156	110
99502	99509	99156	109
99503	99510	99156	109
99503	99509	99156	109
99503	99510	99156	109
99503	99510	99157	110
99503	99510	99156	109
99503	99510	99156	109
99503	99509	99157	110
99503	99510	99156	109
99503	99509	99156	110
99503	99510	99156	109
99503	99510	99156	110
99503	99510	99156	109
99503	99509	99156	110
99503	99510	99156	110
99503	99510	99156	110
99503	99510	99156	110
99503	99510	99156	110
99503	99510	99156	110
99503	99510	99156	110
99503	99510	99156	110
99503	99510	99156	110
99503	99510	99157	110
99504	99510	99156	110
99504	99510	99156	110
99504	99509	99156	110
99504	99510	99156	110
99503	99509	99156	110
99504	99510	99157	110
99504	99510	99156	110
99504	99510	99156	110
99504	99510	99156	110
99504	99510	99156	111
99504	99510	99157	110
99504	99509	99157	111
99504	99510	99157	111
99504	99510	99156	111
99504	99510	99157	111
99504	99509	99156	110
99504	99510	99156	111
99504	99510	99156	110
99504	99510	99156	111
99504	99510	99157	111
99504	99510	99156	110
99504	99510	99157	110
96922	97529	97460	114
91498	91841	91699	77
88870	89196	89112	72
86074	86491	86307	71
80473	80867	80725	70
77752	78173	77993	70
75031	75449	75315	69
71760	72195	72041	69
66124	66537	66434	68
63208	63638	63499	68
60485	60934	60822	67
55147	55481	55371	66
52182	52569	52458	66
49291	49642	49548	65
46597	46938	46857	66
41019	41334	41182	65
38309	38663	38516	65
35559	35951	35797	66
30246	30556	30356	65
27556	27879	27612	65
22138	22392	22146	66
19470	19728	19482	65
16708	17042	16711	65
11234	11531	11283	65
8550	8860	8526	65
5656	5977	5662	65
2893	3251	2948	65
48	91	95	68
50	93	97	65
-1000	-1000	-1000	-1000
51	93	97	66
57	93	98	66
58	93	98	66
58	93	98	66
58	93	98	66
58	93	97	106
58	93	98	188
58	93	98	468
58	93	98	687
58	93	98	832
58	93	98	967
58	93	98	1196
58	93	98	1303
58	93	98	1395
58	93	98	1438
58	93	98	1422
58	93	98	1418
58	93	98	1418
58	93	98	1417
58	94	98	1417
58	93	98	1416
496	431	346	1416
788	831	857	1416
1013	1027	917	1416
1591	1628	1546	1416
1837	1867	1828	1415
2109	2112	2174	1415
2676	2661	2694	1415
2920	2950	2946	1415
3267	3214	3186	1415
3788	3774	3718	1415
4026	4015	4053	1415
4297	4318	4303	1415
4850	4856	4906	1415
5155	5125	5106	1415
5398	5397	5415	1414
5965	5959	5922	1415
6234	6246	6285	1415
6539	6518	6511	1414
6782	6778	6800	1415
7401	7395	7354	1415
7654	7642	7698	1414
7935	7948	7959	1414
8480	8496	8530	1415
8786	8783	8746	1414
9042	9023	9074	1414
9641	9573	9595	1414
9834	9864	9878	1414
10169	10148	10134	1414
10648	10700	10679	1414
11027	10964	10968	1414
11221	11242	11249	1414
11547	11539	11522	1414
12066	12103	12125	1414
12431	12412	12394	1414
12670	12667	12688	1414
13225	13233	13194	1414
13457	13474	13516	1414
13801	13788	13770	1414
14302	14300	14331	1415
14617	14603	14579	1414
14864	14871	14921	1414
15194	15192	15207	1414
15764	15758	15815	1414
16065	16042	16009	1415
16306	16285	16333	1414
16833	16848	16821	1414
17119	17110	17147	1414
17411	17408	17362	1414
17938	17961	17957	1414
18238	18216	18192	1414
18480	18503	18523	1414
18804	18811	18760	1414
19309	19346	19324	1414
19625	19613	19581	1414
20170	20168	20108	1414
20420	20389	20424	1414
20666	20715	20670	1414
21007	20995	20965	1414
21533	21553	21517	1414
21832	21790	21854	1414
22075	22123	22119	1414
22670	22666	22712	1414
22917	22940	22951	1414
23225	23236	23212	1414
23809	23790	23752	1414
24034	24074	24086	1414
24314	24315	24324	1414
24591	24601	24559	1414
25216	25196	25166	1414
25434	25471	25466	1414
25708	25720	25729	1414
26271	26294	26306	1414
26580	26576	26580	1414
26835	26860	26839	1414
27119	27141	27164	1414
27692	27700	27704	1414
27974	27978	27968	1414
28256	28257	28248	1414
28826	28816	28796	1414
29090	29102	29102	1414
29367	29384	29411	1414
29927	29923	29969	1414
30203	30233	30217	1414
30516	30504	30498	1414
30769	30801	30802	1414
31349	31352	31377	1414
31602	31643	31653	1414
31928	31933	31884	1414
32473	32499	32491	1414
32768	32754	32754	1414
32996	33047	33076	1414
33589	33599	33622	1414
33843	33863	33878	1414
34169	34165	34141	1414
34415	34464	34479	1414
35006	35064	35030	1414
35288	35320	35338	1414
35635	35638	35569	1414
35879	35903	35917	1414
36503	36516	36489	1414
36740	36762	36793	1414
37048	37043	37042	1414
37281	37320	37316	1414
37898	37900	37884	1414
38139	38150	38186	1414
38434	38461	38466	1414
39011	39027	39077	1414
39301	39314	39307	1414
39588	39599	39582	1414
39844	39893	39917	1414
40419	40426	40464	1414
40688	40719	40722	1414
40991	40989	40983	1414
41560	41566	41539	1414
41832	41859	41854	1414
42074	42128	42127	1414
42646	42671	42689	1414
42934	42954	42933	1414
43204	43230	43208	1414
43780	43774	43745	1414
44047	44066	44089	1414
44316	44331	44324	1414
44667	44682	44657	1414
45225	45209	45222	1414
45448	45484	45480	1414
45758	45756	45807	1414
46285	46304	46339	1414
46583	46590	46576	1414
46858	46868	46857	1414
47123	47144	47161	1414
47674	47679	47694	1414
47963	47951	47952	1414
48482	48490	48504	1414
48794	48809	48742	1414
49020	49051	49049	1414
49331	49350	49324	1414
49879	49900	49905	1414
50178	50200	50141	1414
50427	50416	50454	1414
51025	50991	50970	1414
51236	51268	51278	1414
51555	51570	51505	1414
52043	52089	52054	1414
52386	52392	52346	1414
52617	52648	52661	1414
52933	52955	52913	1414
53460	53513	53481	1414
53781	53780	53733	1414
54025	54041	54078	1414
54623	54616	54605	1414
54882	54907	54930	1414
55212	55180	55159	1414
55724	55713	55736	1414
56058	56034	56002	1414
56281	56313	56316	1414
56603	56587	56575	1414
57116	57139	57154	1414
57460	57442	57406	1414
57689	57708	57716	1414
58226	58247	58245	1414
58574	58577	58609	1414
58880	58880	58859	1414
59114	59136	59133	1414
59688	59701	59664	1414
59945	59953	59977	1414
60472	60479	60488	1414
60717	60747	60767	1414
61031	61041	60995	1414
61257	61284	61326	1414
61860	61873	61869	1414
62126	62132	62165	1414
62425	62446	62389	1414
62735	62727	62766	1414
63319	63315	63281	1414
63549	63579	63597	1414
63861	63871	63854	1414
64174	64172	64173	1414
64775	64762	64739	1414
65029	65046	65064	1414
65285	65309	65316	1414
65846	65869	65883	1414
66149	66138	66121	1414
66382	66422	66423	1414
67021	67011	66993	1414
67262	67287	67301	1414
67565	67544	67567	1414
67804	67827	67813	1414
68435	68434	68433	1414
68672	68679	68684	1414
68947	68964	69005	1414
69484	69504	69548	1414
69789	69803	69791	1414
70045	70071	70056	1414
70621	70623	70587	1414
70840	70858	70898	1414
71146	71188	71155	1414
71659	71712	71708	1414
72006	71986	71978	1414
72235	72247	72271	1414
72784	72789	72801	1413
73054	73063	73102	1414
73382	73403	73366	1414
73894	73933	73903	1414
74165	74197	74188	1414
74436	74444	74477	1414
74978	74978	75026	1414
75263	75284	75281	1414
75536	75544	75530	1414
76132	76144	76126	1414
76371	76384	76402	1414
76676	76719	76734	1414
76968	76995	76946	1414
77540	77528	77543	1414
77772	77797	77806	1414
78056	78085	78113	1414
78611	78630	78681	1414
78907	78913	78930	1414
79187	79188	79213	1413
79444	79475	79492	1413
80006	80027	80070	1413
80298	80334	80339	1413
80613	80629	80617	1413
80924	80930	80975	1413
81482	81520	81483	1414
81755	81783	81804	1413
82069	82084	82063	1414
82569	82595	82618	1413
82864	82897	82872	1413
83080	83120	83138	1414
83659	83655	83701	1414
83917	83942	83952	1413
84219	84253	84228	1413
84815	84834	84837	1414
85089	85102	85101	1414
85361	85389	85448	1413
85699	85688	85685	1413
86196	86232	86264	1414
86511	86521	86481	1413
86785	86807	86860	1414
87324	87327	87353	1413
87581	87629	87640	1413
87880	87917	87865	1413
88442	88430	88454	1413
88686	88723	88716	1414
88969	89010	89033	1413
89312	89322	89269	1413
89830	89852	89856	1413
90090	90114	90137	1413
90348	90400	90426	1413
90943	90951	91013	1413
91209	91255	91273	1413
91521	91544	91527	1413
92074	92104	92101	1413
92340	92366	92395	1413
92590	92657	92669	1413
92928	92942	92927	1413
93459	93482	93521	1413
93746	93795	93784	1413
93991	94050	94098	1413
94580	94609	94619	1413
94856	94884	94921	1413
95122	95174	95147	1413
95718	95738	95739	1413
95971	96006	96001	1413
96238	96285	96317	1413
96773	96825	96846	1413
97088	97113	97079	1413
97321	97369	97380	1413
97866	97936	97900	1413
98170	98210	98225	1413
98465	98501	98474	1413
98735	98811	98721	1414
99254	99327	99204	1419
99482	99550	99410	1423
99727	99827	99611	1424
100196	100310	100034	1434
100261	100553	100045	1438
100261	100849	100046	1442
100262	101350	100046	1447
100262	101611	100046	1449
100262	101669	100046	1450
100263	101669	100047	1452
100263	101669	100046	1453
100263	101669	100047	1452
100263	101669	100047	1453
100263	101670	100047	1454
100263	101669	100047	1453
100263	101670	100047	1454
100263	101670	100047	1454
100263	101670	100047	1454
100263	101670	100047	1454
100263	101670	100047	1454
100264	101670	100047	1454
100264	101670	100047	1455
100264	101670	100047	1454
100264	101670	100047	1454
100264	101670	100047	1454
100264	101670	100047	1455
100264	101670	100048	1455
100263	101670	100047	1454
100264	101670	100048	1455
100264	101670	100048	1455
100264	101670	100048	1454
100264	101670	100048	1455
100264	101670	100048	1455
100264	101671	100048	1454
100264	101670	100048	1455
100264	101671	100048	1454
100264	101670	100048	1455
100264	101670	100048	1454
100264	101670	100048	1455
100264	101670	100048	1455
100264	101670	100048	1455
100264	101670	100048	1455
100264	101671	100048	1455
100264	101671	100048	1455
100264	101670	100048	1455
100264	101671	100048	1455
100264	101670	100048	1455
100264	101671	100048	1455
100264	101670	100048	1455
100264	101671	100048	1455
100264	101671	100048	1455
100264	101670	100048	1455
100264	101671	100048	1455
100264	101671	100048	1455
100264	101670	100048	1455
100265	101671	100048	1455
100264	101671	100048	1455
100264	101671	100048	1455
100264	101671	100048	1455
100264	101671	100048	1455
100264	101671	100048	1455
100264	101671	100048	1455
100264	101671	100048	1455
100264	101671	100048	1455
100264	101670	100048	1455
100264	101671	100048	1455
100265	101670	100048	1455
100265	101671	100048	1455
100264	101671	100048	1455
100264	101671	100048	1455
100264	101671	100048	1455
100265	101671	100049	1455
100265	101671	100048	1455
100264	101671	100048	1455
100265	101671	100048	1455
100264	101670	100048	1455
100265	101671	100048	1455
100265	101671	100048	1455
100265	101671	100048	1455
100264	101671	100048	1455
100265	101671	100048	1455
100265	101671	100049	1455
100265	101671	100049	1455
100264	101670	100048	1455
100265	101671	100049	1455
100264	101671	100048	1455
100265	101671	100049	1455
100265	101671	100048	1455
100265	101671	100049	1455
100265	101671	100048	1455
100264	101671	100048	1455
100265	101671	100048	1455
100265	101671	100048	1455
100265	101671	100049	1455
100265	101671	100048	1455
100265	101671	100048	1455
100265	101671	100048	1455
100265	101671	100048	1455
100265	101671	100049	1455
100265	101671	100049	1455
100265	101671	100048	1455
100265	101671	100048	1455
100265	101671	100049	1455
100265	101671	100048	1455
100265	101671	100048	1455
100265	101671	100049	1455
100265	101671	100048	1455
100265	101671	100048	1455
100265	101671	100049	1455
100265	101671	100048	1455
97510	99041	97971	1461
92181	93568	92362	1394
89541	90892	89711	1398
86852	88094	86970	1400
81197	82568	81416	1401
78499	79843	78716	1401
75763	77079	76008	1401
69985	71315	70201	1401
67235	68608	67490	1401
64541	65866	64761	1401
59135	60415	59306	1401
56421	57710	56612	1401
53702	54970	53899	1402
48241	49543	48431	1402
45505	46795	45733	1401
42654	43956	42803	1401
37211	38513	37388	1402
34543	35723	34647	1402
31425	32665	31588	1402
28534	29762	28672	1400
22972	24149	23079	1401
20186	21408	20355	1401
16552	17840	16720	1400
13873	15082	14049	1401
8219	9517	8384	1401
5338	6593	5539	1401
2483	3651	2627	1401
52	798	175	1402
-1000	-1000	-1000	-1000
68	101	105	1402
69	101	105	1403
69	101	105	1403
70	101	105	1457
70	101	105	1551
70	101	105	1711
70	101	106	1920
70	102	106	2235
70	101	105	2365
69	101	105	2498
70	101	105	2731
70	101	105	2819
70	101	105	2872
70	101	105	2802
70	101	105	2794
70	101	105	2788
70	102	105	2787
70	101	105	2788
70	101	105	2789
93	104	122	2789
805	837	847	2790
1004	1015	955	2790
1303	1320	1357	2791
1624	1650	1664	2791
2204	2196	2282	2793
2468	2475	2495	2791
2780	2759	2734	2792
3332	3299	3288	2790
3578	3565	3612	2791
3827	3827	3853	2791
4408	4422	4455	2791
4720	4680	4690	2791
4943	4954	4979	2790
5578	5542	5533	2791
5806	5805	5833	2791
6120	6083	6106	2791
6368	6368	6357	2791
6969	6952	6928	2791
7220	7224	7234	2791
7499	7495	7506	2790
8043	8045	8088	2791
8364	8353	8316	2790
8594	8587	8616	2791
9177	9156	9129	2791
9412	9403	9437	2791
9715	9702	9678	2791
10212	10214	10220	2792
10548	10514	10508	2792
10748	10777	10777	2791
11344	11327	11342	2793
11572	11595	11608	2793
11908	11905	11869	2793
12440	12445	12421	2791
12704	12691	12709	2792
12973	12967	12997	2791
13518	13516	13558	2791
13819	13823	13823	2790
14104	14080	14097	2793
14361	14362	14412	2792
14911	14900	14957	2792
15199	15208	15238	2790
15492	15498	15475	2790
16062	16045	16028	2791
16296	16297	16331	2791
16627	16628	16666	2791
17170	17174	17230	2790
17462	17453	17450	2790
17720	17710	17731	2792
17990	18021	18027	2791
18568	18555	18604	2792
18847	18861	18869	2790
19154	19132	19132	2791
19720	19711	19686	2791
19963	19949	20003	2791
20210	20226	20233	2790
20752	20785	20798	2790
21084	21073	21064	2791
21352	21326	21395	2791
21924	21899	21908	2791
22161	22172	22219	2792
22464	22475	22475	2791
22747	22760	22773	2792
23335	23339	23307	2791
23615	23622	23639	2791
23885	23890	23927	2791
24200	24212	24188	2791
24753	24744	24780	2790
25042	25056	25019	2791
25318	25313	25399	2790
25850	25849	25897	2789
26142	26171	26175	2790
26484	26458	26449	2790
27016	26991	27017	2792
27284	27298	27306	2793
27570	27582	27628	2791
27916	27894	27889	2791
28431	28436	28463	2791
28759	28728	28729	2791
28987	28993	29039	2791
29535	29534	29585	2790
29789	29804	29832	2790
30116	30090	30096	2790
30650	30652	30659	2792
30939	30929	30957	2792
31169	31200	31225	2793
31528	31517	31511	2791
32042	32062	32092	2791
32330	32338	32324	2792
32549	32592	32648	2791
33136	33148	33178	2791
33410	33402	33443	2791
33680	33704	33688	2791
34280	34273	34282	2791
34533	34540	34561	2790
34779	34770	34817	2792
35323	35354	35393	2791
35644	35637	35617	2791
35877	35893	35923	2791
36413	36458	36446	2791
36680	36701	36751	2791
36999	36999	37012	2791
37545	37517	37593	2791
37822	37848	37835	2791
38077	38094	38157	2793
38633	38658	38664	2792
38935	38929	38980	2791
39211	39229	39210	2791
39489	39493	39540	2791
40059	40062	40046	2792
40322	40320	40398	2791
40620	40638	40617	2791
41135	41180	41187	2791
41460	41471	41451	2791
41727	41737	41805	2792
42297	42285	42328	2792
42533	42595	42585	2791
42885	42882	42847	2792
43401	43428	43418	2793
43709	43700	43680	2791
43927	43984	43971	2792
44265	44258	44234	2791
44784	44803	44831	2790
45095	45112	45105	2790
45328	45391	45418	2791
45879	45923	45937	2790
46156	46165	46195	2790
46429	46460	46446	2791
47007	47001	46992	2791
47291	47339	47324	2791
47561	47600	47627	2791
47883	47902	47898	2792
48421	48437	48449	2790
48753	48816	48761	2792
49009	49036	49076	2791
49548	49606	49595	2791
49840	49893	49905	2792
50188	50225	50183	2791
50461	50468	50501	2791
51018	51047	50991	2791
51233	51298	51337	2791
51559	51604	51553	2791
51817	51853	51895	2792
52428	52457	52406	2791
52686	52721	52758	2791
52947	53008	52981	2791
53497	53567	53578	2791
53831	53860	53843	2791
54095	54155	54142	2791
54668	54709	54653	2791
54899	54959	54994	2791
55235	55222	55246	2791
55760	55794	55816	2791
56080	56096	56067	2791
56321	56372	56376	2791
56617	56633	56636	2792
57177	57230	57240	2791
57499	57513	57497	2791
57718	57768	57758	2790
58292	58350	58304	2790
58566	58598	58625	2791
58863	58897	58885	2790
59395	59432	59447	2792
59714	59744	59694	2793
59952	59977	60004	2792
60512	60528	60524	2791
60737	60805	60822	2792
61061	61091	61052	2791
61580	61617	61598	2791
61858	61897	61879	2792
62097	62144	62186	2792
62672	62700	62756	2792
62960	62998	62979	2792
63231	63262	63251	2791
63821	63845	63796	2791
64053	64088	64110	2792
64334	64371	64358	2791
64863	64927	64931	2792
65168	65197	65166	2790
65461	65503	65506	2791
65742	65793	65794	2790
66280	66320	66343	2790
66577	66589	66592	2790
66830	66881	66876	2790
67440	67465	67430	2790
67682	67730	67744	2791
67976	67996	68019	2791
68245	68286	68276	2792
68817	68845	68803	2791
69067	69100	69129	2791
69352	69380	69377	2790
69930	69979	70008	2791
70253	70269	70264	2791
70512	70592	70545	2791
70752	70820	70833	2792
71433	71437	71459	2792
71637	71719	71707	2792
71983	72012	71967	2792
72222	72261	72278	2792
72788	72875	72805	2791
73052	73105	73108	2791
73371	73429	73362	2791
73913	73974	73930	2791
74216	74273	74222	2791
74479	74530	74540	2791
75024	75072	75059	2790
75302	75358	75356	2790
75613	75646	75580	2790
76155	76165	76153	2791
76387	76449	76422	2791
76701	76768	76754	2791
77249	77307	77307	2791
77538	77541	77550	2791
77793	77875	77818	2791
78086	78156	78156	2790
78635	78690	78684	2791
78917	78947	78926	2790
79193	79242	79203	2791
79779	79808	79750	2791
80018	80061	80059	2791
80283	80339	80312	2791
80894	80938	80932	2791
81181	81208	81179	2792
81428	81498	81452	2792
81695	81766	81735	2792
82290	82343	82336	2791
82571	82621	82601	2791
82865	82918	82849	2791
83413	83460	83395	2791
83687	83724	83715	2791
83941	84022	84014	2791
84507	84559	84567	2791
84819	84858	84830	2791
85069	85142	85091	2792
85652	85689	85632	2790
85885	85939	85944	2790
86185	86219	86206	2791
86705	86750	86765	2790
86997	87041	86974	2790
87257	87289	87316	2790
87806	87875	87815	2791
88130	88191	88197	2791
88443	88467	88448	2791
88677	88749	88717	2792
89244	89312	89208	2792
89525	89574	89591	2791
89825	89851	89818	2792
90086	90143	90134	2791
90664	90696	90648	2791
90969	91012	91012	2791
91202	91274	91257	2791
91769	91821	91825	2792
92072	92105	92058	2791
92356	92399	92377	2791
92926	92939	92892	2792
93132	93202	93170	2791
93437	93454	93411	2791
93945	94010	93997	2791
94261	94319	94239	2791
94528	94588	94585	2790
95072	95133	95098	2791
95335	95405	95389	2791
95673	95695	95653	2790
95898	95969	95959	2790
96494	96553	96496	2792
96746	96807	96786	2791
97079	97103	97031	2791
97617	97669	97616	2791
97906	97970	97907	2791
98156	98211	98191	2791
98693	98762	98713	2790
98989	99015	98987	2791
99256	99308	99197	2794
99521	99542	99548	2808
100081	100049	100032	2812
100328	100355	100182	2820
100649	100605	100495	2825
101148	101102	100903	2841
101358	101353	101002	2842
101588	101592	101280	2844
101831	101819	101459	2854
101831	101820	101463	2855
101831	101820	101464	2855
101832	101821	101465	2856
101832	101821	101466	2856
101832	101821	101466	2856
101832	101821	101466	2857
101832	101821	101466	2857
101833	101822	101467	2857
101833	101821	101467	2857
101833	101821	101467	2857
101833	101822	101467	2857
101833	101822	101467	2857
101833	101822	101467	2857
101833	101822	101467	2857
101833	101822	101468	2857
101834	101822	101468	2857
101834	101822	101468	2858
101834	101822	101468	2857
101834	101822	101468	2858
101834	101822	101468	2857
101834	101822	101468	2857
101834	101822	101468	2857
101834	101822	101468	2857
101834	101822	101468	2857
101834	101822	101468	2857
101834	101822	101468	2857
101834	101822	101468	2857
101834	101822	101468	2857
101834	101822	101468	2858
101834	101823	101468	2857
101834	101823	101468	2857
101834	101823	101468	2857
101835	101822	101468	2857
101835	101822	101468	2857
101834	101823	101468	2857
101835	101823	101468	2857
101834	101823	101468	2857
101835	101823	101468	2857
101835	101823	101469	2857
101835	101823	101469	2857
101835	101823	101469	2857
101835	101823	101469	2857
101834	101823	101469	2857
101835	101823	101469	2857
101834	101823	101468	2857
101835	101824	101469	2857
101835	101823	101469	2857
101835	101823	101469	2857
101835	101823	101469	2857
101835	101823	101469	2857
101835	101823	101469	2857
101835	101823	101469	2857
101835	101823	101469	2857
101835	101823	101469	2857
101835	101823	101469	2858
101835	101823	101469	2857
101835	101823	101469	2857
101835	101823	101469	2857
101835	101824	101469	2857
101835	101823	101469	2857
101835	101823	101469	2857
101835	101823	101469	2857
101835	101823	101469	2857
101835	101823	101469	2857
101835	101823	101469	2857
101835	101823	101469	2857
101835	101823	101469	2858
101835	101823	101469	2857
101835	101823	101469	2858
101835	101823	101469	2857
101835	101823	101469	2857
101835	101823	101469	2857
101835	101823	101469	2857
101835	101823	101469	2857
101835	101824	101469	2858
101835	101823	101469	2857
101835	101823	101469	2858
101835	101823	101469	2857
101835	101823	101469	2857
101835	101823	101469	2857
101835	101824	101469	2857
101835	101823	101469	2857
101835	101823	101469	2857
101835	101823	101469	2857
101835	101823	101469	2857
101835	101823	101469	2857
101835	101823	101469	2857
101835	101823	101469	2857
101835	101823	101469	2857
101835	101823	101469	2857
101835	101823	101469	2857
101835	101824	101469	2857
101835	101824	101469	2857
101835	101823	101469	2857
101835	101824	101469	2857
101835	101823	101469	2857
101835	101823	101469	2857
101835	101823	101469	2857
101835	101823	101469	2857
101835	101823	101469	2857
101835	101823	101469	2857
96885	96952	96777	2819
93852	94161	93938	2783
91014	91337	91062	2785
85341	85719	85429	2788
82493	82833	82498	2789
79782	80129	79797	2790
76854	77207	76903	2787
71297	71608	71311	2790
68601	68824	68579	2791
63333	63560	63362	2790
60097	60308	60120	2791
57389	57628	57337	2789
54477	54748	54468	2788
49029	49395	49080	2789
46042	46340	46039	2789
43255	43538	43232	2790
40333	40644	40361	2789
34965	35197	34932	2789
32079	32369	32034	2791
29109	29410	29154	2791
23672	23968	23664	2790
21022	21241	20955	2790
18358	18532	18243	2790
12733	12888	12598	2790
10019	10224	9899	2790
7249	7511	7187	2788
1624	1840	1567	2790
30	113	95	2790
42	120	101	2789
-1000	-1000	-1000	-1000
43	120	102	2791
53	120	102	2789
54	120	102	2790
54	121	102	2790
54	121	101	2790
55	121	101	2851
55	121	102	2965
55	121	102	3349
55	121	102	3498
55	121	102	3637
55	120	101	3760
55	121	101	4006
56	121	101	4158
55	121	100	4255
56	121	100	4265
56	121	101	4197
56	121	101	4188
55	121	101	4185
56	121	100	4187
56	120	101	4187
56	121	101	4188
425	249	298	4188
779	860	840	4188
984	975	946	4189
1584	1612	1593	4189
1826	1875	1816	4189
2117	2119	2193	4190
2713	2707	2706	4189
2947	2985	2999	4189
3298	3268	3225	4189
3804	3796	3786	4189
4156	4132	4117	4190
4395	4417	4432	4189
4704	4686	4657	4189
5203	5200	5214	4189
5531	5508	5498	4190
5766	5776	5792	4189
6294	6306	6337	4190
6576	6576	6600	4189
6914	6909	6881	4190
7458	7460	7447	4190
7690	7689	7715	4190
7946	7968	7984	4189
8501	8525	8549	4190
8810	8803	8784	4189
9087	9073	9094	4189
9691	9664	9632	4189
9911	9908	9932	4190
10197	10190	10162	4190
10480	10457	10464	4189
11060	11043	10991	4190
11286	11291	11292	4189
11557	11550	11549	4190
12068	12096	12101	4189
12416	12412	12355	4188
12650	12670	12678	4188
13221	13247	13210	4189
13466	13497	13506	4189
13787	13789	13757	4190
14286	14300	14318	4189
14572	14608	14570	4189
14833	14869	14908	4189
15403	15428	15437	4190
15686	15684	15732	4188
15984	16007	15963	4190
16541	16534	16532	4189
16774	16816	16800	4189
17073	17062	17109	4190
17618	17639	17667	4190
17920	17930	17905	4189
18170	18151	18174	4191
18740	18749	18701	4190
18979	18992	19016	4190
19276	19284	19271	4191
19795	19805	19817	4190
20096	20113	20054	4190
20335	20351	20366	4189
20648	20673	20655	4190
21190	21207	21264	4190
21510	21521	21495	4190
21755	21743	21819	4188
22337	22316	22327	4189
22564	22584	22645	4188
22889	22897	22902	4189
23158	23152	23191	4191
23804	23775	23789	4189
24036	24056	24097	4191
24309	24310	24377	4191
24883	24913	24950	4190
25193	25149	25183	4190
25418	25439	25454	4189
25703	25687	25766	4191
26279	26288	26331	4189
26586	26558	26604	4190
26830	26853	26851	4191
27411	27387	27399	4190
27663	27679	27695	4190
27975	27956	27993	4190
28507	28521	28571	4191
28823	28829	28827	4190
29085	29077	29114	4191
29342	29359	29410	4190
29910	29916	29986	4190
30197	30215	30224	4190
30520	30504	30503	4191
31078	31079	31078	4190
31329	31333	31378	4190
31586	31610	31668	4190
32160	32185	32256	4191
32451	32476	32493	4190
32736	32735	32765	4190
32993	33052	33103	4190
33563	33562	33623	4190
33840	33864	33905	4189
34115	34128	34120	4188
34682	34681	34678	4190
34931	34969	35000	4189
35216	35217	35262	4189
35742	35788	35816	4190
36070	36084	36055	4191
36320	36344	36382	4191
36873	36897	36898	4191
37127	37178	37222	4189
37453	37461	37478	4190
37965	37980	38039	4190
38237	38285	38263	4190
38505	38544	38602	4190
38828	38843	38858	4190
39339	39402	39424	4190
39659	39685	39653	4190
39914	39950	39971	4191
40216	40233	40236	4190
40798	40826	40873	4191
41110	41136	41111	4190
41397	41414	41411	4191
41968	42016	41964	4190
42240	42249	42288	4190
42494	42566	42536	4191
43082	43132	43151	4191
43370	43411	43370	4191
43643	43659	43666	4191
43874	43954	43927	4190
44480	44518	44562	4191
44773	44794	44819	4190
45048	45082	45086	4191
45638	45639	45648	4190
45863	45914	45945	4190
46152	46161	46194	4189
46678	46737	46766	4190
47013	47016	47029	4189
47242	47292	47302	4190
47836	47867	47856	4190
48058	48106	48143	4190
48395	48402	48427	4189
48648	48711	48697	4189
49244	49268	49240	4190
49493	49533	49555	4190
49782	49825	49826	4190
50276	50349	50369	4190
50631	50649	50615	4190
50881	50890	50929	4189
51438	51470	51457	4189
51661	51728	51742	4189
51993	52025	51991	4191
52518	52566	52592	4190
52852	52899	52862	4190
53075	53139	53177	4189
53400	53441	53432	4189
53990	54050	54091	4190
54296	54320	54338	4190
54569	54601	54615	4189
54834	54909	54943	4189
55421	55490	55503	4190
55735	55747	55791	4189
56013	56055	56039	4190
56280	56329	56358	4190
56834	56905	56882	4189
57090	57131	57170	4190
57393	57444	57431	4190
57955	57963	58002	4189
58200	58266	58247	4189
58477	58522	58574	4190
59074	59113	59138	4189
59370	59407	59439	4190
59627	59701	59677	4191
59897	59945	59987	4190
60462	60515	60524	4190
60720	60773	60830	4190
61018	61079	61051	4190
61586	61625	61639	4189
61859	61906	61907	4189
62111	62169	62236	4189
62732	62745	62796	4189
62976	63055	63066	4189
63296	63331	63314	4189
63537	63603	63667	4190
64153	64205	64192	4190
64377	64474	64491	4190
64709	64749	64731	4190
65240	65288	65313	4191
65509	65579	65568	4191
65758	65853	65878	4191
66334	66404	66416	4190
66623	66681	66709	4190
66901	66987	66967	4190
67181	67256	67283	4192
67727	67826	67806	4189
68017	68074	68101	4190
68294	68374	68354	4190
68876	68919	68950	4189
69127	69231	69200	4190
69413	69500	69536	4190
69993	70063	70065	4190
70272	70340	70355	4189
70543	70649	70590	4189
71124	71183	71144	4189
71362	71410	71437	4190
71618	71695	71684	4190
72163	72248	72267	4190
72490	72543	72517	4189
72740	72805	72789	4189
73304	73394	73336	4190
73546	73621	73646	4190
73868	73931	73896	4189
74402	74472	74483	4191
74684	74762	74719	4190
74931	75009	75027	4191
75252	75279	75285	4189
75791	75868	75899	4190
76123	76153	76148	4190
76368	76450	76428	4190
76915	77004	76936	4190
77184	77260	77289	4190
77491	77532	77526	4190
78025	78102	78106	4189
78289	78370	78312	4189
78558	78638	78663	4190
79112	79159	79175	4189
79381	79468	79439	4190
79632	79714	79658	4189
80195	80261	80217	4190
80439	80520	80520	4190
80719	80800	80775	4189
81276	81338	81364	4190
81575	81643	81569	4190
81840	81895	81914	4190
82410	82500	82430	4190
82651	82730	82762	4190
82956	83025	82987	4191
83226	83298	83285	4190
83831	83889	83855	4189
84094	84180	84169	4189
84354	84435	84430	4189
84949	85055	85048	4190
85259	85284	85308	4190
85525	85620	85573	4189
85764	85877	85889	4189
86348	86434	86414	4190
86657	86716	86738	4190
86936	87030	86972	4190
87517	87561	87547	4190
87797	87879	87830	4191
88076	88170	88183	4191
88388	88423	88424	4190
88922	89001	89002	4190
89172	89291	89207	4190
89458	89530	89565	4190
89996	90069	90104	4190
90305	90391	90386	4190
90571	90667	90620	4190
91157	91213	91198	4190
91409	91460	91471	4190
91656	91759	91748	4191
92016	92069	92029	4190
92537	92612	92604	4189
92821	92897	92869	4190
93080	93160	93175	4190
93659	93712	93722	4190
93909	93992	93996	4190
94202	94272	94237	4190
94762	94821	94795	4189
95001	95086	95090	4190
95306	95395	95404	4189
95623	95701	95667	4189
96191	96236	96245	4190
96415	96529	96497	4191
96703	96778	96804	4190
97254	97331	97335	4190
97581	97631	97617	4190
97807	97921	97867	4190
98419	98469	98445	4190
98653	98735	98701	4189
98962	99017	99013	4188
99228	99332	99274	4189
99811	99862	99840	4190
100047	100124	100093	4189
100601	100668	100595	4190
100853	100932	100891	4197
101168	101218	101059	4205
101671	101702	101550	4212
101844	101909	101782	4224
102129	102184	101881	4248
102335	102436	102212	4259
102789	102943	102606	4259
102909	102977	102653	4263
102909	102977	102654	4264
102910	102978	102655	4266
102910	102978	102655	4266
102910	102978	102655	4266
102911	102978	102655	4266
102911	102979	102655	4266
102911	102979	102655	4266
102911	102979	102656	4266
102911	102979	102656	4266
102911	102979	102656	4266
102912	102979	102656	4267
102912	102979	102656	4267
102912	102979	102656	4266
102912	102979	102656	4267
102912	102979	102656	4266
102912	102979	102657	4267
102912	102979	102656	4267
102912	102979	102656	4267
102912	102979	102657	4267
102912	102979	102657	4267
102912	102979	102656	4266
102913	102979	102657	4266
102913	102979	102656	4267
102913	102979	102657	4266
102912	102980	102657	4266
102913	102980	102657	4266
102913	102979	102657	4267
102913	102979	102657	4266
102913	102980	102657	4267
102913	102980	102657	4267
102913	102980	102657	4267
102913	102980	102657	4267
102913	102980	102657	4266
102913	102980	102657	4266
102913	102980	102657	4267
102913	102980	102657	4267
102913	102980	102657	4266
102913	102980	102657	4267
102913	102980	102657	4267
102913	102980	102657	4266
102913	102980	102657	4267
102913	102980	102657	4267
102913	102980	102657	4266
102913	102980	102657	4267
102913	102980	102657	4267
102913	102980	102657	4267
102913	102980	102657	4267
102913	102980	102657	4267
102913	102980	102657	4267
102913	102980	102657	4267
102913	102980	102657	4267
102913	102980	102658	4266
102913	102980	102657	4267
102913	102980	102657	4266
102913	102980	102657	4267
102913	102980	102657	4266
102913	102980	102657	4266
102913	102980	102657	4266
102913	102980	102657	4266
102914	102980	102657	4266
102913	102980	102657	4266
102913	102980	102657	4266
102913	102980	102657	4267
102913	102980	102657	4266
102913	102980	102657	4267
102914	102980	102657	4267
102914	102980	102657	4267
102913	102980	102657	4267
102914	102980	102657	4266
102914	102980	102657	4267
102914	102980	102657	4267
102914	102980	102657	4266
102914	102980	102657	4266
102914	102980	102657	4267
102914	102980	102657	4267
102914	102980	102657	4266
102914	102980	102657	4266
102914	102980	102657	4266
102914	102980	102657	4266
102914	102981	102657	4266
102914	102981	102657	4266
102914	102981	102657	4267
102914	102981	102657	4266
102914	102980	102657	4266
102914	102980	102657	4266
102914	102980	102658	4266
102914	102981	102658	4266
102914	102980	102657	4267
102914	102981	102657	4266
102914	102981	102658	4266
102914	102981	102657	4266
102914	102981	102657	4266
102914	102981	102657	4267
102914	102981	102657	4266
102914	102980	102658	4266
102914	102981	102658	4267
102914	102980	102657	4266
102914	102981	102658	4267
102914	102981	102657	4266
102914	102981	102658	4266
100516	101050	100696	4264
97950	98116	97892	4233
95037	95299	95081	4189
92193	92450	92150	4191
86615	86749	86529	4191
83885	84088	83830	4191
81169	81339	81063	4191
75463	75654	75376	4190
72617	72891	72566	4191
69979	70155	69846	4191
64328	64564	64256	4190
61588	61788	61504	4189
58750	58925	58641	4190
53253	53512	53221	4191
50605	50740	50501	4191
47333	47514	47233	4191
44442	44621	44309	4191
38821	39085	38713	4192
36048	36277	36017	4192
33365	33565	33233	4192
27743	27960	27665	4191
25014	25282	24952	4191
22361	22552	22226	4191
19579	19872	19505	4191
13855	14060	13752	4191
11077	11346	11044	4191
8373	8653	8321	4191
2591	2880	2541	4191
175	364	206	4190
-1000	-1000	-1000	-1000
65	105	86	4191
66	106	87	4191
67	106	87	4191
67	105	87	4190
67	106	86	4190
67	106	87	4190
68	106	87	4257
68	106	87	4570
68	106	87	4775
67	106	87	4905
68	106	87	5052
67	106	87	5288
68	106	87	5396
68	106	87	5576
68	106	87	5717
68	106	87	5692
68	106	87	5641
68	106	87	5616
68	107	87	5614
68	106	87	5615
68	106	87	5615
88	109	111	5615
395	293	330	5615
985	992	999	5614
1258	1290	1320	5614
1581	1603	1618	5613
1853	1903	1827	5613
2409	2411	2366	5613
2643	2659	2675	5613
2910	2936	2943	5613
3477	3496	3569	5614
3805	3803	3792	5614
4077	4077	4091	5614
4665	4647	4629	5613
4895	4909	4960	5613
5175	5170	5189	5613
5700	5725	5738	5613
6045	6016	5993	5613
6269	6287	6319	5613
6843	6856	6854	5613
7091	7130	7158	5613
7410	7415	7392	5613
7914	7927	7951	5613
8232	8230	8226	5614
8465	8506	8541	5614
8783	8778	8768	5614
9287	9314	9309	5613
9643	9606	9600	5614
9922	9910	9959	5614
10487	10467	10472	5614
10680	10743	10760	5614
11073	11066	11031	5614
11557	11569	11579	5614
11848	11852	11852	5614
12067	12114	12127	5614
12424	12423	12394	5614
12962	12985	13001	5614
13259	13296	13245	5614
13495	13529	13567	5614
14094	14098	14090	5614
14333	14393	14408	5614
14671	14671	14639	5614
14924	14941	14975	5614
15487	15516	15477	5614
15750	15780	15834	5614
16058	16057	16040	5614
16586	16602	16611	5614
16810	16876	16830	5614
17130	17146	17203	5614
17680	17715	17726	5614
17967	18013	18025	5614
18277	18288	18251	5614
18814	18832	18818	5614
19094	19116	19111	5613
19380	19427	19431	5613
19699	19712	19684	5614
20207	20258	20239	5614
20533	20533	20529	5614
20744	20809	20805	5614
21319	21325	21373	5614
21563	21629	21634	5614
21936	21941	21915	5614
22449	22483	22474	5614
22728	22758	22760	5614
22957	23026	23046	5614
23529	23573	23601	5614
23840	23831	23858	5614
24069	24123	24125	5614
24616	24641	24632	5614
24858	24921	24950	5614
25181	25175	25182	5614
25683	25721	25770	5614
25983	26018	26004	5614
26276	26322	26336	5614
26566	26570	26605	5614
27082	27119	27151	5614
27397	27429	27409	5614
27686	27739	27704	5614
28285	28319	28281	5614
28524	28561	28598	5614
28840	28888	28868	5614
29107	29146	29143	5614
29715	29751	29725	5614
29972	29983	30026	5614
30229	30300	30321	5614
30781	30833	30874	5614
31095	31139	31120	5614
31359	31385	31395	5614
31620	31696	31693	5614
32182	32234	32259	5614
32464	32497	32505	5614
32743	32768	32769	5614
33322	33357	33311	5614
33564	33609	33628	5614
33827	33873	33883	5614
34375	34458	34462	5614
34714	34717	34694	5614
34928	35000	34999	5614
35508	35555	35480	5614
35790	35848	35851	5614
36093	36112	36099	5614
36329	36394	36382	5614
36937	36982	36939	5614
37179	37236	37260	5614
37728	37809	37783	5614
38003	38068	38078	5614
38322	38364	38316	5614
38577	38608	38632	5614
39127	39189	39139	5614
39376	39459	39460	5614
39716	39754	39694	5614
39940	39990	39992	5614
40609	40645	40601	5614
40848	40884	40911	5614
41121	41175	41152	5613
41678	41744	41769	5614
41983	42029	41987	5614
42229	42277	42296	5614
42772	42831	42784	5614
43010	43122	43121	5614
43347	43395	43337	5614
43856	43952	43904	5614
44162	44239	44210	5614
44431	44506	44525	5614
44982	45034	45050	5614
45254	45336	45322	5614
45525	45596	45563	5614
45807	45878	45911	5614
46358	46444	46420	5614
46649	46734	46736	5614
46954	47002	46975	5614
47519	47562	47577	5614
47829	47886	47850	5614
48072	48133	48151	5614
48404	48428	48426	5614
48915	48982	48992	5614
49245	49295	49240	5614
49472	49527	49548	5614
50039	50116	50078	5614
50275	50360	50355	5614
50627	50664	50613	5614
51132	51186	51167	5614
51405	51464	51430	5614
51637	51727	51715	5614
52253	52300	52311	5614
52520	52580	52567	5614
52797	52867	52830	5614
53093	53150	53180	5614
53660	53734	53699	5614
53953	54014	54048	5614
54246	54300	54263	5614
54784	54844	54863	5614
55063	55143	55072	5614
55336	55396	55422	5614
55885	55953	55944	5614
56171	56214	56221	5614
56433	56528	56447	5614
57006	57034	57017	5614
57249	57299	57299	5614
57539	57622	57612	5614
58075	58138	58165	5614
58370	58410	58397	5614
58641	58705	58691	5614
59261	59302	59246	5614
59493	59547	59581	5614
59774	59838	59810	5614
60113	60173	60126	5614
60675	60732	60704	5614
60927	60970	60976	5614
61178	61271	61284	5614
61541	61585	61550	5614
62064	62135	62140	5614
62368	62456	62383	5614
62579	62669	62697	5614
63160	63224	63232	5614
63431	63510	63484	5614
63726	63807	63755	5614
64299	64321	64300	5614
64512	64607	64587	5614
64809	64841	64861	5614
65319	65396	65412	5614
65641	65695	65667	5614
65893	65973	65950	5614
66426	66538	66475	5614
66697	66764	66779	5614
67057	67084	67086	5614
67589	67637	67662	5614
67849	67922	67893	5614
68117	68177	68198	5614
68673	68751	68705	5614
68958	69019	69061	5614
69254	69320	69279	5614
69790	69843	69843	5614
70047	70124	70083	5614
70298	70368	70415	5614
70840	70911	70943	5614
71138	71214	71177	5614
71452	71471	71477	5614
71655	71760	71770	5614
72254	72306	72328	5614
72534	72605	72603	5614
72835	72918	72861	5614
73409	73457	73446	5614
73701	73771	73757	5614
73954	74055	74030	5614
74262	74312	74297	5614
74797	74831	74856	5614
75063	75121	75102	5614
75312	75408	75425	5614
75873	75942	75962	5614
76162	76196	76234	5614
76396	76494	76456	5614
77043	77082	77087	5614
77287	77369	77357	5614
77571	77629	77645	5614
78102	78184	78204	5614
78415	78444	78459	5614
78652	78728	78725	5614
79239	79296	79274	5614
79474	79549	79590	5614
79800	79836	79830	5614
80288	80363	80389	5614
80586	80674	80642	5614
80839	80913	80948	5614
81395	81453	81464	5614
81640	81723	81728	5614
81940	82018	82008	5614
82513	82559	82571	5614
82768	82832	82831	5614
83012	83118	83153	5614
83374	83425	83404	5614
83894	83941	83972	5614
84162	84234	84216	5614
84404	84492	84535	5614
84957	85048	85066	5614
85268	85313	85353	5614
85506	85614	85576	5614
86122	86163	86160	5614
86343	86415	86423	5614
86633	86691	86731	5614
87161	87250	87307	5614
87474	87546	87543	5614
87722	87802	87806	5614
88009	88099	88140	5614
88555	88664	88690	5614
88890	88965	88990	5614
89151	89279	89221	5614
89758	89829	89826	5614
89991	90099	90129	5614
90282	90374	90400	5614
90803	90908	90975	5614
91114	91197	91199	5614
91348	91435	91485	5614
91912	92014	91995	5614
92143	92257	92329	5614
92473	92559	92546	5614
92993	93084	93101	5614
93300	93407	93385	5614
93547	93649	93705	5614
93874	93960	93976	5614
94383	94511	94538	5614
94675	94779	94773	5614
94923	95027	95076	5614
95492	95604	95601	5614
95764	95908	95937	5614
96079	96168	96173	5614
96644	96714	96739	5614
96871	97018	96952	5614
97163	97294	97305	5614
97517	97584	97596	5614
98024	98146	98144	5614
98310	98435	98429	5614
98596	98714	98707	5614
99146	99296	99241	5614
99428	99527	99559	5614
99731	99836	99810	5614
99971	100077	100080	5614
100560	100696	100658	5614
100814	100935	100946	5613
101152	101238	101214	5614
101418	101538	101468	5614
102070	102133	102137	5616
102313	102416	102317	5626
102548	102684	102537	5641
103023	103165	102986	5662
103256	103427	103013	5667
103494	103651	103013	5673
103973	104138	103013	5674
104202	104419	103013	5679
104306	104479	103013	5682
104306	104479	103013	5685
104307	104479	103013	5686
104307	104479	103013	5686
104307	104479	103013	5687
104307	104480	103013	5687
104307	104480	103013	5687
104307	104480	103013	5687
104307	104480	103013	5687
104308	104480	103014	5687
104308	104480	103013	5688
104308	104480	103013	5687
104308	104480	103014	5687
104308	104480	103013	5687
104308	104480	103014	5688
104308	104480	103014	5687
104308	104480	103014	5688
104308	104481	103013	5688
104308	104481	103014	5688
104308	104480	103014	5687
104308	104481	103013	5688
104308	104480	103014	5688
104308	104481	103014	5687
104308	104480	103014	5688
104308	104481	103013	5688
104308	104480	103014	5688
104308	104481	103014	5688
104308	104480	103014	5688
104308	104480	103014	5688
104308	104481	103013	5688
104308	104481	103014	5688
104308	104481	103014	5688
104308	104480	103014	5688
104308	104481	103014	5687
104308	104480	103013	5687
104308	104481	103013	5688
104308	104481	103013	5688
104308	104481	103014	5688
104308	104481	103014	5688
104308	104481	103014	5687
104308	104481	103014	5688
104308	104481	103014	5688
104308	104481	103014	5688
104308	104481	103014	5688
104308	104481	103014	5688
104308	104481	103014	5688
104308	104481	103014	5688
104308	104481	103014	5688
104308	104481	103013	5688
104308	104481	103014	5687
104308	104481	103013	5688
104308	104481	103014	5688
104308	104481	103014	5688
104308	104481	103014	5687
104308	104481	103014	5688
104308	104481	103014	5688
104308	104481	103013	5688
104308	104481	103013	5688
104308	104481	103014	5688
104308	104481	103014	5688
104308	104481	103013	5688
104308	104481	103014	5688
104308	104481	103014	5688
104308	104481	103014	5687
104308	104481	103014	5688
104308	104481	103014	5688
104308	104481	103014	5688
104308	104481	103014	5688
104308	104481	103014	5688
104308	104481	103014	5688
104308	104481	103014	5688
104308	104481	103014	5688
104308	104481	103014	5688
104308	104481	103014	5688
104309	104481	103014	5688
104308	104481	103014	5688
104308	104481	103014	5688
104308	104481	103014	5687
104308	104481	103014	5687
104308	104481	103014	5688
104308	104481	103014	5688
104309	104481	103014	5688
104308	104481	103014	5688
104308	104481	103014	5688
104308	104481	103014	5688
104308	104481	103014	5688
104308	104481	103014	5688
104308	104481	103014	5688
104308	104481	103014	5688
104308	104481	103014	5688
104308	104481	103014	5688
104308	104481	103014	5688
104308	104481	103014	5688
104309	104481	103014	5688
104308	104481	103014	5688
104308	104481	103013	5688
104308	104481	103014	5688
104308	104481	103014	5688
104309	104481	103014	5688
104308	104481	103014	5688
104308	104481	103014	5688
101899	102474	100548	5689
99321	99642	98092	5642
96314	96599	94973	5613
93551	93946	92289	5611
88118	88487	86857	5612
85438	85720	84103	5611
82685	83038	81397	5613
77090	77432	75804	5611
74403	74653	73020	5613
71656	71968	70370	5612
66217	66499	64954	5611
63120	63453	61854	5610
60414	60763	59141	5611
57487	57886	56278	5612
51995	52188	50616	5612
49046	49326	47723	5612
46296	46628	45023	5610
40894	41206	39538	5611
38037	38303	36608	5611
35369	35594	33966	5612
29904	30131	28504	5610
27148	27433	25762	5611
24429	24674	23044	5611
21224	21405	19778	5612
15573	15778	14159	5611
12690	12909	11223	5612
9996	10196	8557	5611
6719	6906	5308	5612
1111	1307	127	5612
51	101	86	5614
-1000	-1000	-1000	-1000
59	104	87	5613
61	104	87	5613
61	104	87	5613
62	104	87	5613
62	104	87	5613
62	104	87	5807
62	104	88	5982
62	104	88	6192
62	104	88	6455
62	104	88	6562
62	104	87	6713
62	104	87	7046
62	104	87	7199
62	104	87	7266
62	104	87	7241
62	104	87	7203
62	105	87	7197
62	105	87	7196
440	356	368	7196
779	841	829	7195
1035	1025	996	7196
1601	1632	1637	7196
1842	1889	1825	7196
2143	2142	2227	7196
2718	2700	2691	7196
2947	2987	3025	7195
3306	3263	3216	7195
3822	3823	3819	7195
4078	4064	4086	7195
4354	4378	4408	7195
4678	4651	4621	7195
5183	5160	5210	7195
5488	5461	5472	7195
5723	5744	5774	7195
6293	6296	6326	7195
6565	6552	6575	7195
6872	6838	6850	7195
7422	7416	7380	7195
7673	7654	7707	7195
7943	7946	7952	7195
8500	8498	8526	7195
8801	8775	8754	7195
9048	9034	9077	7195
9640	9570	9589	7195
9829	9858	9857	7195
10171	10135	10110	7195
10632	10674	10652	7195
10993	10929	10946	7196
11165	11213	11217	7195
11751	11752	11794	7195
12019	12040	12044	7195
12378	12348	12329	7195
12905	12884	12867	7194
13167	13183	13181	7195
13410	13421	13450	7195
13978	13987	14028	7195
14263	14251	14264	7195
14534	14518	14550	7194
14762	14767	14820	7195
15354	15365	15399	7195
15647	15615	15645	7195
15929	15934	15927	7195
16529	16517	16504	7195
16764	16781	16799	7195
17068	17043	17089	7195
17402	17396	17362	7195
17934	17942	17941	7196
18210	18184	18196	7195
18464	18484	18504	7195
19006	19005	19045	7196
19301	19328	19310	7195
19580	19590	19574	7196
19852	19863	19908	7196
20473	20452	20497	7195
20699	20749	20727	7195
21036	21030	21003	7195
21540	21580	21581	7195
21866	21854	21877	7194
22097	22137	22182	7195
22691	22708	22737	7195
22929	22962	22988	7195
23236	23264	23240	7195
23799	23801	23802	7195
24035	24068	24087	7195
24304	24335	24373	7195
24834	24895	24936	7195
25151	25146	25143	7195
25387	25437	25459	7195
25929	25959	25971	7195
26183	26245	26260	7195
26501	26511	26502	7196
27022	27029	27072	7196
27291	27353	27347	7196
27580	27632	27674	7195
28145	28176	28226	7195
28429	28488	28493	7195
28756	28792	28793	7195
29023	29046	29095	7195
29599	29643	29627	7195
29832	29876	29952	7195
30162	30188	30184	7195
30668	30703	30730	7195
30979	31009	31004	7196
31233	31303	31344	7195
31808	31861	31848	7195
32057	32104	32168	7195
32394	32436	32414	7195
32931	32978	33001	7195
33192	33272	33227	7195
33462	33505	33572	7195
33760	33817	33789	7195
34322	34396	34412	7195
34617	34677	34640	7195
34869	34951	34969	7195
35428	35502	35447	7195
35719	35795	35805	7195
36010	36083	36015	7195
36285	36350	36362	7195
36886	36973	36940	7196
37145	37225	37248	7195
37462	37487	37497	7195
37975	38016	38049	7195
38265	38350	38313	7195
38518	38598	38622	7195
38846	38885	38892	7195
39356	39466	39470	7195
39697	39759	39725	7195
39908	39995	40004	7196
40548	40621	40574	7195
40776	40855	40897	7195
41103	41158	41125	7195
41617	41686	41720	7195
41923	41997	41943	7195
42197	42273	42297	7195
42501	42627	42604	7195
43063	43150	43171	7195
43367	43422	43398	7195
43625	43698	43677	7195
44208	44278	44243	7195
44456	44527	44567	7195
44749	44792	44799	7194
45302	45392	45412	7195
45604	45651	45649	7195
45838	45920	45936	7195
46377	46471	46447	7195
46657	46747	46772	7195
46977	47010	47013	7195
47215	47308	47292	7195
47795	47866	47833	7195
48058	48147	48156	7195
48396	48417	48436	7195
48897	48969	48979	7195
49204	49269	49230	7195
49441	49526	49534	7195
49997	50073	50050	7195
50233	50325	50317	7195
50582	50632	50567	7195
51122	51171	51139	7195
51398	51475	51441	7195
51643	51750	51732	7195
52007	52054	52010	7195
52503	52577	52577	7195
52790	52875	52823	7195
53035	53138	53150	7195
53629	53728	53692	7196
53932	54013	54031	7195
54225	54297	54260	7195
54468	54554	54575	7195
55144	55196	55159	7195
55373	55474	55480	7195
55687	55721	55723	7195
55914	56019	55977	7195
56495	56573	56532	7197
56747	56846	56833	7196
57054	57120	57128	7196
57595	57713	57692	7196
57915	57976	57957	7196
58173	58290	58243	7195
58762	58853	58801	7195
59031	59129	59121	7195
59342	59421	59396	7196
59593	59711	59655	7196
60180	60258	60206	7196
60437	60520	60501	7195
60698	60798	60779	7195
61229	61326	61366	7196
61576	61646	61598	7195
61815	61910	61881	7196
62399	62489	62414	7196
62605	62701	62742	7195
62939	63018	62980	7195
63449	63561	63554	7195
63780	63854	63808	7195
63997	64110	64109	7195
64324	64405	64385	7195
64852	64956	64989	7195
65185	65264	65245	7195
65424	65521	65503	7195
65978	66098	66055	7195
66260	66356	66360	7195
66552	66611	66614	7195
67089	67195	67183	7196
67366	67461	67396	7195
67622	67728	67743	7195
68154	68252	68233	7195
68451	68524	68524	7195
68685	68809	68746	7196
69322	69370	69367	7195
69556	69642	69634	7195
69846	69932	69951	7195
70125	70225	70184	7195
70701	70748	70752	7195
70973	71041	71018	7195
71209	71317	71331	7195
71812	71869	71899	7195
72059	72169	72137	7195
72397	72460	72421	7195
72622	72734	72730	7195
73212	73327	73285	7195
73461	73584	73566	7195
73798	73881	73834	7195
74361	74425	74423	7195
74609	74731	74675	7195
74855	74972	74986	7195
75420	75511	75519	7195
75724	75783	75790	7195
75963	76078	76029	7195
76545	76610	76590	7195
76780	76881	76866	7195
77084	77139	77166	7195
77639	77740	77760	7195
77957	78022	78021	7195
78205	78313	78271	7195
78515	78589	78625	7195
79087	79149	79180	7195
79374	79482	79478	7195
79660	79746	79704	7195
79920	80000	80041	7195
80498	80600	80576	7196
80767	80863	80871	7195
81055	81151	81110	7196
81336	81405	81445	7195
81957	82027	82013	7196
82177	82288	82321	7196
82509	82557	82556	7195
82990	83086	83104	7195
83323	83382	83370	7195
83865	83902	83930	7195
84112	84197	84189	7195
84364	84445	84487	7195
84906	84994	85043	7195
85231	85259	85298	7195
85479	85573	85570	7195
86027	86089	86088	7195
86287	86370	86408	7195
86618	86636	86677	7195
86831	86929	86922	7195
87440	87504	87516	7195
87683	87751	87783	7195
87997	88051	88092	7195
88520	88612	88650	7195
88842	88898	88911	7195
89079	89155	89141	7195
89634	89744	89727	7195
89913	89995	90054	7195
90263	90333	90341	7195
90489	90570	90568	7195
91056	91146	91099	7195
91314	91390	91446	7195
91623	91701	91707	7195
92131	92236	92276	7196
92457	92526	92505	7195
92716	92795	92810	7195
93292	93383	93333	7195
93543	93629	93675	7195
93868	93925	93940	7195
94391	94490	94524	7195
94723	94797	94743	7195
94961	95011	95061	7195
95263	95322	95301	7195
95785	95885	95868	7195
96102	96156	96125	7195
96358	96430	96434	7195
96914	97004	96916	7195
97197	97277	97268	7195
97524	97554	97526	7195
98030	98099	98069	7195
98289	98363	98325	7195
98552	98646	98638	7195
98882	98918	98905	7195
99410	99458	99465	7195
99700	99770	99705	7195
99966	100024	100030	7195
100536	100619	100566	7195
100795	100879	100836	7196
101144	101186	101113	7195
101670	101736	101185	7195
101941	102022	101185	7195
102175	102252	101185	7195
102769	102795	101185	7195
103026	103065	101185	7195
103314	103368	101185	7195
103891	103929	101185	7195
104147	104191	101185	7195
104381	104462	101185	7195
104902	105015	101185	7196
105250	105308	101184	7198
105478	105578	101185	7207
105745	105837	101184	7223
106239	106369	101184	7252
106469	106627	101183	7247
106593	106896	101184	7245
106593	107099	101184	7246
106593	107627	101184	7249
106594	107868	101184	7251
106594	107925	101184	7251
106594	107926	101184	7253
106594	107926	101184	7253
106594	107926	101184	7252
106594	107927	101184	7253
106594	107927	101184	7254
106594	107927	101184	7254
106594	107927	101184	7253
106595	107927	101184	7253
106595	107928	101184	7254
106594	107927	101184	7254
106595	107928	101184	7254
106594	107928	101184	7254
106594	107928	101184	7254
106594	107928	101184	7254
106595	107929	101184	7254
106595	107929	101184	7254
106594	107929	101184	7254
106595	107929	101184	7254
106595	107930	101183	7254
106595	107929	101184	7254
106595	107930	101184	7255
106595	107930	101184	7255
106595	107929	101184	7255
106595	107930	101184	7255
106595	107929	101184	7254
106595	107930	101184	7254
106595	107930	101184	7254
106595	107930	101183	7254
106595	107929	101184	7255
106595	107930	101184	7255
106595	107930	101184	7254
106595	107930	101184	7255
106595	107930	101184	7255
106595	107930	101184	7255
106595	107930	101184	7254
106595	107930	101184	7254
106595	107930	101184	7255
106595	107930	101184	7255
106595	107930	101184	7255
106595	107930	101184	7255
106595	107930	101184	7255
106595	107930	101184	7255
106595	107930	101184	7254
106595	107930	101184	7255
106595	107930	101184	7255
106595	107930	101184	7255
106595	107931	101184	7255
106595	107930	101184	7255
106595	107931	101184	7255
106595	107931	101184	7255
106595	107931	101184	7255
106595	107931	101184	7255
106595	107930	101184	7256
106595	107931	101183	7255
106595	107930	101184	7255
106595	107931	101184	7255
106595	107931	101184	7255
106596	107930	101184	7255
106595	107931	101184	7255
106595	107931	101184	7255
106595	107931	101184	7255
106596	107931	101184	7255
106595	107931	101184	7255
106595	107931	101183	7255
106596	107931	101184	7255
106595	107931	101184	7255
106596	107931	101184	7255
106596	107931	101184	7255
106595	107931	101184	7255
106596	107931	101184	7255
106596	107931	101184	7255
106596	107931	101184	7255
106595	107931	101184	7255
106595	107931	101184	7255
106596	107931	101184	7255
106596	107931	101184	7255
106595	107931	101184	7255
106596	107931	101184	7255
106596	107931	101183	7255
106596	107931	101184	7255
106595	107931	101184	7255
106596	107931	101184	7255
106596	107931	101184	7255
106596	107931	101184	7255
106595	107931	101184	7255
106596	107931	101184	7255
106596	107931	101184	7255
106595	107931	101184	7255
106595	107931	101184	7255
106595	107931	101184	7255
106595	107931	101184	7255
106596	107931	101184	7255
106596	107931	101184	7255
106596	107931	101184	7255
106596	107931	101184	7255
106596	107931	101184	7255
106596	107931	101184	7255
106596	107931	101184	7255
106596	107931	101184	7255
106596	107931	101184	7256
103859	106030	98448	7249
101367	103027	96162	7206
95576	97451	90317	7196
92649	94559	87454	7195
89738	91724	84534	7197
87033	89002	81771	7195
81231	83249	76027	7196
78223	80152	72945	7194
75535	77439	70223	7195
70120	72040	64810	7194
67452	69246	62025	7195
64750	66604	59348	7195
59361	61151	53947	7195
56633	58387	51199	7194
53920	55698	48552	7194
48108	49915	42776	7196
45369	47160	40024	7194
42748	44464	37302	7195
37072	38768	31721	7195
34373	36074	28931	7194
31640	33401	26273	7194
26246	27937	20861	7194
23515	25210	18147	7195
20798	22501	15377	7195
15364	17051	9985	7195
12622	14319	7259	7196
9724	11434	4387	7195
4311	5975	70	7195
1685	3240	75	7195
51	477	76	7194
60	108	76	7195
63	109	77	7197
63	109	77	7196
-1000	-1000	-1000	-1000
63	109	76	7196
64	109	77	7196
64	110	77	7195
