82	94	103	67
83	95	103	68
82	94	103	68
422	416	286	67
821	799	892	68
971	1077	938	67
1291	1284	1365	68
1859	1883	1845	67
2123	2123	2177	67
2412	2423	2379	67
2950	3008	3013	68
3330	3291	3259	67
3562	3546	3609	67
3811	3817	3815	67
4388	4420	4441	67
4713	4699	4687	67
4955	4981	4978	67
5575	5556	5517	67
5801	5810	5836	67
6093	6067	6084	67
6616	6634	6659	67
6943	6937	6898	67
7195	7205	7226	67
7479	7476	7478	67
7973	8002	8005	67
8325	8305	8261	67
8545	8538	8573	67
9134	9120	9114	67
9344	9369	9382	67
9918	9906	9951	67
10218	10242	10236	67
10573	10521	10518	67
10768	10796	10798	67
11360	11353	11353	67
11619	11627	11650	67
11948	11939	11898	67
12192	12190	12227	67
12762	12756	12748	67
12999	13018	13031	67
13310	13316	13274	67
13816	13839	13850	67
14142	14099	14102	67
14696	14663	14650	67
14931	14927	14978	67
15197	15192	15232	67
15736	15728	15815	67
16037	16026	16005	67
16296	16294	16334	67
16592	16579	16595	67
17181	17187	17241	67
17468	17463	17469	67
17740	17718	17744	67
18321	18282	18273	67
18549	18553	18596	67
18832	18855	18859	67
19161	19132	19130	67
19708	19692	19677	67
19959	19951	20002	67
20213	20258	20240	67
20754	20799	20819	67
21091	21093	21086	67
21326	21317	21364	67
21913	21899	21894	67
22135	22165	22207	67
22443	22448	22441	67
22929	22974	22995	67
23270	23258	23259	67
23496	23534	23567	67
24071	24107	24099	67
24330	24352	24401	67
24653	24650	24605	67
25200	25196	25199	67
25446	25466	25459	67
25711	25731	25796	67
26268	26292	26328	67
26565	26563	26589	67
26820	26864	26858	67
27101	27123	27156	67
27644	27685	27690	67
27954	27940	27957	67
28196	28227	28232	67
28775	28773	28775	67
29012	29033	29069	67
29301	29304	29327	67
29807	29835	29875	67
30142	30141	30119	67
30387	30394	30442	67
30978	30971	30975	67
31189	31230	31273	67
31545	31526	31522	67
32034	32045	32073	67
32317	32341	32329	67
32535	32591	32644	67
33106	33135	33167	67
33399	33424	33451	67
33651	33690	33678	67
34237	34244	34232	67
34459	34499	34536	67
34755	34745	34769	67
35258	35267	35329	67
35573	35588	35522	67
35802	35846	35887	67
36343	36401	36414	67
36637	36670	36690	67
36932	36955	36963	67
37488	37476	37525	67
37728	37795	37782	67
38015	38051	38121	67
38593	38621	38644	67
38896	38924	38966	67
39207	39232	39206	67
39744	39773	39770	67
39982	39995	40013	67
40261	40280	40351	67
40571	40604	40573	67
41121	41158	41141	67
41388	41393	41408	67
41642	41685	41743	67
42189	42211	42279	67
42470	42527	42524	67
42778	42765	42774	67
43351	43374	43319	67
43575	43599	43652	67
43834	43892	43876	67
44378	44425	44448	67
44716	44730	44728	67
44949	44979	45028	67
45499	45526	45527	67
45760	45800	45864	67
46088	46094	46107	67
46605	46638	46674	67
46869	46909	46893	67
47122	47178	47237	67
47697	47728	47754	67
47978	48010	48061	67
48239	48289	48287	67
48817	48847	48842	67
49057	49079	49122	67
49341	49369	49395	67
49859	49913	49964	67
50192	50216	50208	67
50448	50452	50498	67
51007	51036	51004	67
51230	51283	51329	67
51556	51590	51575	67
51816	51842	51888	67
52368	52408	52383	67
52604	52660	52724	67
53144	53167	53218	67
53432	53482	53502	67
53729	53773	53761	67
53994	54026	54104	67
54545	54558	54600	67
54790	54841	54896	67
55122	55131	55123	67
55677	55661	55690	67
55881	55929	55958	67
56192	56199	56235	67
56730	56770	56810	67
57040	57036	57054	67
57248	57269	57302	67
57784	57846	57814	67
58092	58121	58178	67
58390	58403	58411	67
58908	58944	58977	67
59184	59223	59206	67
59440	59481	59549	67
60006	60032	60064	67
60299	60352	60401	67
60622	60649	60631	67
61131	61179	61185	67
61407	61406	61452	67
61646	61714	61758	67
62213	62237	62314	67
62486	62535	62546	67
62807	62792	62835	67
63375	63369	63367	67
63590	63623	63681	67
63861	63914	63918	67
64414	64490	64527	67
64764	64766	64775	67
65001	65039	65060	67
65266	65325	65369	67
65829	65889	65915	67
66153	66155	66200	67
66432	66503	66473	67
66689	66771	66811	67
67255	67326	67320	67
67560	67601	67652	67
67814	67903	67877	67
68403	68433	68457	67
68638	68703	68690	67
68940	68988	69037	67
69476	69527	69590	67
69795	69826	69834	67
70037	70096	70083	67
70619	70673	70646	67
70828	70889	70949	67
71141	71191	71179	67
71646	71718	71744	67
71992	72026	72012	67
72212	72277	72322	67
72779	72847	72817	67
73027	73088	73143	67
73374	73436	73437	67
73639	73674	73713	67
74190	74257	74232	67
74469	74533	74576	67
74768	74791	74822	67
75291	75338	75389	67
75608	75650	75630	67
75836	75902	75964	67
76387	76463	76457	67
76688	76739	76795	67
76979	77026	77044	67
77556	77564	77632	67
77788	77863	77850	67
78066	78141	78180	67
78611	78670	78701	67
78898	78929	78983	67
79191	79229	79241	67
79432	79501	79561	67
79996	80031	80075	67
80275	80334	80379	67
80593	80634	80640	67
81157	81189	81217	67
81407	81447	81460	67
81694	81767	81830	66
82039	82072	82067	67
82542	82586	82651	67
82829	82888	82875	67
83083	83159	83239	67
83670	83698	83751	67
83913	83985	84046	67
84215	84294	84278	67
84795	84832	84858	67
85045	85143	85130	67
85317	85385	85474	67
85871	85946	85969	67
86177	86224	86298	67
86434	86500	86482	67
86694	86764	86851	67
87267	87313	87360	66
87560	87643	87667	67
87824	87924	87907	66
88418	88454	88510	67
88640	88748	88749	67
88930	89017	89062	67
89502	89585	89648	67
89806	89851	89882	67
90042	90126	90148	66
90327	90433	90479	66
90920	90975	91027	67
91190	91271	91336	67
91504	91573	91581	67
91789	91868	91911	67
92409	92490	92476	67
92620	92732	92797	67
92964	93011	93034	67
93471	93548	93613	66
93756	93858	93835	67
93972	94090	94145	67
94562	94641	94638	67
94820	94910	94995	67
95126	95232	95220	67
95696	95764	95791	67
95948	96041	96044	67
96223	96300	96383	67
96730	96859	96853	67
97049	97122	97118	66
97301	97459	97400	67
97572	97745	97705	66
98016	98276	98145	67
98233	98573	98324	68
98550	98874	98643	81
98826	99390	99123	87
98826	99679	99335	89
98826	99976	99608	91
98827	100516	99630	93
98827	100799	99631	93
98827	101087	99631	93
98827	101639	99632	94
98827	101877	99632	94
98827	102165	99633	94
98827	102701	99633	94
98827	102999	99633	94
98828	103242	99633	94
98828	103810	99633	95
98828	104070	99633	96
98827	104343	99633	97
98828	104596	99634	97
98828	105140	99634	100
98828	105410	99633	102
98828	105685	99633	104
98829	106167	99633	107
98829	106226	99633	107
98829	106226	99633	108
98829	106227	99634	108
98829	106227	99633	109
98829	106227	99633	109
98830	106227	99633	109
98830	106227	99633	109
98829	106228	99633	109
98829	106228	99633	109
98829	106228	99634	109
98830	106229	99634	109
98829	106229	99634	109
98829	106229	99634	110
98829	106229	99633	110
98830	106230	99633	110
98829	106229	99633	110
98830	106229	99633	110
98830	106230	99633	110
98830	106230	99633	110
98830	106229	99633	111
98830	106230	99634	111
98830	106230	99633	110
98830	106230	99633	110
98830	106231	99633	110
98830	106231	99633	110
98830	106231	99633	110
98830	106231	99633	110
98830	106232	99633	111
98830	106232	99633	110
98830	106232	99633	110
98830	106232	99633	111
98830	106233	99634	111
98830	106233	99633	111
98830	106233	99634	111
98830	106233	99633	111
98830	106234	99633	111
98830	106233	99633	111
98830	106234	99633	111
98830	106234	99634	111
98830	106234	99633	111
98830	106234	99634	111
98830	106234	99633	111
98830	106234	99634	111
98830	106234	99634	111
98830	106234	99633	111
98830	106234	99633	111
98830	106234	99633	111
98830	106234	99633	111
98830	106234	99634	111
98830	106235	99633	111
98830	106234	99634	111
98830	106235	99634	111
98830	106234	99634	112
98830	106235	99634	111
98831	106235	99633	111
98830	106235	99633	111
98830	106235	99634	111
98830	106235	99634	111
98831	106235	99634	111
98830	106235	99634	111
98831	106235	99633	111
98831	106236	99633	111
98830	106236	99634	111
98831	106236	99634	111
98830	106236	99634	111
98830	106236	99634	111
98830	106236	99634	111
98830	106236	99634	111
98830	106236	99634	111
98830	106236	99633	111
98830	106236	99634	111
98831	106236	99634	111
98830	106236	99634	111
98831	106236	99634	111
98830	106237	99634	112
98830	106237	99634	111
98831	106236	99634	111
98831	106236	99634	111
98831	106237	99634	111
98831	106237	99634	111
98831	106237	99633	111
98830	106237	99634	112
98831	106237	99634	111
98830	106237	99634	111
98831	106237	99634	112
98831	106237	99634	111
98830	106237	99634	111
98831	106237	99634	111
98830	106237	99634	111
98831	106237	99634	112
98831	106237	99634	112
98831	106237	99634	111
98831	106237	99634	111
98831	106237	99634	112
98831	106237	99634	111
98831	106237	99633	111
98831	106237	99633	112
98831	106237	99633	112
98831	106238	99634	111
98831	106237	99634	112
98831	106237	99633	111
93752	100791	94686	77
90858	97952	91564	75
88171	95258	88921	69
82802	89797	83430	67
80044	87105	80702	67
77323	84336	77990	66
71714	78751	72348	66
68694	75723	69325	66
65964	72969	66580	66
63255	70246	63876	66
57748	64785	58423	65
54797	61810	55394	65
51825	58825	52456	65
48904	55946	49618	65
43306	50283	43904	65
40373	47416	41046	65
37674	44719	38301	65
32123	39089	32652	65
29399	36319	29917	65
26541	33481	27028	65
21075	28099	21561	65
18238	25147	18681	65
15281	22254	15808	65
12412	19354	12833	65
6640	13554	7085	65
3919	10832	4408	66
1204	8086	1668	65
75	2510	92	64
78	65	93	64
79	71	93	65
-1000	-1000	-1000	-1000
79	72	93	65
79	72	94	65
79	72	94	66
79	72	94	65
78	72	93	66
78	72	93	108
79	72	94	191
78	72	94	294
79	72	94	684
78	72	94	821
78	72	94	967
78	72	94	1191
78	72	94	1285
79	72	94	1392
78	72	94	1422
79	72	94	1412
78	72	94	1409
78	72	94	1407
78	72	94	1407
78	72	94	1406
103	77	113	1405
445	414	411	1405
774	812	863	1405
1291	1313	1369	1404
1622	1633	1658	1404
1904	1929	1876	1404
2170	2166	2267	1404
2777	2754	2769	1404
3034	3056	3104	1403
3350	3318	3338	1403
3821	3841	3898	1403
4166	4149	4122	1403
4389	4401	4463	1403
4941	4965	4975	1403
5209	5207	5267	1403
5531	5524	5506	1403
6091	6055	6090	1403
6333	6335	6358	1403
6577	6586	6638	1403
7143	7155	7206	1403
7453	7446	7459	1403
7698	7704	7734	1403
8295	8270	8257	1403
8525	8538	8595	1403
8832	8817	8835	1403
9098	9120	9125	1403
9718	9731	9705	1403
9992	9957	10014	1403
10224	10245	10263	1402
10566	10551	10532	1403
11096	11102	11088	1403
11348	11339	11360	1403
11921	11918	11894	1403
12171	12178	12218	1403
12460	12479	12467	1403
12725	12735	12740	1403
13323	13336	13313	1403
13569	13572	13614	1403
13844	13882	13904	1403
14162	14153	14135	1403
14711	14720	14729	1402
14990	15008	15023	1403
15554	15564	15547	1403
15805	15823	15887	1403
16109	16103	16141	1402
16378	16402	16403	1403
16964	16967	16962	1403
17218	17260	17274	1403
17501	17530	17574	1402
18073	18104	18135	1403
18372	18395	18399	1403
18642	18650	18639	1402
18874	18924	18951	1403
19460	19480	19510	1403
19749	19759	19760	1403
20006	20029	20031	1402
20620	20617	20601	1402
20893	20911	20929	1403
21140	21170	21208	1403
21699	21729	21790	1402
21992	22049	22022	1403
22296	22299	22320	1402
22543	22601	22644	1402
23127	23156	23186	1403
23391	23437	23437	1403
23673	23728	23698	1402
24258	24256	24246	1402
24506	24536	24551	1403
24787	24804	24842	1403
25323	25371	25429	1403
25631	25637	25636	1402
25864	25882	25923	1403
26409	26459	26428	1403
26670	26727	26768	1403
26973	26993	26994	1402
27498	27545	27563	1403
27757	27825	27765	1403
28041	28085	28116	1403
28599	28639	28664	1402
28880	28940	28936	1402
29173	29238	29200	1402
29455	29492	29545	1402
30027	30062	30068	1402
30254	30341	30354	1403
30625	30655	30629	1402
30863	30900	30931	1402
31491	31511	31480	1403
31681	31759	31791	1402
32008	32034	32037	1402
32519	32608	32649	1403
32871	32906	32884	1402
33092	33154	33160	1402
33644	33724	33675	1403
33897	33983	34012	1403
34267	34295	34280	1402
34523	34561	34567	1402
35047	35113	35075	1402
35292	35366	35393	1402
35847	35916	35919	1403
36145	36161	36191	1402
36405	36496	36455	1402
36665	36730	36763	1403
37219	37268	37282	1403
37510	37530	37588	1403
38017	38072	38132	1402
38358	38394	38390	1402
38595	38632	38653	1402
38905	38968	39002	1403
39447	39497	39547	1402
39741	39783	39776	1403
39990	40035	40011	1402
40564	40619	40576	1403
40829	40872	40905	1402
41124	41200	41170	1402
41408	41453	41426	1402
41996	42046	42001	1402
42253	42284	42311	1403
42503	42609	42575	1403
43100	43149	43172	1402
43382	43441	43410	1402
43699	43735	43707	1402
43938	44027	44015	1403
44551	44614	44623	1403
44800	44868	44866	1402
45151	45175	45156	1403
45696	45704	45729	1402
45924	46019	45978	1402
46171	46246	46275	1403
46532	46557	46552	1402
47047	47079	47117	1403
47332	47408	47349	1402
47580	47653	47680	1403
48138	48204	48192	1403
48423	48456	48485	1402
48690	48750	48722	1402
49266	49301	49288	1403
49495	49545	49562	1402
49785	49818	49836	1402
50306	50381	50405	1402
50645	50683	50652	1402
50911	50939	50945	1402
51460	51525	51478	1402
51685	51752	51793	1402
52011	52060	52021	1402
52539	52594	52632	1402
52862	52924	52876	1402
53080	53143	53196	1403
53409	53478	53458	1403
53947	54011	54075	1403
54269	54314	54311	1402
54512	54565	54597	1402
54795	54873	54908	1402
55400	55474	55499	1402
55710	55748	55778	1402
55983	56078	56032	1403
56619	56634	56655	1402
56833	56940	56897	1402
57157	57234	57251	1403
57481	57528	57513	1403
57992	58043	58083	1402
58236	58357	58312	1403
58513	58590	58630	1402
59087	59156	59153	1403
59367	59439	59464	1402
59640	59727	59688	1402
60210	60264	60260	1402
60474	60535	60526	1402
60723	60825	60884	1402
61074	61135	61111	1402
61594	61658	61671	1402
61874	61963	61934	1402
62148	62199	62263	1403
62712	62746	62808	1402
62965	63059	63053	1402
63275	63339	63309	1402
63830	63876	63859	1402
64069	64125	64154	1402
64334	64408	64419	1402
64863	64942	65000	1403
65179	65236	65231	1402
65420	65469	65504	1402
66002	66083	66054	1403
66269	66340	66379	1402
66592	66627	66649	1402
67112	67176	67199	1403
67374	67460	67433	1403
67643	67717	67743	1402
68197	68272	68275	1402
68486	68552	68597	1402
68751	68828	68819	1402
69329	69363	69391	1402
69568	69632	69651	1402
69847	69913	69956	1402
70402	70465	70524	1402
70693	70743	70748	1402
70964	70993	71030	1402
71542	71575	71555	1402
71756	71811	71880	1402
72049	72117	72100	1402
72343	72390	72397	1402
72921	72966	72971	1402
73159	73211	73252	1402
73429	73494	73522	1402
73963	74067	74098	1402
74286	74335	74347	1402
74560	74629	74641	1402
74820	74887	74960	1402
75398	75471	75521	1402
75711	75750	75803	1402
75952	76050	76055	1402
76569	76611	76653	1402
76788	76874	76892	1402
77117	77159	77242	1402
77616	77694	77760	1402
77945	77994	78032	1402
78176	78239	78262	1402
78721	78810	78810	1402
78990	79075	79151	1402
79337	79375	79414	1401
79849	79929	79988	1402
80113	80195	80196	1402
80354	80438	80499	1402
80943	81000	81028	1402
81207	81271	81344	1402
81491	81583	81552	1402
82055	82109	82119	1401
82316	82388	82400	1402
82581	82665	82758	1402
82898	82968	82969	1402
83436	83528	83570	1401
83755	83810	83813	1402
83965	84067	84151	1402
84539	84593	84650	1401
84829	84902	84975	1401
85109	85187	85197	1401
85683	85716	85775	1401
85913	85985	86001	1401
86199	86270	86354	1401
86741	86820	86886	1401
87051	87090	87150	1402
87308	87361	87400	1401
87591	87693	87740	1401
88173	88263	88287	1401
88477	88521	88599	1401
88732	88834	88853	1402
89038	89116	89144	1402
89598	89711	89724	1401
89898	89974	90055	1401
90212	90258	90301	1401
90749	90799	90885	1401
91030	91132	91132	1401
91302	91363	91451	1401
91897	91940	91965	1401
92127	92219	92300	1401
92442	92509	92519	1401
92678	92748	92817	1401
93339	93400	93388	1401
93574	93641	93714	1401
93877	93932	93972	1401
94380	94488	94542	1401
94683	94762	94762	1401
94973	95021	95085	1401
95260	95328	95362	1401
95780	95881	95947	1401
96160	96189	96267	1401
96389	96493	96495	1402
96953	97048	97058	1401
97231	97310	97358	1401
97529	97574	97646	1401
97767	97899	97894	1401
98307	98433	98454	1401
98579	98703	98703	1403
98868	98977	98998	1403
99353	99500	99412	1405
99563	99779	99612	1409
99814	100027	99851	1414
100030	100511	100054	1417
100031	100778	100054	1419
100032	101016	100055	1422
100035	101537	100055	1425
100037	101592	100055	1427
100037	101592	100055	1428
100038	101592	100055	1429
100039	101593	100055	1429
100039	101593	100055	1430
100039	101593	100056	1430
100040	101593	100055	1430
100042	101593	100056	1430
100042	101594	100056	1430
100043	101594	100056	1430
100043	101594	100056	1430
100043	101594	100056	1430
100044	101594	100056	1431
100045	101594	100056	1431
100045	101594	100056	1431
100045	101594	100056	1431
100045	101595	100056	1431
100045	101594	100056	1431
100045	101595	100057	1431
100046	101595	100056	1431
100046	101594	100056	1432
100046	101594	100057	1432
100046	101595	100056	1432
100046	101595	100056	1432
100046	101595	100056	1432
100046	101595	100057	1432
100046	101595	100056	1432
100046	101595	100057	1432
100046	101595	100057	1432
100046	101595	100056	1432
100046	101595	100056	1432
100046	101595	100057	1432
100046	101595	100057	1432
100046	101595	100057	1432
100047	101596	100057	1432
100046	101595	100056	1433
100046	101596	100057	1432
100046	101596	100057	1432
100046	101595	100056	1432
100046	101595	100056	1432
100046	101596	100056	1433
100046	101596	100057	1432
100046	101595	100057	1432
100046	101596	100057	1432
100047	101596	100057	1433
100047	101596	100057	1432
100047	101596	100057	1433
100047	101596	100057	1432
100047	101596	100057	1432
100047	101596	100057	1432
100047	101596	100057	1432
100047	101596	100057	1432
100047	101596	100057	1432
100047	101596	100057	1432
100047	101596	100057	1432
100047	101596	100057	1432
100047	101596	100057	1432
100047	101596	100057	1432
100047	101596	100057	1432
100047	101596	100057	1432
100047	101596	100057	1432
100047	101597	100057	1432
100047	101596	100057	1432
100047	101596	100057	1433
100047	101597	100057	1432
100047	101597	100057	1433
100047	101597	100057	1433
100048	101596	100057	1432
100047	101596	100057	1433
100048	101596	100057	1432
100048	101597	100057	1432
100048	101597	100057	1432
100048	101597	100057	1432
100047	101597	100057	1432
100047	101596	100057	1432
100048	101597	100057	1432
100048	101597	100057	1432
100048	101597	100057	1432
100048	101597	100057	1432
100048	101597	100057	1432
100048	101597	100057	1433
100048	101597	100057	1432
100048	101597	100057	1432
100048	101597	100057	1433
100048	101597	100057	1432
100048	101597	100057	1432
100048	101597	100057	1432
100048	101597	100057	1432
100048	101597	100057	1432
100048	101597	100057	1432
100048	101597	100057	1432
100048	101597	100057	1433
100048	101597	100057	1432
100048	101597	100057	1432
100048	101597	100057	1432
100048	101597	100057	1432
100048	101597	100057	1432
100048	101597	100057	1432
100048	101597	100057	1432
100048	101597	100057	1432
100048	101597	100057	1432
97488	99187	98119	1433
92033	93612	92545	1386
89385	90934	89847	1389
86430	88041	86920	1391
80986	82613	81531	1390
78285	79877	78778	1392
75391	76972	75884	1393
69960	71581	70432	1393
67252	68813	67695	1393
64493	66123	65028	1393
59091	60688	59622	1393
56342	57974	56852	1393
53666	55279	54161	1393
48199	49778	48708	1393
45380	46936	45906	1393
42423	44052	42965	1393
36963	38577	37577	1393
34251	35867	34796	1393
31342	33011	31995	1393
28629	30239	29228	1393
22984	24607	23588	1393
20268	21871	20856	1393
17571	19200	18115	1392
11754	13357	12301	1392
8866	10467	9461	1393
5990	7600	6562	1393
3083	4704	3652	1393
57	78	85	1395
59	82	88	1398
-1000	-1000	-1000	-1000
61	83	88	1398
61	83	89	1398
62	83	89	1399
62	83	89	1398
61	83	89	1398
62	83	89	1457
62	83	89	1538
62	83	89	1688
62	83	89	2074
62	83	90	2209
62	83	89	2338
62	83	89	2581
62	83	89	2693
62	83	89	2771
62	83	89	2811
62	83	89	2775
62	83	89	2765
61	83	89	2767
62	82	89	2768
62	83	89	2768
62	83	89	2768
414	404	379	2768
783	817	862	2769
1053	1070	941	2768
1614	1623	1615	2768
1899	1914	1848	2769
2150	2137	2233	2770
2702	2680	2734	2769
2928	2980	2968	2769
3293	3250	3212	2770
3796	3785	3757	2769
4054	4033	4072	2768
4278	4295	4320	2769
4606	4597	4554	2768
5166	5137	5145	2769
5472	5458	5441	2769
5714	5725	5752	2769
6283	6283	6320	2769
6575	6552	6592	2769
6900	6871	6861	2768
7135	7146	7180	2768
7734	7721	7738	2769
8003	8002	8038	2769
8341	8321	8295	2769
8604	8585	8627	2769
9202	9182	9161	2769
9444	9420	9479	2769
9718	9729	9711	2769
10254	10249	10275	2769
10602	10567	10561	2769
10846	10813	10864	2769
11094	11119	11119	2769
11700	11686	11742	2769
11984	11985	11974	2769
12269	12236	12270	2769
12850	12820	12801	2769
13091	13068	13128	2768
13361	13349	13364	2769
13875	13885	13932	2769
14229	14160	14160	2769
14438	14422	14509	2770
14977	14949	14996	2769
15244	15242	15302	2769
15582	15545	15544	2769
16111	16070	16131	2770
16373	16345	16379	2769
16642	16633	16701	2768
17192	17169	17241	2769
17478	17462	17483	2769
17776	17720	17755	2769
18012	18017	18046	2770
18619	18582	18637	2770
18879	18876	18910	2769
19215	19164	19162	2769
19732	19713	19711	2769
20015	19972	20023	2769
20242	20258	20264	2769
20840	20817	20867	2769
21123	21119	21137	2769
21438	21401	21427	2769
21653	21653	21709	2768
22232	22205	22260	2769
22499	22498	22537	2768
22802	22784	22795	2769
23363	23327	23339	2768
23620	23616	23637	2769
23902	23866	23924	2768
24444	24442	24503	2768
24770	24733	24770	2768
25034	25030	25014	2768
25344	25321	25418	2769
25888	25847	25900	2769
26130	26154	26188	2769
26463	26445	26435	2769
27024	26986	27020	2769
27260	27264	27292	2769
27548	27540	27574	2768
28094	28078	28135	2768
28392	28389	28381	2768
28653	28626	28677	2768
29234	29211	29195	2768
29487	29456	29545	2768
29752	29753	29769	2768
30305	30307	30362	2769
30621	30594	30590	2769
30861	30845	30904	2769
31132	31142	31161	2769
31682	31702	31748	2769
31997	31987	31981	2769
32261	32235	32292	2769
32844	32816	32810	2768
33095	33106	33146	2769
33383	33374	33403	2768
33898	33912	33968	2768
34235	34194	34194	2769
34456	34468	34514	2769
35029	35032	35050	2769
35277	35274	35326	2769
35615	35568	35543	2768
35844	35852	35903	2768
36446	36448	36457	2769
36696	36689	36761	2768
37022	37009	37036	2768
37579	37546	37661	2769
37892	37870	37885	2768
38131	38115	38193	2769
38419	38403	38458	2769
38969	38954	39042	2769
39284	39253	39277	2769
39516	39493	39562	2770
40093	40022	40056	2769
40322	40306	40406	2768
40651	40633	40653	2768
41148	41151	41210	2768
41476	41410	41447	2768
41697	41673	41770	2768
42282	42227	42307	2769
42496	42526	42561	2769
42849	42786	42804	2769
43380	43401	43393	2768
43682	43623	43687	2769
43896	43919	43955	2769
44250	44214	44209	2768
44760	44739	44772	2768
45034	44989	45061	2769
45291	45295	45378	2768
45869	45852	45935	2769
46147	46114	46186	2769
46418	46386	46434	2769
47018	46967	46997	2769
47250	47220	47282	2770
47514	47498	47573	2769
48054	48044	48127	2769
48389	48348	48385	2769
48630	48595	48664	2769
49197	49149	49173	2768
49432	49428	49486	2768
49747	49723	49717	2769
50271	50276	50309	2769
50623	50540	50570	2769
50888	50846	50907	2769
51447	51393	51438	2769
51658	51682	51681	2769
52006	51953	51957	2769
52513	52496	52511	2769
52787	52746	52797	2769
53047	53058	53122	2769
53391	53360	53361	2769
53907	53876	53912	2768
54175	54174	54176	2768
54441	54432	54504	2769
55008	54980	55037	2769
55274	55256	55296	2769
55591	55577	55568	2769
55828	55841	55898	2769
56415	56420	56415	2769
56692	56679	56742	2768
57230	57225	57268	2768
57532	57536	57566	2769
57795	57792	57789	2769
58064	58051	58123	2768
58612	58604	58649	2769
58900	58901	58932	2769
59184	59170	59176	2769
59755	59738	59725	2770
60004	59983	60041	2769
60266	60290	60312	2769
60821	60806	60884	2769
61123	61110	61104	2769
61413	61372	61443	2769
61978	61960	61953	2769
62228	62201	62292	2769
62503	62526	62530	2769
62839	62779	62831	2769
63403	63372	63370	2768
63642	63604	63690	2768
63903	63914	63935	2768
64282	64237	64246	2769
64802	64777	64821	2768
65066	65062	65098	2769
65336	65328	65408	2768
65939	65934	65960	2768
66235	66209	66292	2768
66524	66533	66525	2769
66767	66758	66835	2769
67331	67329	67324	2769
67601	67606	67683	2769
67894	67898	67899	2769
68439	68421	68487	2769
68666	68678	68699	2769
68972	68965	69041	2769
69545	69538	69610	2768
69842	69837	69870	2769
70118	70116	70118	2769
70685	70675	70672	2769
70934	70901	70985	2769
71174	71223	71212	2769
71527	71494	71497	2769
72054	72067	72079	2769
72354	72325	72362	2769
72616	72624	72651	2768
73197	73181	73246	2769
73444	73461	73478	2769
73739	73733	73749	2768
74288	74280	74273	2769
74536	74546	74586	2768
74805	74802	74834	2769
75355	75387	75431	2769
75695	75668	75678	2769
75929	75927	75980	2769
76485	76471	76467	2769
76749	76761	76821	2769
77061	77037	77067	2769
77590	77573	77645	2768
77876	77871	77867	2769
78127	78141	78190	2769
78673	78675	78714	2769
78932	78929	78978	2769
79271	79233	79257	2768
79508	79512	79555	2768
80105	80085	80111	2768
80347	80349	80388	2769
80657	80632	80629	2769
81188	81170	81198	2769
81454	81439	81468	2768
81721	81723	81759	2769
82293	82277	82334	2769
82548	82532	82578	2769
82837	82814	82843	2769
83401	83368	83376	2769
83641	83622	83687	2769
83918	83899	83923	2769
84459	84456	84511	2769
84803	84772	84782	2769
85039	85030	85074	2769
85596	85593	85582	2768
85839	85844	85914	2769
86167	86127	86139	2768
86667	86647	86724	2769
86965	86964	86947	2769
87225	87227	87282	2769
87778	87771	87798	2769
88046	88032	88091	2769
88320	88342	88324	2769
88894	88872	88889	2769
89119	89136	89144	2769
89430	89419	89456	2770
89734	89739	89739	2769
90274	90266	90296	2769
90522	90523	90555	2769
90789	90786	90860	2769
91358	91342	91429	2769
91630	91647	91660	2769
91938	91907	91943	2769
92506	92508	92507	2769
92759	92753	92809	2769
93022	93062	93079	2769
93344	93332	93322	2768
93900	93919	93937	2768
94177	94155	94196	2769
94422	94457	94497	2769
95023	95009	95070	2768
95293	95309	95346	2769
95569	95557	95581	2769
96152	96129	96112	2768
96375	96391	96439	2769
96665	96653	96677	2769
97207	97227	97250	2769
97513	97506	97488	2768
97753	97780	97817	2769
98330	98353	98334	2768
98569	98597	98633	2768
98873	98873	98864	2769
99374	99387	99390	2769
99621	99669	99638	2770
99859	99963	99878	2773
100308	100493	100335	2779
100512	100774	100525	2792
100753	101036	100770	2795
101241	101593	101133	2792
101386	101808	101349	2792
101521	102085	101366	2793
101524	102578	101367	2793
101525	102785	101368	2795
101528	103060	101368	2797
101529	103125	101368	2798
101530	103126	101368	2799
101531	103126	101368	2800
101531	103127	101368	2800
101531	103127	101368	2800
101531	103127	101368	2800
101531	103127	101368	2800
101532	103127	101369	2800
101532	103128	101369	2800
101532	103128	101369	2800
101532	103128	101369	2801
101533	103128	101369	2800
101533	103128	101369	2800
101533	103128	101369	2801
101534	103128	101369	2800
101533	103128	101369	2801
101534	103128	101369	2801
101534	103129	101369	2801
101534	103129	101369	2801
101534	103128	101369	2801
101534	103129	101369	2801
101535	103129	101369	2801
101535	103129	101369	2801
101535	103128	101369	2801
101535	103129	101370	2801
101535	103129	101369	2801
101535	103129	101369	2801
101535	103129	101370	2801
101536	103129	101370	2801
101536	103130	101370	2801
101536	103130	101370	2801
101535	103129	101370	2801
101536	103129	101369	2801
101536	103130	101370	2801
101536	103129	101370	2801
101536	103129	101370	2801
101536	103130	101370	2801
101536	103130	101370	2801
101536	103130	101369	2801
101536	103130	101370	2801
101537	103130	101370	2801
101536	103130	101370	2801
101536	103130	101370	2801
101537	103130	101370	2800
101537	103130	101370	2801
101537	103130	101370	2801
101537	103130	101370	2801
101537	103130	101370	2801
101536	103130	101370	2801
101537	103130	101370	2801
101536	103130	101369	2801
101537	103130	101370	2801
101537	103130	101370	2801
101537	103130	101370	2801
101537	103130	101370	2801
101537	103130	101370	2801
101537	103130	101370	2801
101537	103130	101370	2801
101537	103130	101370	2801
101537	103130	101370	2800
101537	103130	101370	2801
101537	103130	101370	2801
101537	103130	101370	2801
101537	103130	101370	2801
101537	103130	101370	2801
101537	103130	101370	2801
101537	103130	101370	2801
101537	103130	101370	2801
101537	103130	101370	2801
101537	103130	101370	2801
101537	103130	101370	2801
101537	103130	101370	2800
101538	103130	101370	2801
101537	103130	101370	2801
101537	103130	101370	2800
101537	103131	101370	2801
101537	103130	101370	2801
101537	103130	101370	2801
101537	103131	101370	2801
101538	103130	101370	2801
101537	103131	101370	2801
101537	103131	101370	2800
101538	103130	101371	2801
101537	103130	101370	2801
101537	103131	101370	2801
101537	103130	101370	2801
101538	103130	101370	2801
101537	103130	101370	2801
101538	103130	101371	2801
101538	103130	101370	2801
101538	103130	101370	2800
101538	103131	101370	2801
101538	103130	101370	2801
101538	103130	101370	2801
101538	103130	101370	2801
101538	103131	101370	2801
101538	103131	101370	2801
101538	103131	101370	2801
101538	103130	101371	2801
101538	103131	101370	2801
101538	103131	101370	2801
98915	100670	98941	2801
96494	97963	96600	2769
90907	92466	90929	2766
88073	89706	88090	2770
85453	86983	85342	2768
79791	81405	79778	2767
77064	78651	77019	2769
74326	75922	74322	2768
68954	70529	68866	2767
66245	67765	66121	2768
63557	65021	63419	2767
57783	59201	57583	2767
54875	56298	54712	2767
52257	53551	52007	2767
46594	47983	46404	2768
43664	45077	43492	2768
40979	42339	40733	2768
37896	39292	37707	2768
32455	33855	32291	2767
29776	31113	29636	2767
26846	28239	26820	2768
21231	22623	21181	2768
18525	19884	18475	2769
15591	17036	15583	2768
10040	11418	9978	2767
7263	8668	7259	2768
4577	5928	4502	2768
1858	3203	1760	2769
58	91	97	2767
-1000	-1000	-1000	-1000
60	92	97	2769
61	93	97	2768
61	93	98	2769
61	93	97	2767
61	93	97	2767
62	93	97	2839
61	93	97	2922
61	93	98	3078
62	93	97	3457
62	93	98	3601
62	93	97	3719
62	93	97	3954
62	93	97	4074
62	93	97	4155
62	93	97	4209
62	93	97	4162
62	93	97	4148
62	93	97	4151
62	93	97	4151
62	93	97	4152
83	99	114	4151
354	380	335	4152
791	816	863	4152
1031	1059	917	4150
1611	1657	1653	4151
1921	1928	1859	4151
2161	2153	2247	4151
2748	2709	2752	4151
2953	2998	3004	4151
3320	3280	3238	4151
3798	3802	3764	4152
4140	4112	4095	4150
4375	4392	4419	4151
4713	4690	4655	4151
5209	5211	5248	4152
5559	5531	5498	4149
5806	5821	5844	4150
6114	6116	6131	4150
6645	6664	6684	4149
6966	6956	6941	4150
7197	7213	7216	4150
7740	7761	7737	4151
7995	8014	8027	4151
8547	8554	8582	4150
8833	8834	8824	4150
9091	9108	9099	4152
9336	9360	9367	4151
9953	9935	9979	4151
10201	10215	10196	4151
10534	10500	10498	4150
11075	11055	11019	4151
11314	11289	11326	4151
11575	11581	11600	4151
12142	12156	12179	4151
12453	12453	12426	4150
12716	12713	12719	4150
13298	13299	13248	4151
13562	13549	13575	4151
13835	13860	13874	4150
14193	14138	14111	4150
14712	14694	14667	4150
14978	14961	14977	4150
15234	15262	15279	4150
15799	15790	15851	4151
16105	16075	16073	4149
16351	16350	16351	4150
16915	16920	16851	4150
17200	17208	17237	4151
17484	17478	17451	4151
17999	18039	18024	4151
18343	18311	18251	4150
18574	18564	18591	4150
19138	19099	19091	4150
19359	19392	19381	4151
19685	19682	19609	4151
19929	19919	19950	4151
20514	20481	20494	4152
20751	20782	20761	4151
21086	21068	21032	4151
21563	21597	21588	4151
21923	21875	21879	4150
22211	22197	22222	4151
22475	22474	22464	4151
23014	23035	23035	4151
23349	23319	23286	4151
23580	23598	23602	4150
24153	24175	24132	4153
24406	24418	24434	4152
24733	24697	24660	4150
25224	25215	25231	4150
25511	25528	25481	4150
25746	25760	25787	4151
26302	26303	26335	4151
26592	26586	26581	4150
26838	26863	26839	4150
27427	27417	27374	4151
27677	27701	27690	4151
27988	27970	27964	4151
28515	28529	28521	4150
28826	28818	28788	4150
29076	29084	29096	4150
29647	29658	29609	4150
29891	29888	29923	4150
30187	30186	30160	4151
30693	30707	30706	4150
31011	30997	30968	4151
31238	31259	31243	4151
31822	31818	31823	4150
32055	32082	32095	4151
32380	32382	32334	4151
32924	32939	32923	4151
33182	33191	33172	4151
33450	33461	33493	4150
33992	34000	34036	4151
34297	34297	34264	4152
34556	34534	34556	4150
34834	34839	34860	4150
35387	35400	35405	4151
35682	35676	35636	4149
35926	35946	35936	4150
36523	36520	36495	4150
36782	36771	36809	4150
37057	37067	37076	4150
37595	37587	37668	4150
37914	37910	37884	4150
38181	38157	38201	4151
38748	38719	38703	4150
39003	39005	39045	4150
39288	39284	39271	4152
39787	39835	39841	4150
40129	40097	40072	4151
40347	40343	40407	4151
40908	40876	40931	4152
41157	41186	41192	4151
41474	41451	41421	4151
42002	42010	41967	4150
42274	42235	42288	4150
42511	42565	42545	4150
42852	42843	42795	4149
43379	43418	43349	4150
43704	43667	43682	4151
44238	44233	44201	4150
44477	44478	44497	4151
44758	44750	44736	4150
45023	45007	45035	4150
45641	45603	45571	4151
45858	45870	45915	4151
46143	46126	46147	4150
46679	46702	46731	4150
47013	46986	46956	4150
47269	47275	47287	4150
47549	47555	47601	4150
48159	48178	48171	4151
48443	48429	48462	4151
48711	48726	48693	4149
49314	49313	49288	4150
49574	49576	49570	4150
49838	49854	49862	4150
50145	50151	50109	4151
50658	50687	50657	4150
50980	50943	50955	4150
51222	51243	51259	4150
51812	51793	51840	4149
52039	52097	52063	4150
52376	52340	52345	4150
52907	52897	52854	4151
53127	53143	53176	4150
53428	53435	53438	4151
53757	53764	53722	4150
54318	54313	54306	4149
54582	54561	54592	4151
54852	54876	54898	4150
55419	55433	55466	4150
55720	55691	55706	4149
55978	55978	55965	4150
56595	56564	56524	4151
56817	56825	56837	4151
57100	57120	57110	4151
57370	57366	57330	4151
57950	57939	57899	4150
58214	58234	58227	4151
58486	58506	58493	4151
59054	59069	59081	4149
59359	59366	59338	4150
59606	59652	59621	4150
60189	60207	60142	4150
60437	60439	60460	4151
60708	60746	60731	4149
61232	61274	61289	4150
61557	61566	61518	4151
61815	61843	61851	4152
62362	62409	62360	4150
62595	62650	62652	4151
62924	62946	62911	4150
63216	63239	63238	4150
63802	63834	63778	4150
64039	64079	64074	4150
64329	64349	64330	4150
64894	64932	64954	4150
65209	65229	65202	4150
65454	65478	65484	4150
66003	66035	65985	4151
66269	66293	66313	4151
66585	66583	66564	4150
66848	66861	66859	4150
67411	67440	67370	4151
67652	67694	67703	4150
67975	67972	67980	4149
68500	68551	68558	4150
68791	68835	68774	4150
69055	69094	69123	4150
69358	69397	69397	4151
69950	70000	70017	4150
70266	70291	70281	4152
70534	70587	70550	4152
70787	70840	70829	4150
71384	71387	71418	4151
71621	71678	71640	4150
72163	72214	72186	4149
72483	72514	72451	4151
72738	72772	72751	4151
72994	73034	73001	4150
73535	73596	73572	4150
73866	73886	73821	4151
74107	74154	74121	4150
74665	74723	74652	4150
74903	74955	74952	4150
75258	75289	75223	4150
75769	75803	75783	4150
76090	76108	76041	4150
76325	76368	76358	4150
76655	76662	76627	4150
77196	77227	77229	4150
77537	77535	77499	4151
77759	77806	77774	4151
78327	78356	78288	4151
78586	78624	78620	4151
78882	78895	78858	4150
79411	79457	79429	4150
79716	79726	79668	4150
79974	80001	80015	4149
80547	80572	80547	4149
80803	80848	80813	4149
81107	81138	81058	4152
81621	81666	81604	4150
81900	81919	81929	4150
82204	82250	82259	4151
82527	82543	82510	4150
83017	83075	83063	4150
83383	83389	83341	4150
83659	83665	83680	4150
83910	83944	83933	4150
84446	84498	84490	4150
84787	84784	84731	4150
85052	85098	85067	4150
85654	85666	85603	4150
85874	85916	85918	4150
86195	86217	86190	4150
86531	86547	86462	4150
87074	87087	87033	4151
87312	87314	87327	4149
87594	87647	87615	4150
88154	88209	88184	4149
88447	88447	88436	4150
88692	88746	88710	4150
89257	89308	89187	4150
89520	89551	89537	4150
89813	89829	89788	4151
90321	90384	90352	4151
90621	90651	90584	4150
90878	90906	90906	4151
91453	91454	91458	4150
91707	91763	91729	4151
92045	92046	91981	4151
92545	92588	92550	4150
92858	92860	92834	4150
93065	93130	93080	4151
93649	93654	93664	4151
93908	93960	93912	4151
94236	94242	94195	4151
94515	94557	94541	4151
95066	95081	95074	4150
95308	95360	95337	4150
95659	95669	95595	4150
95908	95939	95941	4150
96490	96541	96476	4149
96750	96792	96785	4150
97095	97081	97009	4150
97613	97599	97600	4150
97863	97908	97855	4151
98152	98171	98153	4151
98716	98749	98714	4151
99025	99032	99027	4150
99332	99341	99282	4150
99584	99577	99586	4150
100097	100137	100076	4150
100379	100429	100400	4150
100668	100715	100583	4150
101145	101249	101011	4151
101348	101518	101296	4150
101579	101777	101470	4171
101946	102292	101866	4172
102223	102611	102189	4172
102444	102864	102298	4173
102537	103389	102328	4174
102538	103616	102329	4174
102538	103888	102329	4174
102539	104354	102329	4178
102540	104594	102329	4181
102541	104832	102329	4182
102545	105315	102329	4185
102547	105379	102329	4186
102548	105380	102329	4187
102548	105380	102329	4187
102549	105381	102330	4188
102549	105381	102329	4188
102549	105382	102329	4188
102549	105382	102330	4188
102549	105382	102330	4188
102550	105382	102329	4188
102550	105383	102330	4188
102550	105383	102330	4188
102550	105383	102329	4188
102550	105383	102330	4188
102550	105383	102330	4188
102551	105383	102330	4188
102551	105383	102330	4188
102551	105384	102330	4188
102551	105383	102330	4188
102551	105384	102330	4188
102551	105384	102330	4188
102551	105384	102330	4189
102551	105384	102330	4188
102552	105384	102330	4188
102551	105384	102330	4189
102552	105384	102331	4189
102552	105384	102330	4189
102552	105385	102330	4189
102552	105384	102330	4188
102552	105385	102330	4189
102552	105385	102330	4189
102552	105384	102330	4189
102552	105384	102330	4188
102552	105385	102330	4189
102552	105385	102330	4189
102552	105385	102330	4189
102552	105385	102330	4189
102552	105385	102330	4189
102552	105385	102330	4189
102552	105385	102331	4189
102552	105385	102330	4189
102552	105385	102330	4188
102552	105385	102331	4188
102552	105386	102331	4189
102553	105385	102331	4189
102553	105385	102330	4189
102553	105385	102330	4189
102553	105385	102330	4189
102553	105385	102331	4188
102553	105385	102331	4189
102553	105385	102331	4189
102553	105385	102331	4188
102553	105385	102331	4189
102553	105385	102331	4189
102553	105385	102331	4188
102553	105386	102330	4188
102553	105385	102330	4189
102553	105385	102331	4189
102553	105385	102331	4189
102553	105386	102331	4189
102553	105385	102330	4188
102553	105386	102331	4189
102553	105385	102331	4189
102553	105385	102331	4188
102553	105386	102331	4188
102553	105386	102331	4189
102553	105386	102331	4188
102553	105386	102331	4188
102553	105385	102330	4189
102553	105385	102331	4189
102554	105386	102331	4189
102553	105386	102330	4189
102554	105385	102331	4189
102554	105386	102330	4189
102553	105386	102331	4189
102554	105386	102330	4188
102553	105386	102331	4188
102554	105386	102331	4188
102554	105386	102331	4189
102554	105386	102331	4189
102554	105386	102331	4189
102554	105386	102331	4188
102554	105386	102330	4189
102554	105386	102331	4188
102554	105386	102330	4189
102554	105386	102331	4188
102554	105386	102331	4189
102554	105386	102331	4188
102554	105386	102331	4188
102554	105386	102331	4188
102554	105386	102331	4188
102554	105386	102331	4189
102554	105386	102331	4189
102554	105386	102331	4189
102554	105386	102331	4189
102554	105386	102331	4189
102554	105386	102331	4189
102554	105386	102331	4189
102554	105386	102331	4188
102554	105386	102331	4188
102554	105386	102331	4189
102554	105386	102331	4188
100355	103056	100615	4186
97619	100277	97643	4169
91963	94647	92042	4147
89138	91896	89365	4149
86442	89135	86614	4149
80789	83534	81046	4150
77947	80617	78131	4151
75081	77753	75227	4150
69610	72233	69853	4150
66909	69527	67096	4150
64157	66848	64396	4149
58548	61282	58782	4150
56015	58623	56246	4150
53119	55859	53355	4150
47625	50279	47792	4148
44624	47313	44905	4148
41927	44582	42157	4149
36469	39178	36702	4149
33607	36251	33865	4149
30890	33602	31077	4149
25295	27979	25534	4148
22533	25220	22773	4150
19589	22387	19902	4150
16896	19633	17203	4150
11266	13974	11584	4150
8368	11129	8747	4151
5312	8051	5669	4149
2441	5125	2794	4149
52	100	105	4150
-1000	-1000	-1000	-1000
55	108	106	4150
57	109	107	4151
58	109	107	4150
58	109	107	4151
58	109	107	4150
58	109	107	4152
58	109	106	4316
58	109	107	4503
58	109	108	4692
58	109	108	4968
58	109	107	5079
58	109	107	5200
58	109	107	5483
58	109	107	5578
58	109	107	5619
58	109	107	5530
58	109	107	5532
58	109	107	5534
58	109	107	5534
58	109	107	5534
58	109	107	5533
81	115	125	5531
788	809	848	5531
1072	1115	1009	5533
1327	1316	1367	5533
1888	1906	1852	5534
2134	2133	2235	5532
2414	2436	2394	5532
2910	2964	2966	5532
3277	3246	3213	5534
3504	3518	3577	5533
4056	4051	4067	5533
4310	4345	4359	5532
4587	4597	4541	5532
5161	5135	5123	5532
5401	5414	5433	5532
5674	5717	5719	5532
6022	6022	5960	5532
6554	6572	6573	5532
6878	6887	6846	5533
7114	7154	7163	5532
7684	7698	7720	5532
7944	7980	7961	5531
8293	8290	8236	5533
8840	8832	8798	5532
9091	9117	9099	5531
9340	9373	9352	5532
9905	9905	9917	5533
10186	10195	10143	5532
10475	10457	10469	5532
10679	10730	10694	5532
11302	11299	11313	5532
11567	11576	11556	5530
11878	11870	11841	5532
12445	12438	12408	5532
12740	12715	12715	5532
12972	12982	12986	5531
13545	13543	13574	5532
13822	13832	13813	5532
14150	14118	14103	5532
14365	14381	14400	5532
14922	14925	14959	5532
15217	15220	15219	5532
15482	15500	15454	5532
16060	16038	15984	5532
16295	16299	16319	5532
16594	16587	16563	5532
17119	17120	17147	5531
17414	17421	17342	5532
17654	17652	17675	5532
18265	18251	18204	5531
18525	18542	18548	5532
18818	18820	18779	5532
19340	19374	19348	5532
19671	19661	19601	5531
19913	19902	19931	5532
20485	20455	20479	5532
20702	20762	20727	5532
21045	21038	20985	5532
21535	21571	21539	5532
21842	21802	21850	5532
22070	22112	22093	5532
22632	22648	22678	5532
22902	22920	22909	5532
23189	23204	23199	5532
23758	23760	23709	5532
24007	24037	24068	5532
24288	24283	24284	5532
24571	24596	24558	5531
25160	25143	25089	5532
25392	25425	25446	5532
25664	25671	25678	5531
26199	26261	26251	5531
26549	26530	26504	5531
26769	26819	26810	5532
27301	27338	27311	5531
27597	27642	27648	5531
27954	27943	27924	5532
28192	28232	28224	5532
28778	28790	28749	5532
29016	29047	29057	5531
29313	29325	29315	5532
29851	29875	29887	5531
30173	30189	30134	5532
30419	30428	30446	5532
31003	31012	30962	5532
31225	31263	31271	5531
31551	31557	31517	5532
31814	31825	31811	5532
32396	32421	32345	5531
32626	32653	32685	5532
32931	32974	32940	5531
33493	33518	33534	5532
33800	33820	33730	5532
34044	34045	34063	5532
34630	34629	34580	5532
34895	34934	34930	5531
35216	35194	35148	5532
35718	35754	35689	5532
36010	36038	35957	5532
36291	36315	36295	5531
36579	36575	36536	5532
37152	37182	37163	5531
37467	37446	37391	5531
37709	37739	37740	5532
38306	38319	38246	5531
38552	38568	38560	5532
38854	38836	38786	5532
39364	39386	39351	5532
39714	39697	39609	5532
39935	39945	39942	5531
40507	40507	40483	5532
40752	40775	40747	5533
41084	41067	40998	5532
41331	41338	41334	5532
41879	41890	41853	5532
42095	42149	42113	5532
42444	42452	42376	5532
42938	42974	42910	5532
43241	43238	43196	5532
43486	43529	43494	5532
44062	44080	44048	5532
44329	44341	44300	5532
44638	44665	44612	5532
45194	45185	45104	5531
45404	45429	45442	5531
45691	45687	45670	5532
46214	46253	46250	5532
46549	46542	46491	5531
46799	46825	46815	5532
47398	47424	47364	5532
47660	47691	47683	5532
47954	47958	47954	5532
48198	48240	48207	5532
48799	48820	48748	5532
49044	49062	49073	5532
49348	49383	49366	5531
49918	49932	49938	5532
50207	50222	50172	5532
50475	50454	50476	5532
51051	51033	50976	5532
51287	51300	51335	5531
51573	51610	51546	5532
52065	52135	52093	5531
52431	52438	52368	5532
52664	52680	52705	5532
52942	52980	52918	5532
53469	53535	53497	5532
53795	53805	53745	5532
54320	54323	54305	5532
54637	54648	54619	5532
54869	54926	54925	5532
55203	55194	55156	5531
55742	55725	55743	5532
56022	56039	55997	5532
56274	56313	56328	5532
56830	56867	56847	5531
57108	57123	57143	5532
57432	57462	57400	5531
57690	57714	57725	5532
58238	58305	58243	5531
58524	58545	58560	5531
58856	58858	58817	5532
59377	59376	59371	5531
59678	59687	59656	5531
59931	59934	59948	5532
60484	60475	60496	5531
60733	60747	60759	5531
61038	61032	61012	5532
61583	61583	61552	5531
61845	61834	61856	5532
62097	62105	62109	5532
62651	62658	62686	5531
62958	62975	62954	5532
63266	63247	63239	5532
63501	63517	63523	5532
64062	64074	64083	5531
64373	64425	64414	5531
64727	64704	64652	5532
65232	65228	65231	5532
65509	65480	65501	5533
65748	65775	65795	5531
66316	66326	66347	5532
66615	66605	66587	5532
66867	66852	66861	5532
67140	67167	67162	5531
67724	67734	67749	5532
68030	68011	68025	5531
68308	68298	68277	5532
68891	68867	68839	5532
69145	69149	69155	5532
69420	69444	69436	5531
69751	69735	69688	5531
70294	70304	70291	5531
70567	70585	70541	5532
70835	70847	70843	5531
71430	71401	71427	5531
71665	71711	71682	5531
72005	72008	71958	5532
72253	72253	72266	5532
72803	72835	72804	5530
73155	73163	73184	5532
73425	73458	73419	5531
73697	73712	73708	5532
74261	74282	74219	5532
74540	74558	74573	5532
74801	74816	74807	5532
75330	75376	75371	5532
75670	75660	75605	5532
75909	75930	75953	5532
76488	76490	76455	5532
76734	76770	76789	5532
77076	77055	77045	5532
77581	77605	77614	5532
77919	77915	77874	5532
78151	78177	78191	5532
78459	78433	78430	5532
78968	78987	79007	5532
79298	79286	79248	5532
79535	79545	79554	5532
80079	80095	80078	5530
80332	80359	80354	5532
80669	80675	80625	5532
81221	81234	81234	5531
81514	81547	81471	5532
81761	81789	81791	5532
82321	82333	82343	5532
82567	82603	82608	5532
82897	82922	82861	5532
83121	83155	83185	5532
83713	83722	83721	5532
83960	84000	84009	5532
84295	84308	84269	5532
84824	84846	84836	5532
85096	85127	85090	5532
85371	85399	85429	5532
85928	85942	85956	5532
86193	86225	86231	5532
86492	86495	86446	5532
86719	86763	86789	5532
87359	87340	87352	5531
87602	87674	87656	5531
88160	88196	88205	5531
88454	88452	88451	5532
88695	88728	88722	5531
88982	89023	89008	5531
89544	89562	89601	5532
89838	89860	89836	5532
90112	90133	90120	5531
90733	90728	90706	5531
90974	91001	91004	5532
91244	91274	91282	5532
91624	91650	91610	5531
92142	92162	92168	5532
92445	92462	92421	5532
92689	92713	92725	5532
92990	93007	92971	5532
93549	93572	93584	5532
93871	93883	93831	5532
94146	94141	94162	5532
94736	94747	94673	5532
94995	94988	95035	5531
95285	95313	95291	5532
95558	95546	95544	5532
96128	96112	96075	5531
96374	96411	96424	5532
96669	96648	96648	5532
97214	97250	97216	5532
97559	97540	97493	5532
97778	97813	97803	5531
98339	98369	98297	5532
98604	98644	98607	5532
98915	98899	98855	5532
99420	99432	99412	5531
99783	99786	99716	5531
100018	100047	100009	5532
100301	100312	100275	5532
100783	100868	100785	5531
101121	101155	101012	5532
101348	101401	101287	5531
101830	101975	101817	5532
102115	102232	101951	5543
102309	102567	102082	5556
102636	103073	102082	5561
102636	103394	102082	5562
102636	103634	102082	5561
102636	103931	102082	5561
102637	104472	102082	5560
102637	104770	102082	5560
102637	104999	102082	5560
102638	105569	102083	5561
102638	105836	102083	5562
102639	106101	102082	5563
102641	106550	102082	5567
102642	106809	102082	5570
102643	106837	102082	5570
102644	106837	102082	5570
102645	106838	102083	5570
102645	106838	102082	5570
102645	106838	102082	5570
102645	106839	102082	5570
102645	106839	102082	5570
102646	106839	102082	5570
102646	106840	102083	5570
102646	106840	102083	5569
102646	106840	102082	5570
102646	106840	102082	5570
102646	106840	102082	5570
102646	106840	102082	5569
102646	106840	102083	5570
102647	106841	102082	5570
102646	106840	102082	5570
102646	106841	102082	5570
102647	106841	102082	5570
102647	106841	102082	5570
102647	106841	102082	5570
102647	106841	102083	5570
102647	106841	102083	5570
102647	106841	102082	5570
102647	106841	102083	5570
102647	106841	102082	5570
102647	106841	102082	5570
102647	106841	102082	5570
102647	106841	102082	5570
102647	106841	102082	5570
102648	106841	102082	5570
102647	106841	102083	5570
102647	106841	102082	5570
102648	106842	102082	5570
102647	106841	102082	5570
102648	106841	102082	5571
102648	106841	102082	5570
102648	106842	102082	5571
102648	106842	102083	5571
102648	106842	102082	5570
102648	106842	102083	5570
102648	106842	102083	5570
102648	106842	102082	5570
102648	106842	102083	5570
102648	106842	102082	5570
102648	106842	102082	5570
102648	106842	102083	5570
102648	106842	102082	5570
102649	106842	102082	5570
102648	106842	102083	5570
102648	106842	102083	5570
102648	106842	102082	5570
102648	106842	102082	5570
102648	106842	102083	5570
102648	106842	102083	5570
102649	106842	102083	5570
102648	106842	102083	5570
102648	106842	102083	5570
102648	106842	102082	5570
102648	106842	102083	5570
102648	106842	102083	5570
102648	106842	102083	5570
102649	106842	102082	5570
102648	106842	102082	5570
102649	106842	102083	5570
102648	106842	102082	5570
102649	106842	102082	5570
102649	106842	102083	5570
102649	106842	102083	5570
102649	106842	102083	5570
102649	106842	102083	5570
102649	106843	102083	5570
102649	106843	102083	5570
102649	106842	102083	5570
102649	106842	102082	5570
102649	106843	102083	5570
102649	106842	102083	5570
102649	106842	102082	5570
102649	106843	102083	5570
102649	106842	102083	5570
102649	106843	102082	5570
102649	106843	102083	5570
102649	106842	102083	5570
102649	106842	102082	5570
102649	106842	102083	5570
102649	106842	102082	5570
102649	106843	102083	5570
102649	106843	102083	5570
102649	106842	102083	5570
102649	106842	102083	5570
102649	106842	102083	5570
102649	106843	102083	5570
102649	106843	102083	5571
102649	106843	102083	5570
102649	106843	102083	5570
102649	106843	102083	5570
102649	106842	102083	5570
102649	106843	102083	5570
102649	106843	102082	5570
102649	106843	102083	5571
102649	106842	102083	5570
99793	104201	99245	5569
94300	98474	93722	5535
91473	95617	90856	5535
88557	92713	88052	5534
83156	87341	82566	5533
80221	84407	79686	5533
77279	81511	76765	5533
74637	78806	74064	5533
69248	73328	68611	5533
66310	70483	65688	5533
63613	67690	62959	5533
58077	62088	57341	5532
55360	59389	54685	5532
52595	56696	51899	5533
46809	50887	46129	5533
44160	48179	43394	5533
41194	45233	40532	5533
38478	42539	37814	5531
32840	36922	32160	5534
30024	33987	29310	5532
27235	31320	26591	5532
21605	25683	21008	5532
18911	22984	18407	5533
16256	20252	15624	5533
10622	14640	10042	5533
7901	11949	7321	5532
4943	8948	4336	5533
28	3433	94	5533
39	722	104	5532
41	104	104	5531
55	105	105	5532
55	105	105	5532
55	106	105	5532
-1000	-1000	-1000	-1000
55	105	105	5533
56	105	105	5532
56	106	105	5532
56	105	105	5532
56	106	105	5533
57	105	104	5596
57	106	104	5698
56	106	105	6068
57	106	105	6246
57	105	105	6384
57	106	105	6500
57	106	105	6733
57	106	104	6904
57	105	104	7007
57	106	104	7008
58	106	104	6954
57	106	104	6934
57	106	104	6933
58	106	104	6933
58	106	104	6933
64	111	120	6934
384	301	323	6933
760	823	830	6933
998	1032	922	6932
1607	1631	1646	6933
1876	1905	1833	6932
2158	2151	2252	6933
2435	2444	2411	6932
2997	3044	3082	6932
3344	3323	3300	6933
3597	3583	3633	6932
4186	4167	4142	6932
4404	4425	4460	6932
4709	4692	4683	6931
5209	5214	5259	6932
5542	5542	5499	6931
5782	5795	5832	6932
6322	6342	6352	6932
6579	6591	6629	6933
6900	6903	6877	6933
7441	7439	7432	6933
7687	7676	7717	6934
7940	7970	7984	6933
8559	8567	8603	6932
8843	8834	8843	6933
9114	9106	9108	6933
9342	9377	9393	6932
9969	9942	9985	6933
10204	10215	10210	6932
10549	10511	10502	6933
11079	11049	11023	6933
11335	11330	11341	6933
11593	11605	11633	6932
12144	12147	12171	6932
12450	12451	12416	6932
12709	12716	12717	6932
13301	13300	13248	6931
13540	13531	13574	6932
13826	13816	13823	6933
14157	14115	14109	6933
14707	14682	14660	6933
14965	14953	14979	6933
15240	15268	15291	6932
15798	15785	15856	6933
16089	16067	16062	6933
16336	16316	16346	6932
16921	16921	16871	6933
17172	17172	17224	6933
17475	17461	17444	6932
17737	17725	17739	6933
18341	18304	18269	6931
18572	18561	18600	6932
18839	18849	18841	6933
19450	19450	19468	6932
19756	19737	19737	6931
20028	20010	20014	6931
20265	20280	20282	6932
20852	20844	20875	6931
21132	21133	21133	6931
21427	21412	21409	6931
21995	22005	21977	6931
22275	22240	22282	6932
22511	22519	22538	6932
23069	23064	23089	6931
23362	23348	23340	6931
23628	23626	23641	6932
24207	24196	24164	6932
24429	24443	24496	6932
24749	24725	24724	6931
25277	25264	25332	6931
25585	25583	25507	6932
25814	25809	25853	6932
26122	26125	26116	6931
26664	26664	26700	6932
26974	26958	26917	6932
27205	27220	27234	6931
27737	27768	27703	6932
28036	28042	28036	6932
28340	28326	28275	6931
28876	28899	28862	6932
29148	29158	29126	6932
29407	29410	29441	6931
29960	29939	29990	6931
30216	30258	30243	6931
30615	30582	30540	6931
30853	30848	30886	6931
31421	31398	31394	6932
31655	31693	31706	6931
32005	31987	31948	6931
32496	32539	32555	6932
32825	32823	32790	6932
33052	33096	33126	6932
33368	33374	33341	6931
33871	33915	33940	6931
34219	34207	34172	6932
34460	34484	34509	6932
35109	35124	35087	6932
35335	35371	35385	6931
35665	35648	35609	6931
36179	36185	36196	6931
36453	36468	36458	6931
36690	36723	36749	6931
37026	37021	37039	6931
37575	37573	37653	6931
37875	37874	37863	6931
38117	38119	38173	6931
38667	38671	38672	6932
38945	38956	39000	6932
39284	39271	39273	6932
39787	39819	39836	6931
40098	40089	40056	6932
40367	40359	40421	6932
40655	40663	40648	6931
41170	41211	41218	6931
41498	41505	41459	6932
41751	41751	41804	6932
42315	42288	42321	6932
42514	42589	42590	6931
42867	42863	42826	6932
43375	43415	43402	6932
43684	43698	43686	6932
43904	43992	43967	6932
44266	44259	44238	6932
44774	44805	44842	6931
45103	45110	45097	6931
45341	45400	45435	6932
45907	45975	45956	6931
46170	46201	46245	6931
46487	46511	46489	6931
47046	47046	47077	6931
47283	47333	47313	6931
47547	47585	47631	6932
48130	48162	48177	6931
48425	48419	48461	6931
48664	48719	48696	6932
49263	49278	49252	6932
49477	49512	49545	6931
49776	49804	49797	6931
50311	50357	50390	6932
50650	50651	50641	6932
50926	50899	50953	6932
51163	51194	51232	6932
51799	51806	51878	6932
52039	52097	52091	6932
52368	52361	52358	6932
52913	52928	52917	6932
53143	53164	53211	6931
53416	53452	53475	6931
53978	54000	54087	6932
54284	54283	54286	6931
54529	54535	54593	6931
55122	55128	55121	6932
55348	55381	55458	6932
55718	55688	55748	6932
55952	55975	55992	6932
56535	56528	56528	6932
56768	56783	56835	6932
57071	57060	57123	6932
57614	57644	57695	6931
57917	57927	57941	6931
58161	58162	58215	6931
58741	58738	58758	6932
58976	59016	59080	6931
59297	59305	59324	6931
59529	59539	59608	6931
60148	60143	60169	6931
60384	60410	60475	6931
60693	60716	60771	6931
61226	61278	61360	6931
61563	61565	61576	6932
61805	61815	61881	6932
62378	62391	62408	6931
62603	62644	62730	6931
62939	62966	62984	6931
63233	63223	63265	6931
63832	63852	63839	6930
64104	64119	64165	6931
64344	64410	64443	6931
64712	64713	64704	6931
65232	65241	65295	6931
65494	65515	65543	6932
65758	65806	65852	6931
66322	66352	66407	6931
66615	66619	66674	6931
66865	66895	66907	6931
67448	67469	67463	6932
67672	67708	67758	6931
67983	67967	68035	6932
68500	68529	68592	6932
68800	68809	68813	6932
69047	69061	69133	6932
69601	69590	69645	6931
69879	69915	69975	6932
70195	70197	70195	6932
70432	70442	70508	6932
71043	71014	71062	6932
71240	71299	71356	6932
71583	71578	71587	6931
72060	72112	72126	6932
72408	72395	72432	6932
72662	72699	72755	6931
73239	73253	73284	6932
73453	73523	73554	6932
73791	73817	73814	6932
74347	74365	74394	6931
74623	74670	74668	6931
74878	74935	75001	6931
75229	75237	75245	6931
75745	75754	75823	6931
76024	76060	76066	6932
76262	76319	76380	6932
76807	76857	76867	6931
77123	77118	77199	6931
77381	77440	77431	6932
77969	77987	77999	6931
78193	78224	78252	6931
78476	78481	78568	6931
79031	79051	79138	6930
79346	79339	79373	6931
79583	79577	79637	6931
80180	80191	80192	6931
80405	80437	80494	6931
80714	80749	80775	6931
81243	81273	81340	6931
81542	81585	81540	6930
81783	81805	81875	6931
82077	82118	82134	6931
82606	82645	82727	6931
82927	82945	82942	6931
83184	83185	83280	6931
83801	83809	83802	6933
84031	84056	84138	6931
84329	84346	84365	6933
84871	84924	84982	6931
85203	85209	85207	6931
85435	85467	85531	6931
85736	85740	85810	6931
86238	86310	86370	6931
86603	86583	86597	6931
86812	86830	86892	6931
87411	87401	87433	6932
87679	87709	87762	6932
88004	87992	88045	6931
88253	88296	88294	6932
88831	88842	88849	6932
89105	89137	89144	6931
89426	89402	89464	6931
89937	89968	90033	6931
90267	90264	90302	6932
90504	90522	90555	6932
91063	91089	91092	6931
91311	91326	91407	6931
91614	91637	91652	6931
91923	91908	91946	6932
92487	92502	92505	6931
92714	92719	92796	6933
92996	93028	93062	6931
93570	93593	93677	6932
93871	93900	93917	6931
94132	94127	94183	6933
94687	94688	94699	6933
94935	94956	95049	6931
95259	95274	95300	6931
95762	95815	95859	6932
96102	96093	96097	6932
96318	96369	96422	6932
96654	96648	96691	6931
97195	97234	97279	6931
97498	97510	97520	6931
97729	97762	97814	6930
98263	98289	98311	6932
98550	98588	98612	6932
98871	98882	98897	6931
99395	99410	99440	6931
99683	99689	99708	6933
99934	99977	99997	6932
100492	100513	100538	6932
100769	100803	100817	6932
101087	101083	101050	6931
101647	101654	101634	6931
101887	101887	101900	6932
102122	102171	102106	6931
102625	102709	102597	6931
102860	103008	102808	6932
103104	103261	103065	6943
103268	103547	103244	6950
103703	104113	103691	6954
103986	104403	103932	6956
104009	104708	103982	6957
104010	105258	103983	6957
104010	105514	103983	6957
104011	105771	103983	6957
104011	106303	103983	6956
104011	106577	103983	6957
104011	106851	103983	6961
104012	107359	103983	6971
104012	107614	103983	6975
104013	107841	103983	6978
104015	108386	103983	6980
104016	108433	103983	6980
104017	108434	103984	6980
104018	108435	103983	6981
104018	108435	103983	6981
104018	108436	103983	6980
104018	108436	103983	6981
104019	108437	103983	6981
104019	108437	103983	6981
104019	108438	103984	6981
104020	108438	103983	6980
104019	108439	103983	6981
104019	108439	103983	6981
104019	108440	103983	6981
104020	108440	103983	6981
104020	108440	103983	6981
104020	108440	103984	6981
104020	108440	103984	6981
104020	108441	103983	6981
104020	108441	103984	6981
104020	108441	103984	6981
104020	108441	103983	6981
104020	108441	103984	6981
104020	108442	103984	6981
104020	108441	103984	6981
104020	108442	103983	6981
104021	108442	103983	6982
104020	108442	103984	6981
104021	108442	103984	6982
104021	108442	103983	6981
104021	108442	103984	6982
104021	108442	103983	6981
104021	108442	103983	6981
104021	108442	103983	6982
104021	108442	103984	6982
104021	108442	103984	6982
104021	108442	103984	6981
104021	108442	103983	6982
104021	108442	103984	6981
104021	108442	103984	6981
104021	108443	103983	6982
104021	108442	103984	6982
104021	108442	103983	6981
104021	108443	103984	6982
104021	108443	103984	6982
104021	108443	103984	6982
104021	108443	103983	6982
104021	108443	103984	6982
104021	108443	103984	6982
104021	108443	103984	6982
104021	108443	103984	6982
104021	108443	103984	6982
104021	108443	103984	6982
104021	108443	103984	6982
104021	108443	103984	6982
104021	108443	103984	6982
104021	108443	103984	6982
104021	108443	103984	6982
104021	108443	103984	6982
104021	108443	103983	6982
104021	108443	103984	6982
104021	108443	103984	6981
104021	108443	103984	6982
104021	108443	103984	6982
104021	108443	103984	6982
104021	108443	103984	6982
104021	108443	103983	6982
104021	108443	103984	6982
104021	108444	103984	6982
104021	108443	103984	6982
104021	108443	103984	6982
104021	108443	103984	6982
104021	108444	103984	6982
104021	108443	103984	6982
104021	108443	103984	6982
104021	108444	103984	6982
104021	108443	103984	6982
104021	108443	103984	6982
104021	108444	103984	6982
104021	108444	103984	6982
104021	108444	103984	6982
104021	108444	103984	6982
104021	108444	103984	6982
104021	108443	103984	6982
104021	108444	103984	6982
104021	108444	103984	6982
104021	108444	103984	6982
104021	108444	103984	6982
104021	108444	103984	6982
104021	108444	103984	6982
104022	108444	103984	6982
104021	108444	103984	6982
104021	108443	103984	6982
104021	108444	103984	6982
104021	108444	103984	6982
104022	108444	103984	6982
104021	108444	103984	6982
104021	108444	103984	6982
104021	108444	103984	6982
104021	108444	103984	6982
104021	108444	103984	6982
104021	108444	103984	6982
101614	106017	101506	6980
99018	103296	99177	6955
93277	97592	93195	6933
90343	94714	90339	6933
87311	91633	87315	6932
84556	88918	84571	6934
78933	83273	78909	6932
76317	80594	76274	6933
73341	77648	73323	6931
67794	72112	67745	6932
65046	69417	64945	6931
61985	66321	61848	6931
59355	63570	59142	6932
53730	57960	53534	6932
50972	55237	50873	6932
45538	49823	45531	6931
42809	47062	42740	6932
40085	44347	40044	6933
37208	41439	37139	6931
31553	35826	31506	6934
28874	33107	28779	6933
26139	30385	26088	6932
20221	24439	20146	6932
17444	21674	17386	6931
14592	18751	14495	6933
9186	13343	9028	6932
6459	10635	6328	6932
3579	7794	3377	6932
885	5079	697	6931
77	111	80	6930
77	115	81	6931
77	116	81	6931
78	116	82	6931
-1000	-1000	-1000	-1000
78	116	81	6931
78	116	82	6932
77	116	81	6932
78	116	82	6932
