6	3	-1	55
6	4	-1	55
6	4	-1	55
6	4	-1	55
6	4	-1	55
6	4	-1	55
647	741	720	55
803	792	803	55
1095	1137	1165	55
1371	1429	1349	55
1968	2018	2005	55
2254	2254	2265	55
2524	2533	2577	55
3109	3097	3133	55
3344	3348	3374	55
3649	3649	3633	55
4175	4185	4191	55
4455	4474	4488	55
4716	4727	4756	55
5284	5281	5336	55
5284	5281	5336	55
5986	5978	5982	55
6297	6300	6323	55
6535	6559	6578	55
7076	7106	7144	55
7363	7376	7368	55
7649	7663	7690	55
8203	8229	8197	55
8466	8475	8548	55
8753	8769	8768	55
9080	9088	9083	55
9575	9643	9624	55
9940	9886	9952	55
10168	10193	10178	55
10739	10725	10748	55
10962	11010	10993	55
11330	11338	11340	55
11841	11884	11864	55
12156	12133	12176	55
12390	12423	12397	55
12976	12984	13002	55
13208	13255	13246	55
13552	13522	13569	55
14119	14099	14084	55
14341	14371	14418	55
14613	14617	14596	55
15172	15196	15225	55
15482	15477	15441	55
15706	15721	15809	55
16001	16015	16008	55
16605	16631	16665	55
16922	16908	16901	55
17197	17213	17233	55
17475	17490	17505	55
18049	18023	18097	55
18326	18371	18338	55
18628	18631	18620	55
19163	19213	19187	55
19459	19469	19494	55
19728	19732	19726	55
20271	20270	20267	55
20516	20564	20552	55
20861	20858	20863	55
21120	21126	21136	55
21689	21670	21731	55
21931	21978	21957	55
22243	22253	22260	55
22754	22800	22769	55
23062	23065	23110	55
23329	23340	23348	55
23875	23903	23946	55
24188	24184	24181	55
24488	24462	24501	55
24729	24735	24761	55
25287	25302	25358	55
25526	25550	25545	55
25862	25787	25861	55
26401	26395	26354	55
26610	26632	26657	55
26904	26913	26901	55
27458	27476	27462	55
27763	27761	27674	55
28006	28023	28026	55
28625	28604	28603	55
28854	28874	28861	55
29137	29165	29126	55
29699	29733	29718	55
30023	30026	30012	55
30270	30273	30293	55
30833	30814	30845	55
31023	31082	31049	55
31369	31358	31349	55
31873	31910	31857	55
32192	32168	32220	55
32434	32457	32433	55
33014	33012	33028	55
33253	33289	33222	55
33608	33598	33606	55
33871	33881	33877	55
34422	34424	34426	55
34675	34683	34641	55
35005	35006	34986	55
35530	35541	35419	55
35779	35798	35800	55
36052	36057	36016	55
36603	36614	36608	55
36891	36916	36900	55
37170	37190	37210	55
37467	37464	37469	55
38004	38021	38056	55
38305	38343	38303	55
38592	38603	38608	55
39136	39163	39117	55
39404	39408	39424	55
39644	39717	39653	55
40206	40234	40244	55
40497	40535	40485	55
40768	40775	40813	55
41326	41360	41351	55
41578	41603	41602	55
41861	41936	41877	55
42428	42499	42468	55
42768	42795	42747	55
43003	43043	43031	55
43289	43348	43268	55
43852	43907	43840	55
44155	44191	44170	55
44403	44451	44431	55
44993	45014	45003	55
45233	45293	45268	55
45534	45538	45507	55
46049	46080	46082	55
46375	46383	46363	55
46603	46648	46642	55
47199	47225	47242	55
47479	47513	47529	55
47793	47811	47772	55
48021	48084	48096	55
48629	48669	48641	55
48866	48912	48909	55
49170	49214	49167	55
49707	49740	49716	55
50010	50048	50024	55
50264	50284	50271	55
50862	50860	50873	55
51116	51156	51123	55
51408	51460	51414	55
51742	51735	51765	55
52289	52318	52308	55
52545	52552	52546	55
52780	52855	52817	55
53310	53390	53367	55
53656	53672	53660	55
53895	53926	53942	55
54497	54495	54539	55
54730	54782	54783	55
55055	55070	55042	55
55564	55585	55563	55
55853	55899	55905	55
56095	56153	56158	55
56649	56702	56724	55
56915	56968	56939	55
57207	57259	57257	55
57480	57552	57528	55
58022	58074	58101	55
58288	58347	58316	55
58635	58679	58653	55
59175	59216	59157	55
59420	59466	59496	55
59690	59764	59737	55
60281	60329	60328	55
60554	60620	60577	55
60849	60888	60924	55
61106	61172	61158	55
61687	61734	61749	55
61968	62010	61998	55
62267	62322	62312	56
62807	62854	62823	55
63055	63087	63116	55
63331	63366	63353	55
63890	63937	63917	55
64168	64219	64195	55
64436	64488	64496	55
65031	65078	65057	55
65274	65316	65321	55
65555	65609	65580	55
66090	66145	66151	55
66403	66442	66396	55
66636	66677	66708	55
67176	67221	67260	55
67459	67492	67511	55
67784	67806	67765	55
68009	68053	68074	55
68575	68622	68634	55
68843	68899	68901	55
69155	69191	69148	56
69676	69733	69710	55
69967	70016	70020	55
70227	70258	70276	55
70786	70791	70820	55
71011	71105	71082	55
71364	71347	71390	55
71685	71693	71709	55
72256	72257	72274	55
72479	72538	72511	55
72789	72829	72790	55
73277	73365	73321	55
73642	73631	73641	55
73861	73916	73875	55
74461	74487	74511	55
74707	74767	74766	55
75069	75086	75054	55
75344	75367	75393	55
75940	75952	75957	55
76148	76203	76208	55
76468	76497	76446	55
77006	77029	77017	55
77288	77324	77312	55
77536	77591	77588	55
78079	78129	78160	55
78348	78379	78372	55
78664	78699	78691	55
79205	79251	79206	55
79461	79456	79535	55
79733	79789	79749	55
80264	80322	80308	55
80559	80609	80573	55
80815	80864	80882	55
81375	81427	81422	55
81625	81674	81665	55
81920	81980	81963	55
82450	82506	82503	55
82778	82822	82803	55
83047	83070	83083	55
83310	83370	83340	55
83854	83894	83900	56
84167	84223	84190	56
84432	84480	84505	55
84975	85036	85044	55
85271	85319	85335	55
85562	85599	85569	55
86058	86122	86136	55
86398	86421	86391	55
86627	86680	86708	55
87181	87183	87273	55
87457	87536	87511	55
87770	87806	87778	55
88309	88336	88300	55
88544	88613	88630	55
88841	88915	88906	55
89192	89216	89129	55
89706	89771	89746	55
90040	90084	90070	55
90322	90373	90387	55
90614	90662	90613	55
91140	91206	91195	55
91476	91561	91499	55
91775	91798	91820	55
92049	92117	92095	55
92615	92652	92644	55
92864	92941	92900	55
93162	93218	93207	55
93713	93774	93717	55
93962	93989	93995	55
94500	94546	94562	55
94770	94823	94814	55
95081	95130	95062	55
95323	95356	95387	55
95854	95928	95933	56
96150	96219	96192	55
96455	96496	96457	56
96978	97030	96939	55
97233	97316	97314	55
97541	97608	97583	55
98078	98139	98134	55
98356	98419	98374	55
98630	98702	98675	55
99219	99262	99218	55
99470	99532	99534	55
99732	99830	99781	55
100066	100128	100079	55
100590	100659	100598	55
100873	100922	100923	55
101122	101206	101154	55
101679	101731	101729	55
101965	102026	101967	55
102234	102292	102287	55
102788	102858	102794	56
103054	103107	103082	55
103313	103403	103340	55
103905	103989	103943	55
104213	104262	104198	55
104498	104566	104553	56
105063	105127	105072	55
105323	105381	105335	55
105596	105649	105610	55
106096	106179	106155	55
106456	106497	106459	55
106713	106777	106756	55
107257	107352	107331	55
107510	107600	107573	55
107852	107905	107846	55
108404	108473	108431	55
108720	108761	108716	56
108964	109030	109012	55
109254	109310	109247	55
109809	109853	109845	56
110113	110170	110109	55
110611	110669	110637	55
110889	110947	110954	55
111151	111207	111192	55
111458	111491	111458	56
111968	112009	111914	56
112292	112215	112181	58
112511	112475	112361	61
113062	112785	112839	71
113301	112785	113170	79
113509	112785	113322	83
113935	112786	113670	104
114158	112786	113680	109
114353	112788	113680	113
114665	112789	113681	115
115210	112792	113681	119
115257	112791	113681	120
115258	112792	113681	120
115260	112792	113682	121
115260	112792	113682	120
115261	112792	113682	120
115262	112792	113682	121
115262	112792	113682	121
115263	112793	113682	121
115263	112793	113682	120
115263	112793	113682	121
115263	112793	113682	121
115263	112793	113682	121
115263	112794	113682	121
115264	112794	113682	121
115264	112794	113682	121
115264	112794	113682	120
115264	112794	113682	121
115264	112794	113682	121
115265	112795	113682	121
115265	112795	113682	121
115265	112795	113682	121
115266	112795	113682	121
115266	112795	113682	121
115266	112796	113682	121
115266	112796	113682	121
115266	112796	113682	121
115266	112796	113682	121
115266	112797	113682	121
115266	112797	113682	121
115266	112797	113682	121
115266	112797	113682	121
115267	112797	113682	121
115267	112798	113682	121
115266	112798	113682	121
115267	112799	113682	121
115266	112799	113683	121
115267	112799	113682	121
115267	112800	113683	121
115267	112800	113683	121
115267	112800	113683	121
115267	112800	113683	121
115267	112800	113682	121
115267	112801	113682	121
115267	112801	113682	121
115267	112801	113683	121
115267	112801	113683	121
115267	112801	113683	121
115267	112801	113683	121
115267	112801	113683	121
115267	112802	113683	121
115267	112802	113683	121
115267	112802	113683	121
115267	112802	113683	121
115267	112802	113683	121
115267	112802	113683	121
115267	112802	113683	121
115267	112802	113683	121
115267	112802	113683	121
115267	112802	113683	121
115267	112802	113683	121
115267	112802	113683	121
115267	112802	113683	121
115268	112802	113683	121
115267	112803	113683	121
115267	112802	113683	120
115267	112803	113683	121
115268	112803	113683	120
115268	112803	113683	121
115268	112802	113683	121
115267	112803	113683	121
115268	112803	113683	121
115267	112803	113683	121
115267	112802	113683	121
115268	112803	113683	120
115268	112803	113683	121
115268	112803	113683	121
115268	112803	113683	121
115268	112804	113683	121
115268	112803	113683	121
115268	112803	113683	121
115268	112803	113683	121
115268	112803	113683	121
115268	112803	113683	121
115268	112803	113683	121
115268	112804	113683	121
115268	112803	113683	121
115268	112803	113683	121
115268	112803	113683	121
115268	112804	113683	121
115268	112803	113683	121
115268	112804	113683	120
115268	112804	113683	121
115268	112804	113683	121
115268	112804	113683	121
115268	112803	113683	121
115268	112803	113683	121
115268	112804	113683	121
115268	112804	113683	121
115268	112804	113683	121
115268	112804	113683	121
115268	112804	113683	121
112947	110291	111724	105
110100	107389	108736	70
107154	104527	105977	69
101827	99135	100487	66
99077	96420	97792	65
96379	93714	95087	64
90931	88262	89633	63
88209	85502	86927	63
85465	82836	84226	63
79853	77194	78560	63
77129	74484	75884	62
71357	68658	70048	62
68690	65902	67337	62
65928	63265	64667	62
63058	60349	61666	62
57044	54364	55713	62
54356	51620	53112	62
51640	48891	50338	62
48780	46018	47414	62
43125	40416	41804	62
40478	37667	39070	62
37540	34830	36196	62
31741	28997	30495	62
29018	26259	27690	62
26501	23753	25150	62
21055	18324	19713	62
17984	15164	16600	62
15219	12465	13881	62
9713	6921	8375	62
6878	4131	5545	62
4000	1252	2679	62
1346	35	308	62
-1000	-1000	-1000	-1000
27	39	22	62
29	40	23	62
30	40	24	62
31	40	25	62
31	41	25	62
31	40	26	62
31	41	26	111
31	40	27	291
31	40	27	477
31	40	27	816
31	41	27	954
31	40	27	1075
31	41	28	1280
31	41	28	1375
31	40	28	1415
31	40	28	1414
31	41	28	1401
31	41	28	1400
31	40	29	1399
31	41	29	1399
31	40	29	1398
46	48	49	1398
721	730	762	1397
1066	1089	1071	1396
1350	1336	1300	1396
1595	1604	1629	1396
2220	2180	2248	1396
2474	2468	2455	1396
2758	2758	2704	1396
3313	3296	3271	1395
3634	3608	3600	1395
3867	3853	3858	1395
4154	4145	4118	1395
4690	4662	4659	1395
5004	4993	4963	1395
5254	5234	5260	1396
5857	5803	5825	1395
6072	6076	6059	1395
6387	6387	6335	1395
6906	6931	6881	1395
7214	7185	7201	1395
7447	7436	7425	1394
7981	7972	7980	1395
8262	8271	8203	1394
8543	8518	8552	1395
9092	9091	9069	1395
9373	9324	9314	1395
9635	9677	9632	1395
10248	10220	10188	1395
10479	10515	10480	1395
10834	10751	10750	1394
11076	11085	11046	1394
11667	11659	11646	1394
11893	11921	11876	1394
12231	12187	12183	1394
12767	12755	12716	1394
13043	13038	13021	1394
13270	13288	13257	1394
13836	13856	13842	1394
14157	14138	14091	1394
14427	14423	14462	1394
15014	14994	14979	1395
15233	15258	15259	1394
15529	15516	15472	1395
16048	16057	16043	1395
16364	16353	16332	1395
16608	16639	16612	1395
16913	16907	16846	1395
17470	17480	17444	1394
17752	17783	17724	1394
18040	18018	18037	1395
18304	18355	18278	1394
18896	18911	18899	1395
19171	19211	19139	1394
19494	19490	19462	1394
20039	20061	19995	1394
20310	20303	20254	1394
20552	20599	20538	1394
21095	21108	21051	1394
21383	21428	21374	1394
21665	21650	21639	1394
22243	22244	22225	1394
22501	22511	22463	1395
22744	22794	22750	1395
23288	23334	23261	1395
23617	23620	23594	1394
23849	23872	23840	1394
24399	24409	24398	1394
24653	24685	24622	1395
24969	24963	24952	1395
25491	25507	25453	1395
25770	25737	25767	1394
26024	26091	25990	1395
26568	26602	26568	1395
26871	26880	26818	1394
27108	27134	27121	1394
27388	27409	27354	1394
27998	28027	27994	1394
28265	28313	28244	1395
28604	28600	28570	1394
29127	29152	29098	1394
29384	29404	29381	1394
29627	29677	29615	1395
29982	29986	29970	1395
30526	30573	30500	1395
30862	30873	30849	1394
31078	31137	31073	1394
31643	31677	31633	1395
31897	31941	31858	1395
32229	32251	32236	1395
32488	32522	32466	1395
33076	33113	33086	1394
33341	33385	33304	1394
33653	33694	33623	1395
34178	34227	34148	1394
34501	34497	34484	1395
34730	34781	34715	1395
35291	35325	35302	1394
35565	35625	35477	1394
35846	35886	35862	1395
36414	36457	36376	1395
36665	36702	36655	1395
36923	36987	36912	1395
37482	37540	37475	1395
37786	37810	37746	1394
38030	38072	38046	1394
38600	38642	38597	1394
38826	38891	38810	1394
39127	39170	39096	1394
39635	39728	39600	1394
39973	40004	39958	1394
40250	40291	40252	1395
40520	40594	40502	1394
41047	41138	41041	1395
41371	41435	41354	1395
41860	41950	41858	1394
42174	42199	42162	1394
42427	42515	42432	1394
42753	42790	42731	1394
43239	43324	43234	1394
43560	43584	43557	1394
43775	43885	43781	1394
44378	44433	44350	1395
44615	44683	44644	1395
44949	44969	44927	1395
45492	45516	45467	1395
45752	45816	45775	1395
46006	46078	46012	1395
46560	46636	46578	1395
46870	46910	46844	1395
47116	47179	47145	1394
47687	47731	47682	1394
47929	48009	47938	1395
48245	48266	48196	1394
48763	48829	48730	1394
49094	49141	49076	1394
49325	49396	49330	1394
49893	49966	49909	1394
50151	50240	50152	1394
50492	50550	50462	1394
50986	51070	50945	1394
51273	51328	51288	1394
51490	51608	51497	1394
52069	52138	52047	1394
52348	52414	52327	1394
52620	52693	52638	1394
53210	53257	53194	1394
53454	53518	53442	1394
53720	53777	53695	1394
54224	54311	54245	1394
54574	54620	54558	1394
54797	54864	54816	1394
55100	55128	55054	1394
55617	55711	55647	1394
55988	56017	55941	1395
56216	56307	56256	1394
56809	56869	56810	1394
57051	57121	57067	1394
57354	57404	57314	1394
57591	57670	57622	1394
58227	58286	58206	1394
58469	58517	58474	1394
58754	58832	58719	1394
59305	59377	59302	1394
59610	59656	59604	1394
59851	59898	59861	1394
60414	60469	60434	1394
60660	60730	60676	1394
60974	61040	60954	1394
61496	61595	61498	1394
61794	61879	61820	1394
62068	62120	62054	1394
62349	62432	62339	1394
62930	63020	62941	1394
63256	63294	63228	1394
63495	63551	63487	1394
63745	63830	63756	1395
64382	64451	64374	1394
64656	64718	64616	1394
64941	65039	64971	1394
65532	65587	65496	1394
65787	65862	65800	1394
66056	66123	66019	1394
66573	66663	66600	1394
66919	66968	66874	1394
67138	67232	67187	1394
67445	67517	67416	1394
68008	68078	68036	1394
68302	68375	68284	1394
68544	68665	68607	1394
69140	69213	69134	1394
69376	69449	69392	1394
69663	69741	69650	1394
70215	70298	70207	1394
70521	70588	70517	1394
70762	70821	70758	1394
71382	71435	71368	1393
71605	71691	71591	1393
71878	71974	71903	1394
72189	72255	72178	1393
72765	72841	72753	1393
73026	73111	73027	1394
73275	73385	73287	1393
73848	73962	73862	1393
74171	74231	74138	1393
74434	74532	74457	1394
74679	74779	74691	1393
75280	75362	75297	1393
75577	75634	75538	1393
75828	75921	75870	1393
76408	76476	76383	1393
76650	76745	76679	1393
76948	77013	76892	1394
77481	77569	77484	1394
77800	77847	77768	1393
78025	78119	78048	1393
78595	78696	78644	1393
78852	78944	78857	1394
79177	79233	79150	1393
79699	79801	79671	1393
79974	80074	80001	1393
80233	80333	80239	1393
80809	80899	80813	1393
81059	81166	81063	1393
81357	81469	81389	1393
81908	81994	81913	1393
82183	82275	82193	1393
82421	82532	82435	1394
82757	82843	82775	1393
83289	83395	83298	1393
83569	83665	83602	1393
84138	84229	84149	1393
84373	84469	84403	1393
84658	84753	84640	1393
85181	85288	85192	1393
85493	85581	85511	1393
85724	85822	85769	1393
86291	86370	86345	1393
86513	86638	86545	1393
86849	86945	86871	1393
87398	87500	87376	1393
87619	87746	87705	1392
87908	88025	87933	1392
88441	88556	88500	1392
88756	88831	88752	1393
88977	89123	89066	1392
89562	89673	89617	1392
89805	89915	89841	1392
90124	90223	90146	1393
90665	90777	90703	1392
90974	91072	91000	1392
91207	91301	91255	1393
91478	91601	91509	1392
92045	92166	92109	1392
92352	92454	92369	1392
92604	92707	92661	1392
93178	93300	93221	1392
93467	93550	93524	1392
93738	93851	93741	1392
94257	94397	94306	1392
94573	94674	94582	1392
94821	94907	94884	1392
95355	95467	95416	1392
95634	95752	95664	1392
95921	96018	95960	1392
96490	96550	96474	1392
96727	96853	96806	1392
97008	97140	97015	1392
97326	97417	97353	1392
97885	97988	97915	1392
98148	98270	98199	1392
98418	98545	98469	1392
98978	99099	99058	1392
99249	99352	99273	1392
99560	99676	99606	1391
100116	100198	100117	1392
100362	100476	100436	1392
100622	100740	100659	1391
101213	101291	101262	1391
101492	101585	101477	1392
101739	101851	101825	1392
101999	102120	102047	1391
102601	102684	102642	1391
102871	102960	102883	1391
103375	103515	103437	1391
103722	103799	103732	1391
103979	104079	104013	1391
104256	104364	104266	1391
104863	104967	104897	1391
105143	105251	105137	1391
105419	105546	105478	1391
105712	105814	105740	1391
106274	106371	106320	1391
106549	106664	106574	1391
106835	106951	106877	1391
107390	107468	107388	1391
107657	107765	107725	1391
107916	108046	107974	1391
108479	108576	108538	1391
108784	108835	108778	1391
109020	109127	109092	1391
109588	109689	109621	1391
109854	109916	109915	1391
110148	110216	110139	1391
110654	110761	110716	1391
110951	111057	110990	1391
111215	111298	111268	1391
111763	111825	111813	1391
111988	112117	112068	1391
112344	112420	112356	1391
112623	112711	112681	1391
113182	113284	113152	1391
113421	113536	113410	1393
113691	113797	113674	1400
114071	114293	113984	1427
114245	114473	114109	1442
114454	114724	114206	1457
114659	114910	114364	1482
114853	115358	114653	1524
114857	115587	114678	1534
114858	115784	114684	1547
114861	116253	114688	1568
114863	116310	114689	1573
114864	116315	114690	1574
114865	116321	114691	1575
114865	116322	114691	1575
114865	116323	114691	1575
114866	116324	114691	1575
114866	116325	114692	1575
114866	116326	114692	1575
114867	116326	114692	1575
114867	116327	114692	1575
114867	116327	114693	1575
114867	116327	114693	1576
114867	116328	114693	1575
114867	116328	114693	1575
114868	116329	114693	1575
114867	116329	114693	1576
114868	116329	114693	1575
114868	116329	114693	1576
114868	116330	114693	1576
114868	116330	114693	1575
114868	116330	114693	1576
114868	116330	114693	1576
114868	116330	114693	1575
114868	116330	114694	1576
114868	116331	114694	1576
114868	116331	114694	1576
114868	116331	114693	1576
114868	116331	114694	1576
114869	116331	114694	1576
114868	116332	114694	1576
114869	116332	114694	1576
114869	116332	114694	1575
114869	116332	114694	1575
114869	116332	114694	1576
114869	116332	114694	1576
114869	116332	114694	1576
114869	116332	114694	1576
114869	116332	114694	1576
114869	116333	114694	1575
114869	116333	114694	1576
114869	116333	114694	1576
114869	116333	114694	1576
114869	116333	114694	1575
114870	116333	114694	1576
114869	116333	114694	1575
114869	116333	114694	1575
114870	116333	114694	1576
114869	116333	114694	1575
114869	116333	114694	1576
114870	116333	114694	1575
114870	116333	114694	1576
114870	116333	114694	1575
114870	116333	114694	1576
114870	116333	114694	1576
114870	116334	114694	1575
114870	116333	114694	1575
114870	116334	114694	1575
114870	116334	114694	1575
114870	116334	114694	1576
114870	116334	114694	1575
114870	116334	114694	1576
114870	116334	114694	1575
114870	116334	114694	1575
114870	116334	114694	1575
114870	116334	114694	1575
114870	116334	114694	1576
114871	116334	114694	1576
114870	116334	114694	1576
114870	116334	114694	1575
114870	116334	114694	1576
114871	116334	114694	1575
114871	116334	114694	1576
114871	116334	114694	1575
114871	116334	114694	1575
114871	116334	114694	1575
114871	116334	114694	1576
114870	116335	114694	1576
114871	116335	114694	1576
114871	116334	114694	1576
114871	116334	114694	1576
114870	116335	114694	1575
114871	116335	114694	1576
114871	116335	114694	1576
114871	116335	114694	1575
114871	116335	114694	1575
114871	116335	114694	1575
114871	116335	114694	1575
114871	116335	114694	1575
114871	116335	114694	1575
114870	116335	114694	1575
114871	116335	114694	1575
114871	116335	114694	1575
114871	116335	114694	1576
114871	116335	114694	1576
114871	116335	114694	1575
114871	116335	114694	1575
114870	116336	114694	1575
114871	116335	114694	1575
114871	116335	114694	1575
114871	116336	114694	1575
114871	116335	114694	1575
112582	114710	112971	1551
109976	111569	110131	1375
104440	106181	104672	1376
101504	103259	101714	1394
98784	100551	98982	1391
93196	94944	93428	1386
90508	92245	90662	1386
87800	89475	87957	1386
82334	84060	82499	1385
79666	81336	79754	1385
76906	78630	77079	1385
71301	73008	71388	1384
68418	70051	68460	1385
65543	67191	65604	1385
62812	64431	62979	1384
56958	58627	57160	1384
54072	55767	54282	1384
51412	53023	51558	1384
45983	47640	46087	1385
43255	44881	43423	1385
40559	42208	40622	1384
35116	36833	35250	1384
32361	34035	32518	1384
29698	31375	29782	1384
24229	25894	24331	1384
21483	23202	21706	1384
18455	20134	18542	1384
12703	14357	12792	1384
9941	11629	10039	1384
7210	8902	7333	1384
1775	3423	1879	1384
28	619	151	1384
-1000	-1000	-1000	-1000
37	75	154	1388
41	78	155	1388
41	78	155	1388
41	78	155	1388
42	78	155	1387
42	78	155	1387
42	78	155	1455
41	79	155	1662
42	79	155	1875
41	79	155	2083
41	79	155	2215
42	78	155	2457
42	79	155	2573
42	79	155	2677
41	79	155	2802
42	79	155	2804
42	79	155	2771
42	79	155	2757
42	79	155	2759
42	79	155	2759
42	79	155	2761
58	85	168	2760
565	495	287	2761
1068	1060	965	2761
1368	1391	1361	2760
1623	1652	1659	2760
1874	1910	1866	2761
2455	2472	2465	2761
2748	2758	2735	2760
3073	3062	3076	2760
3631	3625	3612	2760
3869	3883	3898	2761
4155	4169	4135	2760
4450	4443	4468	2760
5013	5025	4996	2760
5281	5270	5309	2759
5542	5573	5567	2759
6098	6121	6130	2760
6405	6399	6381	2760
6677	6671	6700	2761
6981	7002	6993	2760
7506	7527	7562	2761
7791	7805	7767	2760
8088	8065	8119	2761
8642	8659	8631	2760
8909	8895	8936	2760
9134	9184	9144	2760
9695	9746	9716	2761
10032	10046	10012	2760
10329	10306	10346	2761
10542	10595	10564	2760
11146	11167	11157	2760
11407	11440	11397	2760
11737	11741	11762	2760
12277	12289	12257	2760
12537	12555	12542	2760
12792	12811	12793	2760
13322	13355	13340	2760
13654	13654	13629	2760
13957	13936	13938	2760
14522	14502	14513	2760
14726	14747	14747	2760
15043	15041	15021	2760
15321	15343	15362	2760
15924	15916	15898	2759
16174	16169	16216	2759
16468	16475	16436	2760
17015	17006	17022	2759
17305	17309	17268	2761
17558	17549	17587	2760
17816	17861	17831	2761
18436	18433	18450	2760
18688	18726	18690	2760
19026	18988	19026	2760
19568	19566	19539	2760
19806	19801	19810	2760
20059	20096	20036	2760
20625	20656	20623	2760
20933	20952	20927	2761
21196	21189	21237	2760
21464	21502	21487	2760
22098	22086	22097	2761
22320	22362	22335	2761
22675	22654	22693	2760
23216	23224	23189	2761
23463	23491	23513	2760
23752	23748	23740	2760
24041	24040	24058	2760
24606	24598	24559	2760
24828	24869	24907	2760
25144	25161	25165	2760
25721	25708	25781	2760
25982	26039	25997	2761
26273	26279	26309	2761
26841	26848	26824	2761
27090	27118	27130	2760
27366	27392	27387	2760
27906	27923	27908	2761
28217	28236	28230	2761
28474	28491	28517	2761
28751	28805	28791	2761
29332	29348	29371	2760
29618	29677	29648	2761
29990	29978	29999	2761
30227	30260	30252	2761
30785	30789	30828	2761
31012	31066	31046	2761
31360	31360	31358	2761
31871	31910	31861	2761
32188	32193	32244	2761
32400	32461	32456	2761
32990	33016	33044	2761
33250	33292	33242	2761
33532	33543	33592	2761
34118	34126	34105	2761
34360	34395	34390	2761
34645	34643	34637	2761
34944	34965	34980	2761
35526	35538	35481	2761
35757	35795	35816	2761
36043	36065	36043	2761
36632	36658	36672	2761
36910	36936	36935	2761
37181	37204	37233	2761
37753	37768	37753	2761
37987	38010	38056	2761
38263	38299	38286	2761
38543	38555	38602	2762
39134	39162	39150	2762
39416	39423	39466	2762
39675	39738	39746	2762
40251	40266	40308	2762
40512	40566	40533	2761
40811	40797	40862	2762
41378	41401	41382	2761
41627	41643	41688	2761
41866	41922	41906	2762
42418	42493	42490	2762
42752	42768	42753	2761
42995	43029	43047	2762
43543	43570	43610	2762
43788	43854	43841	2762
44104	44144	44125	2762
44368	44408	44438	2762
44955	44974	45001	2762
45180	45256	45267	2762
45502	45520	45496	2762
46008	46052	46066	2761
46321	46359	46372	2761
46581	46637	46665	2762
47128	47174	47224	2761
47373	47433	47467	2762
47702	47735	47739	2761
48259	48291	48267	2762
48523	48581	48627	2762
48776	48851	48859	2762
49352	49419	49441	2762
49626	49690	49665	2761
49909	49966	50000	2762
50498	50545	50515	2762
50746	50783	50806	2762
50989	51065	51028	2762
51548	51624	51634	2762
51863	51929	51890	2761
52117	52163	52178	2762
52668	52725	52747	2762
52905	52990	52981	2762
53232	53279	53266	2762
53482	53553	53571	2761
54046	54147	54129	2761
54320	54387	54418	2762
54615	54691	54653	2762
55166	55231	55241	2761
55480	55529	55503	2762
55693	55793	55799	2762
56278	56382	56357	2762
56550	56638	56639	2762
56862	56915	56864	2761
57130	57200	57217	2762
57705	57787	57741	2762
57956	58037	58055	2762
58259	58317	58265	2762
58794	58884	58860	2761
59119	59192	59125	2762
59358	59436	59460	2762
59649	59731	59695	2762
60199	60297	60276	2762
60526	60583	60541	2762
60790	60868	60900	2762
61407	61460	61434	2762
61639	61716	61714	2762
61905	61981	61951	2762
62210	62288	62306	2762
62769	62837	62801	2762
63056	63115	63129	2762
63304	63393	63378	2762
63843	63945	63923	2762
64158	64218	64173	2762
64425	64514	64511	2762
64987	65082	65039	2762
65232	65322	65322	2762
65543	65602	65557	2762
66061	66130	66120	2762
66328	66436	66381	2762
66582	66674	66695	2762
67155	67270	67265	2762
67451	67525	67531	2762
67738	67821	67781	2762
68291	68370	68346	2762
68542	68644	68639	2762
68815	68924	68926	2762
69379	69451	69490	2762
69660	69760	69740	2762
69953	70066	70029	2762
70213	70301	70310	2762
70774	70827	70849	2762
70996	71145	71100	2762
71559	71670	71635	2762
71869	71948	71917	2762
72151	72220	72217	2762
72384	72512	72467	2762
72982	73076	73069	2762
73261	73361	73311	2762
73552	73648	73645	2762
74150	74224	74180	2762
74400	74503	74496	2762
74640	74748	74731	2762
74956	75054	75036	2762
75552	75610	75571	2762
75789	75924	75927	2762
76062	76173	76156	2762
76597	76739	76724	2762
76918	76982	76938	2762
77140	77282	77285	2762
77704	77822	77788	2762
77977	78097	78104	2762
78295	78358	78313	2762
78846	78957	78949	2762
79159	79243	79211	2763
79413	79493	79528	2762
79701	79818	79766	2763
80210	80346	80313	2763
80530	80633	80576	2762
81049	81164	81119	2762
81308	81461	81423	2762
81564	81704	81657	2762
82171	82297	82280	2762
82415	82553	82508	2762
82735	82850	82788	2762
82996	83104	83078	2762
83555	83664	83649	2762
83814	83943	83912	2762
84130	84235	84189	2762
84661	84770	84715	2762
84915	85048	85033	2762
85192	85302	85285	2762
85735	85842	85852	2762
86025	86121	86058	2762
86333	86439	86393	2762
86914	86999	86929	2762
87158	87235	87271	2762
87439	87581	87523	2762
87755	87868	87796	2762
88297	88396	88356	2762
88528	88694	88654	2762
88817	88959	88923	2762
89399	89519	89522	2762
89676	89798	89745	2762
89971	90112	90070	2763
90245	90381	90367	2763
90820	90950	90951	2763
91065	91204	91179	2762
91402	91506	91452	2762
91934	92058	92000	2762
92226	92349	92332	2762
92444	92600	92572	2762
93022	93142	93131	2762
93315	93452	93401	2762
93632	93755	93706	2762
94190	94308	94224	2762
94439	94561	94554	2762
94705	94835	94790	2762
95225	95364	95350	2762
95550	95646	95588	2762
95790	95929	95911	2762
96339	96482	96445	2762
96598	96745	96709	2762
96926	97019	96914	2762
97465	97588	97521	2762
97709	97858	97820	2762
97972	98114	98074	2762
98297	98381	98328	2762
98825	98944	98916	2762
99085	99230	99175	2762
99356	99473	99480	2762
99902	100038	100019	2762
100183	100330	100292	2762
100482	100616	100559	2763
101026	101161	101072	2762
101296	101428	101394	2762
101563	101695	101671	2762
102099	102225	102215	2762
102399	102522	102459	2762
102654	102803	102768	2763
103242	103354	103297	2762
103471	103602	103579	2762
103757	103895	103820	2762
104295	104439	104389	2763
104589	104726	104639	2762
104835	104978	104951	2762
105377	105538	105504	2762
105689	105836	105798	2762
105983	106099	106055	2762
106537	106672	106627	2762
106784	106944	106885	2762
107083	107225	107225	2762
107378	107488	107425	2762
107908	108068	108027	2762
108237	108355	108280	2762
108499	108620	108615	2762
109023	109181	109141	2762
109323	109457	109444	2762
109656	109738	109687	2762
110178	110297	110271	2762
110475	110605	110555	2763
110718	110842	110835	2762
111272	111386	111403	2762
111527	111659	111622	2762
111839	111940	111905	2762
112389	112468	112389	2762
112645	112748	112725	2762
112869	112992	112932	2762
113417	113550	113474	2763
113764	113848	113779	2762
114009	114137	114080	2762
114563	114692	114623	2764
114789	114951	114812	2768
115085	115204	115073	2775
115285	115478	115288	2784
115756	115923	115709	2814
115924	116166	115837	2831
116114	116352	115966	2847
116195	116788	115986	2866
116195	116982	115988	2874
116196	117230	115988	2883
116197	117301	115990	2889
116197	117302	115991	2889
116197	117302	115991	2890
116197	117303	115992	2890
116197	117303	115992	2890
116197	117303	115993	2890
116198	117303	115993	2890
116198	117304	115994	2890
116198	117304	115993	2890
116198	117304	115994	2890
116198	117304	115994	2890
116198	117304	115994	2890
116199	117304	115994	2890
116198	117305	115994	2890
116199	117305	115994	2890
116199	117305	115995	2890
116199	117305	115995	2890
116199	117305	115994	2890
116199	117305	115995	2890
116199	117305	115995	2890
116199	117305	115995	2890
116199	117305	115995	2890
116199	117305	115995	2890
116199	117305	115995	2890
116199	117305	115995	2890
116199	117305	115995	2890
116199	117305	115995	2890
116199	117305	115995	2890
116199	117305	115995	2890
116199	117305	115995	2890
116199	117305	115995	2890
116199	117305	115995	2890
116199	117305	115995	2890
116199	117305	115995	2890
116199	117305	115995	2890
116199	117305	115995	2890
116200	117306	115995	2890
116200	117306	115996	2890
116200	117306	115995	2890
116199	117306	115996	2890
116199	117306	115995	2891
116200	117306	115995	2890
116200	117306	115996	2890
116200	117306	115996	2890
116200	117306	115995	2890
116200	117306	115996	2890
116200	117306	115996	2890
116200	117306	115995	2890
116199	117306	115996	2890
116200	117306	115996	2891
116200	117306	115996	2890
116200	117306	115996	2890
116199	117306	115996	2890
116200	117306	115995	2890
116200	117306	115996	2890
116200	117307	115996	2890
116200	117306	115996	2890
116200	117307	115996	2890
116200	117307	115996	2890
116200	117306	115996	2890
116200	117307	115996	2890
116200	117306	115996	2890
116200	117307	115996	2890
116200	117307	115996	2890
116200	117307	115996	2890
116200	117307	115996	2890
116200	117306	115996	2890
116200	117307	115996	2890
116200	117307	115996	2890
116200	117307	115996	2890
116200	117307	115996	2890
116200	117307	115996	2890
116200	117307	115996	2890
116200	117307	115996	2890
116200	117307	115996	2890
116200	117307	115996	2890
116200	117307	115996	2890
116200	117307	115996	2891
116200	117307	115996	2890
116200	117307	115996	2890
116200	117307	115996	2890
116200	117307	115997	2890
116200	117307	115996	2891
116200	117307	115996	2891
116200	117307	115997	2890
116200	117307	115996	2890
116200	117307	115996	2890
116200	117307	115996	2890
116200	117307	115997	2890
116200	117307	115996	2890
116200	117307	115996	2890
116200	117307	115996	2890
116200	117307	115996	2890
116200	117307	115996	2891
116200	117307	115996	2890
116200	117307	115997	2890
116200	117307	115997	2890
116201	117307	115997	2890
116201	117307	115996	2890
116200	117307	115996	2890
116200	117307	115997	2890
113732	115749	114399	2864
111186	112590	111429	2748
105669	107210	106019	2747
102965	104539	103290	2762
100232	101785	100557	2768
94416	95983	94708	2762
91498	93065	91895	2762
88769	90416	89185	2761
85886	87478	86256	2759
80264	81834	80700	2761
77582	79110	77897	2763
74691	76237	74988	2763
68902	70447	69277	2762
66128	67690	66564	2763
63464	65010	63872	2763
57613	59195	58158	2763
54925	56489	55436	2762
51995	53557	52523	2762
49360	50824	49781	2762
43698	45198	44213	2764
40799	42358	41322	2764
38093	39616	38680	2763
32441	34016	32993	2763
29866	31268	30305	2764
26916	28393	27433	2764
23991	25510	24511	2764
18577	20028	19082	2763
15825	17402	16346	2762
13171	14651	13689	2763
7511	9014	8035	2763
4870	6378	5302	2763
2103	3592	2588	2762
49	99	141	2765
50	101	141	2766
-1000	-1000	-1000	-1000
52	102	142	2766
52	102	142	2765
52	102	141	2765
52	102	142	2766
52	102	142	2765
52	102	141	2832
52	103	142	2904
52	102	142	3282
53	102	142	3457
53	103	142	3583
53	102	141	3832
53	102	141	3930
53	103	141	4046
53	102	140	4194
53	103	141	4186
53	102	141	4145
53	102	141	4140
53	102	141	4140
52	103	141	4140
53	102	140	4140
68	106	161	4139
451	353	239	4140
728	860	910	4140
1316	1342	1387	4141
1578	1589	1577	4141
1823	1872	1836	4140
2326	2349	2370	4139
2726	2679	2712	4140
2985	2977	3004	4140
3237	3230	3234	4139
3803	3787	3820	4141
4117	4089	4095	4140
4398	4371	4444	4141
4986	4955	4956	4140
5222	5196	5244	4141
5482	5492	5488	4141
6022	6012	6033	4140
6342	6310	6331	4140
6566	6567	6594	4140
7114	7111	7172	4140
7399	7395	7388	4140
7692	7668	7691	4140
7914	7930	7943	4141
8556	8549	8586	4139
8826	8815	8830	4140
9106	9127	9105	4140
9410	9363	9398	4139
10021	10031	10026	4139
10334	10294	10325	4139
10560	10593	10585	4139
11132	11134	11134	4140
11413	11424	11398	4140
11711	11696	11733	4140
11929	11961	11951	4140
12539	12543	12537	4140
12802	12800	12808	4140
13108	13107	13125	4141
13647	13646	13636	4140
13913	13895	13941	4139
14148	14158	14170	4140
14704	14712	14742	4140
15025	15022	15021	4140
15263	15290	15340	4139
15869	15881	15886	4140
16135	16139	16178	4140
16419	16421	16392	4139
16953	16936	16959	4140
17270	17283	17264	4140
17531	17538	17563	4140
18109	18056	18122	4140
18343	18382	18360	4139
18648	18653	18633	4139
19156	19192	19169	4139
19471	19475	19493	4140
19725	19739	19745	4139
20272	20277	20275	4139
20512	20573	20544	4140
20838	20845	20860	4140
21367	21402	21378	4140
21634	21631	21645	4140
21865	21939	21910	4140
22410	22465	22452	4140
22729	22764	22733	4140
22975	23007	23012	4139
23540	23591	23582	4139
23812	23841	23840	4140
24111	24134	24088	4140
24631	24654	24620	4140
24925	24947	24959	4139
25174	25215	25222	4140
25494	25514	25469	4140
26012	26072	26029	4140
26326	26344	26334	4140
26566	26615	26611	4139
27109	27148	27160	4140
27390	27432	27411	4140
27706	27722	27689	4140
28244	28274	28241	4140
28521	28538	28556	4140
28778	28839	28811	4139
29351	29375	29392	4139
29620	29677	29650	4140
29966	29965	29987	4139
30174	30247	30220	4139
30768	30785	30816	4140
31011	31093	31052	4139
31361	31360	31355	4140
31878	31916	31867	4141
32177	32216	32247	4141
32462	32513	32498	4139
32759	32795	32747	4139
33281	33330	33296	4140
33582	33629	33617	4140
33846	33891	33891	4140
34395	34433	34433	4140
34681	34719	34703	4140
34985	35020	35002	4140
35530	35549	35473	4140
35754	35808	35822	4139
36043	36079	36052	4139
36593	36638	36627	4140
36889	36922	36884	4140
37131	37200	37198	4139
37728	37777	37728	4140
37976	38009	38014	4140
38260	38312	38246	4140
38792	38846	38796	4140
39102	39139	39102	4140
39368	39398	39378	4139
39928	39946	39954	4139
40182	40240	40207	4140
40488	40545	40482	4140
40737	40767	40780	4139
41314	41351	41343	4140
41578	41628	41611	4140
41850	41920	41861	4140
42362	42467	42405	4140
42696	42729	42710	4140
43223	43282	43211	4139
43480	43532	43520	4140
43723	43819	43761	4140
44065	44125	44087	4140
44610	44678	44658	4140
44927	44960	44972	4140
45147	45248	45212	4139
45498	45520	45486	4140
46004	46063	46049	4139
46308	46354	46356	4140
46544	46631	46619	4140
47127	47189	47192	4139
47372	47439	47433	4140
47694	47747	47709	4139
48246	48279	48210	4139
48491	48545	48550	4139
48744	48817	48759	4139
49290	49375	49326	4140
49605	49659	49591	4140
50095	50196	50128	4140
50450	50467	50438	4140
50678	50738	50701	4140
50985	51046	50955	4140
51505	51603	51536	4139
51858	51894	51862	4139
52089	52145	52104	4140
52361	52432	52363	4140
52940	53010	52967	4139
53246	53312	53244	4139
53516	53578	53557	4140
54075	54149	54112	4140
54313	54378	54361	4140
54619	54695	54614	4140
55164	55206	55167	4140
55478	55505	55477	4140
55666	55760	55735	4139
56240	56325	56302	4139
56517	56589	56539	4140
56866	56907	56845	4140
57377	57464	57394	4140
57687	57762	57719	4140
57949	58021	57994	4139
58257	58327	58242	4139
58809	58898	58853	4140
59131	59193	59114	4140
59383	59445	59441	4140
59949	59997	59984	4140
60206	60297	60248	4140
60518	60577	60512	4139
60786	60830	60855	4140
61398	61438	61412	4140
61652	61721	61682	4140
61907	61970	61928	4140
62440	62537	62509	4140
62788	62855	62800	4140
63048	63103	63081	4140
63627	63697	63670	4139
63902	63991	63935	4140
64169	64236	64188	4140
64442	64521	64487	4139
65005	65086	65031	4140
65280	65351	65326	4140
65572	65648	65590	4140
65891	65958	65911	4140
66436	66493	66429	4140
66720	66801	66777	4139
67002	67100	67078	4140
67541	67635	67632	4139
67841	67896	67854	4139
68152	68233	68197	4140
68715	68773	68691	4140
68942	69028	69040	4140
69221	69312	69245	4140
69602	69662	69605	4140
70113	70191	70126	4140
70388	70487	70469	4140
70625	70733	70696	4140
71231	71287	71255	4140
71465	71562	71514	4140
71783	71855	71826	4139
72343	72409	72356	4140
72592	72687	72624	4140
72877	72955	72895	4140
73394	73491	73441	4140
73716	73797	73721	4140
74003	74108	74054	4140
74275	74363	74311	4140
74823	74903	74860	4140
75113	75194	75106	4140
75360	75455	75431	4140
75946	76019	75968	4140
76188	76283	76243	4140
76520	76629	76565	4140
76857	76927	76859	4140
77389	77445	77372	4139
77623	77710	77688	4140
77905	78022	77952	4140
78474	78565	78550	4140
78754	78817	78760	4140
79027	79106	79090	4140
79606	79663	79599	4140
79866	79927	79910	4140
80115	80222	80137	4139
80668	80772	80693	4140
80994	81070	80983	4139
81251	81336	81302	4140
81810	81899	81844	4140
82044	82167	82077	4140
82360	82442	82378	4140
82616	82713	82692	4139
83178	83278	83231	4140
83409	83530	83466	4140
83728	83806	83735	4140
84228	84351	84297	4140
84562	84657	84594	4139
84812	84925	84885	4140
85382	85512	85487	4140
85624	85766	85701	4140
85973	86037	85962	4140
86483	86559	86469	4140
86736	86855	86843	4140
86999	87120	87098	4139
87342	87438	87347	4140
87886	87990	87913	4139
88152	88297	88232	4139
88441	88559	88516	4139
88766	88865	88778	4139
89324	89438	89386	4140
89613	89726	89651	4140
89880	89988	89968	4140
90427	90565	90499	4140
90694	90812	90774	4140
91004	91113	91030	4140
91501	91657	91593	4140
91850	91950	91884	4140
92083	92198	92180	4139
92643	92760	92732	4139
92903	93058	92991	4139
93241	93332	93261	4139
93746	93879	93809	4140
94051	94158	94130	4140
94300	94446	94418	4140
94625	94722	94627	4140
95150	95272	95221	4140
95429	95552	95511	4140
95687	95833	95782	4140
96238	96372	96336	4139
96518	96618	96573	4139
96780	96915	96856	4140
97390	97468	97377	4140
97613	97761	97754	4140
97899	98014	97967	4139
98434	98567	98542	4139
98752	98828	98766	4140
99007	99160	99136	4139
99310	99441	99426	4138
99891	100011	99995	4139
100177	100309	100252	4139
100477	100593	100540	4140
101024	101135	101028	4139
101284	101399	101373	4140
101535	101658	101608	4140
102106	102220	102205	4140
102399	102519	102444	4140
102668	102798	102771	4140
102929	103058	103017	4140
103542	103632	103618	4139
103779	103931	103870	4140
104092	104203	104170	4140
104671	104779	104698	4140
104919	105053	105037	4140
105189	105324	105270	4139
105783	105889	105880	4139
106058	106160	106121	4139
106330	106442	106426	4139
106888	106980	106916	4140
107135	107251	107256	4140
107433	107531	107491	4140
107696	107826	107790	4140
108269	108369	108288	4139
108510	108627	108620	4139
109068	109213	109147	4139
109332	109458	109441	4139
109674	109750	109678	4139
109898	110007	110011	4140
110525	110624	110557	4140
110753	110862	110854	4140
111054	111137	111071	4140
111545	111688	111633	4139
111889	111972	111932	4140
112107	112208	112193	4140
112672	112789	112775	4140
112903	113037	112988	4140
113239	113357	113314	4140
113790	113892	113832	4140
114070	114223	114159	4140
114324	114465	114411	4139
114656	114775	114690	4141
115177	115314	115252	4140
115468	115609	115553	4140
115741	115864	115816	4140
116267	116416	116291	4140
116560	116692	116556	4141
116738	116975	116789	4154
117222	117481	117244	4179
117456	117700	117463	4186
117594	117921	117690	4200
117902	118386	117825	4223
117904	118612	117826	4228
117905	118870	117827	4234
117906	119378	117829	4242
117906	119419	117833	4244
117907	119421	117834	4245
117907	119421	117835	4245
117908	119422	117836	4245
117908	119423	117836	4245
117908	119423	117836	4245
117909	119424	117836	4245
117909	119424	117837	4245
117909	119424	117837	4245
117909	119424	117837	4245
117910	119424	117837	4245
117909	119424	117837	4246
117910	119424	117837	4246
117910	119425	117837	4246
117910	119424	117837	4245
117910	119425	117837	4245
117910	119425	117838	4245
117910	119425	117838	4246
117911	119425	117838	4245
117910	119425	117838	4245
117910	119425	117838	4246
117911	119425	117838	4246
117911	119425	117838	4246
117911	119425	117838	4245
117911	119425	117838	4246
117912	119425	117838	4246
117911	119425	117838	4246
117911	119425	117838	4246
117912	119425	117838	4245
117912	119425	117838	4245
117912	119425	117838	4245
117912	119425	117838	4245
117912	119425	117838	4246
117913	119425	117838	4246
117913	119425	117838	4246
117913	119425	117838	4246
117913	119425	117838	4246
117913	119425	117838	4246
117913	119425	117838	4245
117914	119426	117838	4246
117914	119426	117839	4246
117914	119426	117839	4246
117914	119425	117838	4246
117914	119425	117842	4246
117914	119426	117845	4246
117915	119425	117847	4245
117914	119426	117847	4246
117914	119426	117848	4246
117915	119426	117848	4245
117915	119425	117848	4245
117915	119425	117848	4246
117915	119426	117849	4246
117915	119425	117849	4246
117915	119426	117849	4246
117915	119426	117849	4246
117915	119426	117849	4246
117915	119426	117849	4246
117916	119426	117849	4245
117916	119426	117849	4246
117915	119426	117849	4246
117915	119425	117849	4246
117916	119426	117849	4246
117916	119426	117849	4246
117916	119426	117849	4246
117916	119426	117849	4246
117916	119426	117849	4246
117916	119426	117849	4246
117916	119426	117849	4246
117916	119426	117849	4246
117916	119426	117849	4246
117916	119426	117849	4246
117916	119426	117850	4246
117916	119426	117850	4246
117916	119426	117849	4246
117916	119426	117849	4246
117916	119426	117849	4246
117916	119426	117849	4246
117916	119426	117849	4246
117916	119426	117849	4246
117917	119426	117850	4246
117916	119426	117850	4246
117916	119426	117850	4246
117916	119426	117850	4246
117917	119426	117850	4246
117917	119426	117850	4246
117916	119426	117850	4246
117916	119426	117850	4246
117916	119426	117850	4246
117916	119426	117850	4246
117916	119426	117850	4246
117916	119426	117849	4246
117917	119426	117849	4246
117916	119426	117850	4246
117917	119426	117849	4246
117916	119426	117850	4246
117916	119426	117850	4247
117917	119426	117850	4246
117916	119426	117850	4246
117916	119426	117850	4246
117916	119426	117850	4246
117916	119426	117850	4246
117916	119426	117850	4246
112852	114418	112916	4132
109636	111535	110024	4106
107069	108850	107328	4128
101429	103212	101697	4135
98677	100512	98999	4136
95990	97828	96286	4136
90375	92138	90663	4136
87548	89299	87775	4137
84678	86430	84919	4137
79196	80970	79492	4138
76235	77977	76475	4137
73406	75115	73606	4137
70509	72271	70769	4137
67637	69336	67896	4137
61777	63587	62096	4139
59087	60831	59397	4139
56146	57919	56497	4139
50556	52290	50887	4139
47648	49443	48096	4141
44937	46701	45277	4140
39319	41068	39684	4139
36592	38331	36901	4139
33819	35517	34133	4139
30867	32601	31150	4140
25019	26876	25366	4139
22340	24134	22684	4138
19662	21432	20001	4138
13805	15625	14199	4138
11112	12957	11487	4139
8638	10364	8965	4139
2969	4784	3372	4139
333	2111	691	4141
67	71	131	4141
-1000	-1000	-1000	-1000
69	80	134	4143
70	81	134	4142
70	81	134	4142
70	81	134	4142
71	81	134	4142
70	81	134	4142
70	81	134	4207
71	81	135	4434
71	81	135	4647
71	81	135	4820
70	81	134	5068
71	81	134	5201
71	81	134	5303
71	82	135	5443
71	82	134	5590
71	82	134	5571
71	81	134	5534
71	81	135	5525
71	81	134	5525
71	81	135	5526
87	85	150	5526
385	369	190	5526
781	835	909	5526
1309	1330	1350	5526
1552	1544	1509	5527
1804	1872	1832	5527
2318	2358	2351	5527
2711	2639	2701	5527
2933	2942	2909	5527
3514	3490	3537	5527
3743	3757	3750	5528
4081	4046	4058	5528
4300	4318	4306	5527
4894	4878	4914	5528
5122	5131	5142	5528
5448	5434	5419	5528
5963	5954	5926	5528
6227	6258	6270	5528
6491	6498	6492	5528
7040	7066	7063	5528
7332	7340	7290	5528
7584	7600	7643	5528
8185	8190	8155	5528
8415	8441	8419	5528
8696	8709	8659	5528
9202	9239	9195	5528
9549	9547	9523	5528
9792	9794	9754	5528
10382	10356	10357	5528
10603	10630	10590	5528
10916	10918	10895	5528
11448	11469	11425	5528
11772	11777	11771	5528
12006	12015	11987	5528
12568	12572	12554	5528
12816	12821	12805	5528
13133	13124	13128	5528
13662	13668	13640	5528
13955	13935	13954	5528
14187	14202	14184	5529
14561	14539	14543	5528
15077	15082	15045	5528
15325	15368	15381	5528
15616	15618	15614	5528
16155	16165	16178	5528
16434	16438	16401	5528
16699	16705	16736	5528
17274	17282	17238	5528
17522	17516	17514	5528
17778	17809	17759	5528
18369	18392	18366	5528
18655	18653	18627	5528
18930	18907	18915	5528
19501	19459	19478	5528
19742	19719	19711	5528
20022	20028	19999	5528
20526	20582	20550	5528
20908	20872	20880	5528
21160	21139	21147	5528
21400	21455	21405	5528
21958	21989	21949	5528
22301	22327	22292	5528
22616	22586	22628	5528
22835	22867	22838	5528
23425	23438	23418	5528
23737	23721	23680	5528
24007	23997	24032	5528
24589	24562	24539	5528
24820	24828	24844	5529
25110	25106	25058	5528
25648	25646	25641	5528
25953	25941	25906	5528
26212	26212	26226	5528
26478	26478	26456	5528
27069	27068	27062	5528
27346	27345	27311	5528
27610	27621	27628	5528
28195	28180	28174	5528
28456	28445	28422	5528
28732	28735	28708	5528
29050	29002	29024	5528
29587	29596	29558	5528
29889	29834	29869	5528
30111	30147	30113	5528
30686	30662	30658	5528
30953	30954	30924	5528
31257	31205	31215	5528
31847	31818	31794	5528
32110	32076	32094	5528
32337	32368	32318	5528
32926	32933	32912	5528
33219	33196	33165	5528
33491	33460	33499	5528
33745	33779	33716	5528
34313	34322	34304	5528
34634	34606	34572	5528
34948	34932	34940	5528
35190	35193	35185	5528
35728	35753	35723	5528
36032	36007	35968	5528
36544	36554	36537	5528
36874	36858	36842	5528
37123	37148	37139	5528
37401	37387	37371	5528
37941	37936	37944	5528
38246	38245	38203	5528
38479	38493	38505	5528
39059	39045	39062	5528
39336	39337	39313	5528
39606	39642	39586	5528
40140	40160	40138	5528
40461	40454	40449	5528
40725	40708	40717	5528
41281	41255	41268	5528
41501	41531	41512	5528
41821	41828	41820	5528
42324	42395	42353	5529
42688	42657	42660	5528
42902	42923	42894	5528
43474	43470	43455	5528
43718	43765	43715	5528
44022	44020	44011	5528
44280	44283	44267	5528
44862	44846	44851	5528
45092	45122	45111	5528
45418	45401	45421	5528
45961	45973	45926	5528
46246	46230	46264	5528
46484	46515	46502	5528
47051	47059	47067	5528
47348	47363	47332	5528
47676	47664	47682	5529
47933	47952	47963	5528
48481	48487	48523	5528
48748	48771	48721	5528
49056	49028	49054	5528
49599	49606	49558	5528
49857	49842	49856	5528
50090	50140	50091	5528
50676	50694	50664	5528
50980	50993	50940	5528
51268	51233	51253	5528
51840	51793	51805	5528
52055	52074	52034	5528
52344	52368	52325	5528
52860	52901	52869	5528
53195	53168	53189	5528
53431	53455	53427	5528
54007	54015	54029	5528
54260	54288	54281	5528
54592	54570	54577	5528
55124	55100	55089	5528
55364	55388	55405	5528
55622	55630	55650	5528
56178	56215	56218	5528
56474	56485	56425	5528
56743	56766	56789	5528
56996	57040	57034	5528
57564	57590	57600	5528
57828	57853	57816	5528
58125	58163	58178	5528
58705	58723	58667	5528
58963	58977	58990	5528
59228	59256	59208	5528
59768	59803	59787	5528
60058	60098	60048	5528
60356	60368	60379	5528
60946	60968	60954	5528
61182	61202	61206	5528
61458	61525	61471	5528
61782	61816	61816	5528
62340	62407	62337	5528
62639	62645	62658	5528
62875	62951	62909	5528
63268	63288	63243	5528
63757	63817	63786	5528
64105	64095	64105	5529
64346	64392	64361	5528
64644	64672	64634	5528
65231	65264	65259	5528
65535	65552	65517	5528
65803	65832	65845	5528
66390	66419	66381	5528
66620	66657	66663	5528
66917	66947	66899	5528
67184	67225	67237	5528
67807	67815	67777	5528
68024	68057	68084	5528
68314	68340	68324	5528
68574	68611	68636	5528
69207	69236	69195	5528
69478	69490	69533	5528
69749	69796	69788	5528
70321	70343	70367	5528
70575	70627	70596	5528
70907	70885	70907	5528
71434	71453	71440	5528
71706	71701	71692	5528
71906	71986	71957	5528
72503	72547	72519	5528
72805	72840	72793	5528
73079	73096	73107	5528
73654	73678	73668	5528
73913	73965	73942	5528
74187	74236	74185	5528
74711	74780	74772	5528
75061	75077	75052	5528
75283	75336	75332	5528
75845	75911	75921	5528
76100	76155	76144	5528
76445	76474	76437	5528
76661	76729	76737	5528
77197	77282	77289	5528
77476	77535	77546	5528
77796	77833	77785	5528
78322	78343	78324	5528
78555	78637	78661	5528
78838	78898	78899	5528
79384	79423	79462	5528
79689	79732	79678	5528
79954	79992	80030	5528
80530	80564	80543	5528
80781	80811	80834	5528
81037	81089	81067	5528
81564	81625	81611	5528
81882	81910	81923	5528
82133	82184	82167	5528
82696	82727	82770	5528
82930	82994	82990	5528
83268	83307	83291	5528
83779	83827	83813	5528
84074	84111	84131	5528
84322	84368	84386	5528
84864	84927	84947	5528
85156	85177	85162	5528
85507	85541	85518	5528
86028	86059	86025	5528
86294	86336	86366	5528
86545	86587	86593	5528
86851	86883	86858	5528
87407	87439	87397	5528
87644	87684	87718	5528
87926	87961	87960	5528
88475	88531	88558	5528
88793	88844	88827	5528
89048	89131	89112	5528
89359	89409	89409	5528
89910	89950	89999	5528
90199	90259	90262	5528
90507	90539	90524	5528
91024	91068	91041	5528
91321	91313	91372	5528
91543	91616	91610	5529
92122	92153	92168	5528
92371	92436	92403	5528
92671	92677	92729	5528
93235	93258	93241	5528
93491	93507	93531	5528
94044	94031	94092	5528
94261	94350	94326	5528
94616	94642	94595	5528
95128	95181	95133	5528
95401	95409	95462	5528
95641	95705	95699	5529
96200	96254	96263	5528
96515	96538	96529	5528
96810	96850	96849	5529
97065	97124	97110	5528
97620	97673	97715	5528
97895	97940	97935	5529
98185	98218	98235	5528
98752	98763	98722	5528
98983	99039	99078	5528
99284	99323	99342	5528
99594	99625	99618	5529
100158	100202	100163	5529
100426	100452	100498	5529
100682	100737	100722	5529
101286	101305	101332	5528
101545	101591	101553	5528
101830	101867	101875	5529
102395	102429	102381	5528
102655	102667	102703	5528
102913	102949	102916	5528
103454	103490	103483	5528
103746	103775	103760	5528
104053	104050	104061	5529
104602	104635	104605	5528
104847	104881	104858	5528
105179	105240	105190	5528
105502	105534	105530	5529
106048	106070	106029	5528
106297	106304	106348	5528
106569	106601	106583	5529
107123	107149	107176	5528
107419	107442	107396	5528
107684	107707	107732	5528
107952	108003	107981	5529
108519	108555	108562	5528
108801	108797	108784	5528
109074	109120	109114	5528
109680	109684	109643	5528
109915	109927	109989	5528
110211	110244	110233	5528
110766	110794	110797	5528
111052	111066	111037	5528
111338	111347	111391	5528
111564	111611	111606	5528
112190	112187	112200	5528
112443	112467	112420	5528
112756	112735	112779	5528
113293	113306	113307	5528
113552	113553	113541	5529
113814	113837	113785	5528
114327	114373	114361	5529
114669	114674	114657	5528
114925	114943	114913	5528
115456	115490	115447	5528
115680	115741	115668	5529
115976	116030	115959	5532
116442	116549	116394	5546
116686	116835	116610	5557
116937	117087	116871	5557
117321	117698	117235	5554
117327	117946	117241	5550
117331	118261	117246	5549
117335	118514	117250	5548
117341	119106	117253	5546
117343	119375	117254	5546
117344	119666	117254	5545
117344	120213	117254	5545
117344	120498	117254	5545
117344	120781	117254	5545
117344	121066	117254	5545
117345	121641	117255	5546
117345	121931	117255	5547
117345	122458	117255	5547
117345	122674	117255	5547
117345	122976	117256	5549
117346	123223	117257	5551
117346	123787	117262	5558
117346	123991	117265	5559
117346	124292	117269	5562
117345	124343	117273	5562
117346	124344	117274	5563
117346	124343	117274	5563
117346	124344	117275	5563
117346	124344	117275	5563
117346	124344	117275	5563
117346	124344	117275	5563
117346	124344	117275	5562
117346	124344	117276	5563
117345	124344	117276	5563
117346	124344	117276	5563
117346	124344	117276	5562
117346	124344	117276	5563
117346	124344	117276	5563
117346	124344	117276	5563
117345	124344	117276	5562
117346	124344	117276	5563
117346	124345	117276	5562
117346	124345	117276	5562
117346	124345	117276	5563
117346	124345	117276	5563
117346	124344	117276	5563
117346	124345	117276	5563
117346	124345	117276	5563
117346	124345	117276	5563
117346	124344	117276	5563
117346	124345	117276	5563
117346	124345	117277	5563
117346	124345	117277	5563
117346	124345	117277	5563
117346	124345	117277	5563
117346	124345	117277	5563
117346	124345	117277	5563
117346	124345	117277	5563
117346	124345	117277	5564
117346	124345	117277	5564
117346	124345	117277	5563
117346	124345	117277	5564
117346	124345	117277	5564
117346	124345	117277	5564
117346	124345	117277	5564
117346	124345	117277	5564
117346	124345	117277	5564
117346	124345	117277	5564
117346	124345	117277	5564
117346	124345	117277	5565
117346	124345	117278	5565
117346	124345	117277	5565
117346	124345	117277	5565
117346	124345	117278	5565
117346	124345	117278	5565
117346	124345	117277	5565
117346	124345	117277	5565
117346	124345	117278	5565
117346	124345	117278	5565
117346	124345	117278	5565
117346	124345	117278	5565
117346	124345	117278	5565
117346	124345	117278	5565
117346	124345	117278	5565
117346	124345	117278	5565
117346	124345	117279	5565
117346	124345	117279	5565
117346	124345	117279	5565
117346	124345	117279	5566
117346	124345	117279	5565
117346	124345	117279	5566
117346	124345	117279	5566
117346	124345	117279	5566
117346	124345	117279	5566
117346	124345	117279	5566
117346	124345	117279	5566
117346	124345	117279	5566
117346	124345	117279	5566
117346	124345	117279	5566
117346	124345	117279	5566
117346	124345	117279	5566
117346	124345	117279	5566
117346	124345	117279	5566
117346	124345	117280	5567
117346	124345	117280	5567
117346	124345	117279	5567
117345	124345	117280	5567
117346	124345	117280	5567
117346	124345	117280	5567
117346	124345	117280	5567
117346	124345	117280	5567
117346	124345	117280	5567
117346	124345	117280	5567
117346	124345	117280	5566
117346	124345	117280	5567
117346	124345	117280	5567
117346	124345	117280	5567
117346	124345	117280	5567
117346	124345	117280	5568
117346	124345	117281	5567
117346	124345	117280	5567
117346	124345	117281	5567
117346	124345	117280	5567
117346	124345	117280	5568
114755	122090	114702	5538
112109	119218	112048	5517
109222	116394	109216	5519
106369	113514	106281	5520
100756	107894	100694	5520
97864	105080	97803	5520
95162	102303	95112	5520
89736	96871	89654	5520
87053	94130	86913	5521
83968	91057	83880	5520
78556	85611	78409	5520
75871	82909	75721	5520
73075	80216	73025	5520
67695	74750	67643	5520
64975	72002	64892	5519
62067	69148	62039	5520
56653	63707	56596	5520
53935	60923	53891	5521
51028	58025	50980	5521
47925	54978	47942	5521
42174	49150	42136	5520
39264	46235	39253	5520
36358	43375	36355	5520
33476	40443	33470	5520
27989	35022	27997	5520
25118	32115	25111	5520
22247	29196	22225	5520
16089	23138	16051	5519
13320	20416	13320	5520
10634	17676	10609	5520
7698	14774	7699	5520
1954	8954	1927	5520
22	6108	121	5520
29	3389	131	5522
31	100	133	5521
31	103	133	5521
31	103	133	5521
-1000	-1000	-1000	-1000
32	103	133	5521
32	104	133	5520
32	103	133	5520
32	103	133	5521
32	104	133	5520
32	104	133	5520
32	104	133	5583
32	104	133	5680
32	104	134	6047
32	104	134	6229
32	104	134	6376
32	104	133	6483
32	104	133	6730
32	104	133	6915
32	104	133	7003
32	104	133	7001
32	103	133	6952
32	104	133	6933
32	104	133	6932
32	104	133	6932
32	104	133	6931
60	108	153	6932
635	538	375	6932
795	864	897	6931
1113	1088	1010	6932
1682	1674	1688	6931
1939	1927	1912	6932
2249	2218	2280	6932
2753	2768	2773	6932
3102	3027	3057	6932
3311	3309	3330	6931
3653	3620	3614	6932
4189	4190	4181	6932
4515	4471	4482	6931
4756	4757	4789	6931
5317	5285	5336	6932
5599	5588	5617	6932
5929	5884	5867	6931
6142	6148	6183	6931
6724	6686	6728	6932
6960	6969	6975	6931
7309	7290	7254	6931
7805	7828	7787	6931
8159	8117	8142	6931
8429	8418	8442	6931
8997	8951	9017	6931
9213	9229	9223	6931
9546	9507	9534	6932
9800	9781	9773	6931
10389	10332	10368	6931
10618	10623	10631	6931
10926	10917	10911	6931
11468	11465	11448	6931
11808	11803	11805	6932
12055	12039	12032	6932
12302	12324	12279	6932
12908	12889	12881	6931
13179	13191	13172	6931
13472	13429	13444	6931
14040	13969	14007	6931
14242	14248	14245	6932
14585	14559	14553	6932
15088	15086	15059	6931
15376	15379	15398	6931
15648	15657	15682	6932
16216	16199	16264	6932
16469	16486	16476	6931
16784	16770	16779	6931
17312	17324	17288	6932
17581	17573	17608	6932
17837	17882	17858	6932
18417	18432	18415	6932
18669	18701	18662	6931
18961	18959	18963	6932
19202	19266	19241	6931
19801	19813	19820	6932
20057	20116	20057	6931
20420	20395	20401	6931
20940	20975	20943	6931
21222	21214	21255	6931
21433	21506	21466	6931
22012	22054	22020	6932
22288	22327	22299	6932
22578	22591	22606	6932
23146	23152	23140	6932
23384	23436	23418	6931
23698	23706	23656	6930
24184	24236	24211	6931
24520	24522	24518	6931
24750	24792	24796	6931
25280	25319	25372	6930
25546	25579	25572	6931
25861	25840	25872	6931
26410	26415	26377	6931
26666	26700	26717	6931
26928	26950	26952	6931
27485	27524	27511	6932
27784	27791	27726	6932
28017	28050	28055	6931
28632	28639	28633	6931
28862	28902	28887	6931
29136	29177	29147	6931
29440	29462	29501	6931
30023	30035	30024	6931
30261	30279	30304	6931
30527	30576	30550	6931
31068	31115	31106	6931
31387	31408	31388	6931
31653	31672	31698	6932
32232	32245	32270	6932
32468	32489	32523	6931
32763	32799	32759	6931
33042	33062	33117	6931
33629	33638	33627	6930
33894	33903	33960	6931
34155	34177	34189	6931
34747	34773	34800	6931
35065	35063	35064	6931
35292	35316	35365	6931
35569	35596	35589	6931
36135	36153	36179	6931
36421	36433	36452	6930
36706	36711	36769	6931
37286	37284	37283	6931
37508	37529	37606	6931
37784	37809	37813	6931
38319	38365	38382	6931
38661	38651	38652	6931
38907	38927	38984	6931
39556	39531	39554	6931
39774	39803	39848	6931
40082	40108	40087	6931
40346	40354	40435	6931
40941	40941	40940	6931
41188	41191	41232	6931
41436	41497	41468	6931
42031	42059	42084	6931
42304	42348	42340	6932
42598	42596	42637	6931
42817	42883	42863	6931
43408	43439	43441	6931
43678	43734	43703	6931
43969	43989	43994	6931
44567	44594	44596	6931
44817	44836	44869	6931
45071	45113	45107	6931
45606	45667	45696	6931
45951	45982	45953	6931
46208	46241	46279	6932
46469	46515	46522	6931
47048	47104	47133	6932
47348	47388	47392	6932
47631	47666	47693	6932
48214	48250	48204	6931
48458	48498	48551	6931
48734	48798	48778	6932
49274	49348	49348	6931
49597	49640	49582	6931
49845	49879	49903	6931
50449	50446	50460	6931
50644	50721	50719	6931
50967	51003	50945	6931
51455	51564	51527	6931
51824	51824	51852	6931
52018	52098	52071	6932
52587	52623	52663	6931
52818	52914	52893	6931
53180	53206	53210	6930
53697	53745	53717	6930
53964	54019	54068	6931
54190	54267	54270	6931
54751	54833	54846	6930
55080	55100	55094	6930
55308	55390	55414	6931
55608	55661	55694	6931
56141	56228	56242	6931
56467	56482	56462	6931
56739	56807	56819	6931
57310	57350	57324	6931
57551	57629	57654	6931
57847	57882	57893	6931
58096	58187	58191	6931
58715	58771	58721	6931
58953	59022	59050	6931
59221	59305	59295	6931
59781	59850	59864	6931
60075	60155	60110	6931
60344	60384	60439	6931
60902	60970	60956	6931
61153	61217	61267	6930
61436	61515	61488	6931
61974	62055	62078	6932
62293	62366	62335	6931
62556	62607	62659	6931
63146	63190	63213	6931
63348	63463	63474	6931
63687	63749	63743	6932
63941	64019	64049	6932
64552	64623	64586	6931
64780	64878	64921	6931
65078	65169	65147	6931
65590	65727	65723	6931
65925	66003	65951	6931
66172	66274	66304	6931
66446	66529	66535	6931
67011	67132	67154	6931
67338	67403	67347	6931
67560	67660	67699	6931
68151	68255	68223	6931
68405	68522	68555	6932
68722	68787	68752	6931
69231	69340	69333	6931
69554	69653	69610	6931
69791	69894	69920	6931
70343	70452	70479	6931
70603	70727	70724	6931
70966	71045	71014	6932
71193	71279	71291	6931
71765	71847	71860	6931
71959	72117	72092	6931
72550	72653	72647	6931
72825	72915	72892	6931
73109	73239	73235	6930
73340	73481	73467	6931
73974	74091	74075	6931
74227	74353	74340	6931
74552	74665	74630	6930
75095	75187	75149	6931
75335	75465	75474	6931
75616	75720	75721	6931
76133	76265	76273	6931
76475	76552	76528	6931
76708	76861	76842	6932
77005	77117	77111	6931
77542	77653	77668	6931
77844	77928	77894	6931
78355	78477	78461	6932
78651	78766	78721	6931
78922	79014	79040	6931
79220	79342	79297	6930
79775	79893	79871	6931
80078	80177	80130	6931
80317	80446	80427	6932
80905	81030	80978	6931
81149	81262	81254	6932
81439	81559	81483	6932
81720	81820	81822	6931
82290	82404	82373	6931
82566	82680	82691	6931
82820	82949	82917	6931
83352	83517	83491	6931
83693	83793	83742	6931
83933	84054	84067	6931
84483	84611	84591	6932
84710	84887	84866	6931
85071	85154	85105	6931
85589	85722	85692	6931
85897	86002	85968	6931
86131	86285	86307	6930
86707	86844	86847	6931
86954	87084	87093	6931
87249	87375	87330	6931
87527	87649	87672	6931
88081	88239	88222	6931
88338	88499	88482	6931
88650	88771	88729	6931
89203	89304	89244	6931
89461	89622	89620	6931
89719	89877	89849	6931
90292	90432	90446	6931
90589	90694	90680	6930
90844	91006	90980	6931
91430	91550	91488	6931
91669	91772	91799	6931
91926	92044	92010	6931
92421	92593	92580	6931
92789	92891	92846	6931
93044	93188	93176	6931
93615	93748	93707	6930
93809	93981	93994	6931
94168	94264	94210	6930
94690	94811	94813	6931
94987	95134	95094	6931
95237	95368	95385	6931
95804	95946	95944	6930
96080	96214	96214	6931
96400	96504	96479	6931
96637	96773	96789	6933
97208	97344	97346	6932
97471	97617	97591	6932
97767	97896	97864	6932
98319	98424	98399	6931
98565	98721	98687	6930
98855	98975	98993	6930
99390	99506	99536	6931
99682	99808	99788	6931
99983	100130	100091	6931
100259	100401	100421	6931
100825	100974	100974	6931
101085	101234	101241	6931
101400	101534	101454	6932
101943	102053	102054	6931
102211	102337	102344	6931
102448	102610	102603	6931
103014	103136	103155	6931
103292	103415	103395	6931
103578	103679	103710	6931
104164	104262	104228	6931
104392	104519	104542	6931
104681	104812	104774	6932
104963	105096	105095	6932
105595	105689	105687	6931
105852	105995	105994	6930
106120	106267	106270	6931
106694	106828	106853	6930
106995	107102	107123	6931
107247	107401	107372	6932
107831	107934	107899	6930
108063	108192	108213	6931
108359	108482	108488	6931
108898	109015	109041	6932
109211	109298	109273	6931
109435	109562	109576	6932
109994	110141	110099	6930
110246	110362	110397	6930
110580	110665	110640	6931
111102	111223	111242	6931
111434	111539	111513	6931
111674	111771	111810	6931
111955	112079	112074	6932
112532	112654	112695	6931
112836	112926	112907	6931
113099	113186	113219	6931
113642	113766	113735	6931
113918	114017	114018	6929
114211	114310	114287	6930
114722	114859	114838	6929
115010	115136	115095	6931
115278	115402	115369	6931
115562	115665	115620	6931
116099	116241	116164	6931
116361	116507	116432	6930
116955	117024	116960	6931
117177	117313	117227	6931
117469	117578	117496	6932
117996	118136	118014	6931
118316	118396	118260	6930
118539	118687	118529	6932
118815	118975	118722	6930
119362	119546	119281	6929
119587	119791	119598	6930
119834	120090	119799	6932
120276	120636	120148	6938
120455	120890	120489	6944
120547	121150	120496	6945
120557	121719	120500	6945
120559	122004	120502	6945
120560	122250	120504	6946
120560	122816	120505	6947
120560	123094	120506	6949
120561	123345	120506	6952
120561	123904	120508	6966
120561	124168	120508	6974
120561	124441	120508	6975
120562	124976	120510	6978
120562	125230	120511	6979
120562	125514	120514	6981
120562	126065	120538	6982
120562	126296	120544	6984
120562	126392	120562	6984
120562	126393	120567	6985
120563	126392	120568	6985
120563	126393	120568	6985
120563	126393	120568	6985
120563	126394	120568	6985
120563	126394	120568	6985
120563	126394	120568	6985
120563	126395	120568	6985
120564	126395	120568	6985
120564	126396	120568	6985
120564	126396	120568	6985
120564	126395	120568	6985
120564	126396	120568	6986
120564	126396	120568	6985
120564	126396	120568	6985
120564	126396	120568	6985
120564	126396	120568	6985
120565	126396	120568	6985
120565	126396	120568	6985
120565	126396	120568	6986
120565	126396	120569	6986
120565	126397	120568	6985
120566	126398	120576	6986
120566	126399	120593	6985
120565	126400	120595	6985
120566	126401	120597	6986
120566	126402	120597	6985
120566	126403	120597	6985
120567	126404	120598	6985
120567	126404	120598	6985
120567	126404	120598	6985
120567	126405	120598	6985
120568	126406	120598	6985
120568	126406	120598	6985
120568	126406	120598	6985
120568	126407	120598	6985
120568	126406	120598	6985
120568	126406	120598	6985
120568	126407	120598	6985
120568	126406	120598	6985
120569	126407	120598	6985
120568	126407	120598	6985
120568	126407	120598	6985
120569	126407	120598	6985
120569	126407	120598	6985
120569	126407	120598	6985
120569	126407	120598	6985
120569	126407	120598	6985
120569	126408	120598	6985
120569	126408	120598	6986
120569	126408	120598	6985
120569	126408	120598	6985
120569	126408	120598	6985
120569	126408	120598	6985
120570	126408	120598	6985
120570	126408	120598	6985
120569	126408	120598	6985
120570	126408	120598	6986
120570	126408	120598	6985
120570	126408	120598	6986
120570	126408	120598	6986
120570	126409	120598	6985
120570	126408	120598	6986
120570	126409	120598	6986
120570	126408	120598	6986
120570	126409	120598	6986
120570	126408	120598	6985
120570	126409	120599	6986
120570	126409	120598	6986
120570	126409	120598	6986
120570	126409	120598	6986
120570	126409	120598	6986
120570	126409	120598	6986
120570	126409	120599	6986
120570	126409	120598	6986
120570	126409	120598	6986
120570	126409	120598	6986
120570	126409	120598	6986
120570	126409	120598	6986
120570	126409	120598	6986
120570	126409	120598	6986
120570	126409	120598	6986
120570	126409	120598	6987
120571	126409	120598	6986
120571	126409	120598	6987
120570	126409	120598	6986
120570	126409	120598	6987
120571	126409	120598	6986
120571	126409	120598	6987
120571	126409	120598	6987
120570	126409	120598	6987
120570	126409	120598	6987
120571	126409	120598	6987
120571	126409	120599	6987
120571	126409	120598	6988
120571	126409	120598	6988
120570	126409	120598	6988
120570	126409	120598	6988
120571	126409	120599	6988
120571	126409	120599	6989
118324	123925	118160	6963
112689	118298	112729	6935
110026	115618	110036	6934
107163	112718	107094	6935
101316	106935	101400	6931
98671	104193	98564	6931
95916	101489	95909	6930
90455	96075	90406	6930
87747	93343	87705	6931
84861	90513	84873	6931
82175	87755	82183	6931
76207	81760	76237	6931
73496	79021	73526	6930
70850	76351	70775	6930
68099	73627	68032	6931
62314	67837	62254	6931
59644	65073	59574	6931
56723	62233	56665	6931
51000	56557	51011	6932
48216	53736	48174	6932
45467	50969	45429	6931
39840	45389	39807	6931
37127	42681	37163	6931
34476	39966	34485	6931
28804	34338	28862	6931
25929	31381	25954	6930
22994	28496	23098	6931
20258	25813	20348	6931
14669	20203	14745	6931
11942	17469	12048	6931
9075	14543	9137	6931
3296	8842	3419	6931
570	6050	726	6932
27	3382	138	6932
32	81	141	6932
33	83	141	6931
33	84	141	6931
33	83	141	6931
-1000	-1000	-1000	-1000
33	84	141	6931
33	84	141	6932
34	84	141	6932
33	84	141	6931
