20	93	162	65
20	93	162	66
20	93	162	65
20	93	162	65
38	97	170	65
498	445	298	65
729	801	908	66
986	1019	957	66
1618	1634	1637	65
1860	1894	1869	65
2168	2164	2260	65
2725	2726	2741	65
2989	2985	3008	65
3240	3245	3249	65
3804	3805	3839	65
4119	4100	4081	65
4350	4355	4424	65
4927	4908	4936	65
5157	5150	5205	65
5465	5457	5440	65
5999	5981	6006	65
6306	6286	6317	65
6553	6548	6592	65
6854	6862	6858	65
7418	7422	7431	65
7716	7701	7718	65
7975	7958	8014	65
8562	8518	8590	65
8837	8812	8855	65
9100	9119	9098	65
9642	9677	9676	65
10005	9947	9996	65
10257	10227	10253	65
10473	10507	10515	65
11102	11105	11115	65
11390	11382	11374	65
11673	11621	11710	65
11892	11910	11919	65
12525	12512	12535	65
12803	12795	12815	65
13112	13073	13144	65
13649	13625	13640	65
13935	13906	13973	65
14187	14162	14195	65
14718	14705	14757	65
15040	14992	14999	65
15260	15258	15338	65
15855	15818	15878	65
16101	16088	16140	65
16410	16379	16372	65
16967	16919	16969	65
17273	17255	17256	65
17578	17551	17606	65
17869	17880	17895	65
18428	18427	18453	65
18694	18717	18703	65
19046	18989	19032	65
19281	19302	19304	65
19834	19823	19878	65
20076	20118	20080	65
20414	20372	20408	65
20936	20946	20928	65
21219	21205	21263	65
21788	21749	21810	65
22015	22037	22023	65
22293	22316	22299	65
22591	22581	22641	65
23151	23132	23164	65
23378	23406	23434	65
23702	23700	23672	65
24217	24223	24233	65
24543	24504	24523	65
24768	24781	24828	65
25311	25311	25391	65
25565	25580	25590	65
25913	25853	25898	65
26453	26453	26449	65
26758	26747	26792	65
27018	27002	27031	65
27545	27552	27599	65
27854	27838	27831	65
28149	28109	28171	65
28387	28383	28389	65
28936	28920	28970	65
29199	29203	29215	65
29545	29521	29554	65
30056	30102	30077	65
30372	30322	30402	65
30623	30634	30653	65
31199	31199	31235	65
31437	31474	31471	65
31754	31747	31786	65
32296	32309	32287	65
32558	32552	32604	65
32832	32874	32866	65
33181	33177	33163	65
33686	33747	33692	65
34013	33977	34039	65
34234	34273	34274	65
34795	34821	34840	65
35075	35084	35056	65
35371	35371	35404	65
35942	35936	35917	65
36168	36198	36209	65
36449	36466	36459	65
36973	37007	37011	65
37306	37285	37272	65
37525	37548	37585	64
38134	38105	38152	64
38379	38411	38412	65
38689	38678	38645	65
39205	39209	39191	65
39507	39485	39509	65
39756	39772	39770	65
40302	40291	40355	65
40539	40585	40539	65
40876	40822	40871	65
41398	41414	41367	65
41656	41645	41687	65
42205	42180	42218	65
42447	42486	42461	65
42756	42765	42735	65
43250	43299	43246	65
43588	43579	43601	65
43823	43870	43830	65
44390	44413	44403	64
44655	44669	44680	64
45015	44984	44993	65
45216	45255	45260	65
45789	45815	45852	65
46041	46061	46067	65
46371	46358	46361	65
46896	46904	46870	65
47144	47167	47198	65
47426	47433	47453	65
48003	48020	48050	65
48280	48291	48253	65
48576	48573	48612	65
49158	49153	49117	65
49380	49398	49419	65
49661	49684	49636	65
50173	50213	50201	65
50506	50502	50498	65
50759	50747	50754	65
51325	51302	51341	65
51516	51586	51551	65
51858	51888	51881	65
52350	52407	52375	65
52696	52704	52733	65
52918	52966	52963	65
53234	53250	53235	65
53767	53796	53782	65
54083	54118	54127	65
54338	54364	54380	65
54913	54932	54968	65
55192	55207	55223	65
55537	55540	55526	64
55767	55794	55805	65
56335	56359	56354	64
56579	56603	56621	65
57122	57148	57166	65
57391	57422	57395	65
57663	57702	57707	65
57938	57961	57981	65
58507	58530	58572	65
58772	58824	58812	65
59332	59371	59382	64
59623	59657	59629	65
59868	59896	59927	65
60137	60211	60189	65
60693	60744	60759	64
60978	61043	60995	64
61237	61272	61327	65
61788	61862	61857	64
62048	62095	62124	65
62599	62626	62676	65
62846	62935	62931	65
63180	63224	63222	64
63705	63761	63739	65
63957	64020	64042	65
64217	64302	64296	65
64769	64852	64848	65
65071	65132	65103	65
65325	65377	65414	65
65909	65961	65937	65
66145	66221	66242	65
66437	66484	66463	64
66693	66754	66789	65
67281	67339	67307	65
67546	67604	67634	65
67831	67867	67864	65
68361	68423	68439	65
68656	68705	68669	65
69188	69236	69210	65
69444	69493	69553	65
69725	69800	69809	65
70028	70096	70069	64
70555	70636	70620	65
70889	70913	70957	64
71099	71201	71186	65
71431	71473	71472	65
71986	72089	72073	65
72331	72385	72375	64
72574	72639	72649	65
73123	73204	73228	64
73377	73468	73482	65
73705	73763	73744	64
74216	74272	74297	65
74503	74592	74611	64
74747	74825	74852	65
75309	75374	75426	65
75600	75640	75659	64
75858	75941	75971	65
76454	76493	76470	64
76669	76757	76811	65
76964	77017	77046	64
77239	77344	77331	64
77849	77885	77903	64
78099	78190	78210	64
78373	78452	78496	64
78938	78997	79066	64
79216	79302	79299	64
79480	79542	79595	64
80057	80130	80110	64
80291	80382	80409	65
80598	80710	80707	64
80880	80989	80972	64
81453	81537	81491	64
81688	81769	81795	64
82264	82373	82366	64
82511	82614	82640	64
82805	82903	82875	65
83315	83448	83430	65
83628	83718	83713	64
83870	83975	83999	65
84434	84543	84568	65
84695	84822	84817	65
85029	85118	85082	64
85260	85380	85411	64
85846	85932	85946	64
86075	86216	86227	65
86400	86478	86442	65
86923	87003	87010	65
87194	87282	87315	65
87451	87593	87600	65
87995	88113	88157	64
88296	88388	88386	64
88617	88734	88709	64
88889	89014	89036	64
89461	89587	89617	64
89714	89845	89852	64
90056	90155	90135	64
90580	90673	90667	64
90828	90970	90981	64
91080	91216	91222	64
91640	91752	91778	64
91926	92039	92011	64
92216	92347	92339	64
92794	92898	92866	64
93040	93169	93189	64
93303	93431	93398	65
93795	93972	93989	65
94153	94258	94208	65
94374	94526	94548	65
94928	95088	95068	64
95172	95330	95340	65
95503	95620	95582	65
96038	96157	96136	64
96295	96468	96448	64
96584	96734	96727	65
96903	97008	96938	65
97444	97566	97549	64
97674	97858	97836	64
97926	98098	98107	64
98495	98643	98671	65
98799	98934	98938	64
99068	99238	99203	64
99637	99761	99732	64
99906	100073	100068	64
100187	100343	100338	64
100731	100865	100889	64
101029	101167	101136	64
101278	101446	101416	64
101859	102006	101949	64
102092	102230	102274	64
102394	102533	102511	64
102903	103055	103071	64
103211	103363	103316	64
103448	103585	103613	64
103752	103915	103882	64
104277	104446	104439	64
104581	104739	104668	65
105136	105275	105239	64
105367	105556	105547	64
105666	105812	105796	64
105971	106097	106078	65
106534	106669	106666	64
106805	106952	106917	64
107078	107225	107254	64
107633	107795	107792	64
107915	108078	108080	64
108231	108365	108312	64
108486	108639	108662	64
109060	109225	109187	64
109361	109508	109526	64
109696	109791	109792	64
109918	110088	110081	64
110545	110638	110579	64
110821	110945	110958	64
111092	111207	111199	64
111638	111650	111632	66
111948	111817	111849	72
112201	111983	111935	77
112766	112020	112454	92
112970	112037	112772	97
113250	112051	112981	103
113489	112054	113010	110
113923	112069	113010	123
114142	112084	113011	129
114330	112095	113011	134
114788	112111	113011	142
114837	112116	113011	144
114839	112118	113011	145
114841	112120	113011	146
114841	112120	113012	146
114842	112120	113011	147
114843	112121	113011	147
114843	112122	113012	147
114843	112122	113012	147
114844	112122	113012	147
114844	112122	113012	147
114844	112122	113011	147
114845	112123	113011	147
114845	112123	113012	147
114845	112123	113012	147
114845	112123	113012	147
114845	112123	113012	147
114845	112124	113012	147
114846	112124	113012	147
114846	112124	113012	147
114846	112124	113012	147
114846	112125	113012	147
114847	112124	113012	147
114846	112124	113012	147
114846	112124	113012	147
114846	112125	113012	148
114846	112124	113012	147
114847	112125	113012	147
114846	112125	113012	147
114847	112125	113012	147
114847	112125	113011	147
114846	112125	113012	147
114847	112125	113011	147
114847	112125	113012	148
114847	112125	113012	147
114847	112125	113012	147
114847	112125	113012	148
114847	112125	113012	147
114847	112125	113012	147
114847	112126	113012	148
114847	112125	113012	147
114847	112126	113012	147
114847	112125	113012	147
114847	112125	113012	148
114848	112125	113012	147
114847	112126	113012	147
114847	112125	113012	147
114847	112126	113012	147
114848	112126	113012	147
114847	112126	113012	148
114847	112126	113012	147
114848	112126	113012	147
114848	112126	113012	147
114847	112126	113012	147
114848	112126	113012	147
114848	112126	113012	147
114847	112126	113012	147
114848	112126	113012	147
114848	112126	113012	147
114848	112126	113012	147
114848	112126	113012	147
114848	112126	113012	147
114848	112126	113012	147
114848	112127	113012	147
114848	112127	113012	147
114848	112127	113012	147
114848	112127	113012	147
114848	112127	113012	147
114848	112127	113012	147
114848	112127	113012	148
114848	112127	113012	147
114848	112127	113012	147
114848	112127	113012	147
114848	112127	113012	147
114848	112127	113012	147
114848	112127	113012	148
114848	112127	113012	148
114848	112128	113012	147
114848	112128	113012	147
114849	112127	113012	147
114848	112127	113012	147
114849	112127	113012	147
114848	112128	113012	147
114848	112128	113012	147
114848	112128	113012	148
114848	112128	113012	147
114849	112128	113012	148
114848	112128	113012	148
114848	112128	113012	148
114849	112128	113012	147
114848	112128	113012	147
114848	112128	113012	147
114849	112128	113012	147
114848	112128	113012	148
114848	112128	113012	148
114849	112128	113012	147
114848	112128	113012	147
114849	112128	113012	147
114849	112128	113012	148
114849	112128	113012	148
114849	112128	113012	147
114849	112128	113012	148
112722	110294	111070	131
106877	104334	105275	70
104238	101629	102551	68
101189	98628	99569	68
98223	95616	96605	67
92844	90209	91111	66
90102	87543	88499	65
87057	84474	85395	65
81603	79117	80008	65
78873	76314	77250	65
75969	73430	74365	65
73228	70731	71605	65
67432	64912	65863	64
64723	62168	63246	65
61980	59483	60447	65
56513	54039	55080	65
53829	51295	52411	64
51145	48561	49673	65
48224	45703	46751	65
42254	39749	40732	64
39547	36983	38058	65
36629	34126	35182	64
31049	28447	29552	65
28144	25636	26677	65
25459	22857	23923	65
19853	17272	18298	65
17050	14424	15509	64
14054	11476	12535	64
11386	8790	9796	64
5962	3349	4357	65
3042	528	1527	63
396	90	152	65
23	93	161	64
-1000	-1000	-1000	-1000
26	94	161	64
27	94	161	64
27	94	161	64
27	94	161	64
28	94	161	64
28	94	161	109
27	94	161	186
27	94	161	288
27	94	161	690
27	94	161	821
27	94	161	958
28	94	161	1182
27	94	161	1290
27	94	161	1389
27	94	161	1427
27	94	161	1412
27	94	161	1406
28	94	161	1406
28	93	161	1405
27	94	161	1405
27	94	161	1405
45	97	171	1405
738	835	883	1405
1054	1049	1020	1405
1360	1394	1381	1404
1639	1646	1698	1405
2244	2221	2286	1404
2485	2469	2514	1404
2742	2772	2760	1404
3283	3292	3324	1404
3626	3594	3633	1404
3858	3838	3886	1403
4423	4400	4468	1404
4680	4662	4709	1403
5000	4985	4987	1404
5256	5243	5301	1403
5878	5832	5858	1403
6116	6119	6174	1403
6418	6399	6403	1403
6957	6951	6982	1403
7274	7248	7245	1402
7504	7489	7558	1403
8104	8045	8123	1402
8364	8357	8377	1402
8666	8668	8639	1402
8943	8906	8975	1402
9551	9496	9542	1402
9791	9769	9768	1402
10058	10063	10071	1402
10586	10612	10611	1402
10926	10900	10925	1402
11180	11167	11180	1402
11454	11440	11448	1402
12031	12012	12035	1402
12316	12310	12315	1403
12605	12566	12607	1402
13161	13119	13157	1402
13414	13380	13418	1402
13676	13682	13683	1402
14226	14202	14234	1402
14565	14516	14558	1402
14818	14778	14853	1402
15117	15091	15116	1402
15673	15631	15695	1402
15943	15922	15916	1402
16218	16173	16257	1402
16782	16721	16765	1402
17026	16986	17028	1402
17313	17292	17273	1402
17819	17817	17822	1402
18176	18060	18132	1401
18403	18389	18398	1401
18954	18917	18948	1402
19227	19241	19232	1402
19574	19537	19536	1402
20065	20078	20031	1401
20393	20326	20355	1401
20639	20641	20613	1402
21197	21163	21196	1402
21416	21456	21440	1402
21746	21691	21750	1402
22006	22011	22004	1402
22555	22541	22579	1402
22793	22821	22798	1402
23353	23359	23370	1402
23674	23655	23627	1402
23915	23903	23949	1402
24165	24174	24154	1402
24748	24746	24759	1402
25055	25037	24996	1401
25306	25307	25359	1402
25883	25797	25871	1402
26118	26144	26125	1402
26420	26398	26371	1402
26946	26932	26943	1402
27274	27220	27240	1402
27532	27526	27545	1402
27828	27801	27749	1402
28366	28353	28347	1401
28680	28644	28638	1402
28922	28904	28912	1402
29506	29462	29512	1402
29753	29730	29730	1401
30039	30017	30016	1401
30545	30560	30525	1401
30894	30829	30883	1401
31131	31109	31111	1401
31685	31651	31685	1402
31924	31914	31895	1402
32240	32187	32254	1402
32776	32753	32725	1402
33026	33015	33045	1402
33302	33285	33236	1402
33869	33848	33837	1401
34140	34122	34109	1402
34420	34394	34400	1402
35022	34993	35002	1402
35242	35229	35236	1402
35543	35525	35470	1402
36079	36062	36050	1402
36393	36361	36368	1402
36642	36630	36630	1401
36918	36913	36889	1402
37452	37433	37447	1402
37762	37743	37732	1402
37992	37978	38005	1402
38544	38529	38570	1402
38830	38828	38820	1402
39158	39152	39130	1402
39674	39696	39660	1401
39991	39961	39968	1402
40259	40237	40267	1402
40509	40541	40486	1402
41088	41093	41092	1402
41395	41397	41370	1401
41654	41622	41654	1402
42233	42174	42219	1401
42451	42485	42472	1402
42770	42780	42750	1401
43266	43323	43261	1401
43625	43576	43607	1402
43849	43867	43834	1402
44426	44419	44409	1402
44654	44674	44670	1401
45006	44959	44978	1401
45519	45501	45474	1402
45777	45771	45800	1402
46018	46032	46010	1402
46580	46597	46587	1402
46884	46868	46836	1402
47129	47127	47139	1402
47701	47665	47686	1402
47935	47939	47943	1402
48256	48249	48212	1402
48757	48781	48739	1402
49116	49068	49075	1402
49341	49350	49324	1402
49638	49661	49595	1401
50192	50211	50184	1402
50507	50503	50487	1401
50771	50751	50736	1402
51354	51310	51342	1402
51569	51586	51553	1402
51864	51890	51885	1402
52388	52416	52362	1402
52722	52699	52721	1401
52969	52979	52960	1402
53244	53257	53236	1402
53819	53812	53803	1402
54123	54135	54116	1402
54384	54368	54376	1402
54938	54918	54929	1402
55170	55180	55167	1402
55505	55491	55469	1402
56027	56011	55979	1401
56257	56292	56291	1402
56555	56561	56532	1402
57091	57113	57105	1402
57377	57395	57333	1402
57624	57655	57671	1402
58180	58200	58193	1402
58432	58441	58438	1402
58727	58748	58680	1401
59248	59275	59220	1401
59575	59585	59569	1401
59815	59835	59804	1401
60368	60374	60374	1401
60602	60660	60602	1401
60925	60943	60946	1402
61438	61496	61446	1402
61742	61767	61760	1401
62030	62063	62021	1401
62593	62597	62587	1402
62835	62880	62847	1401
63162	63157	63150	1401
63435	63459	63434	1401
64096	64095	64070	1401
64321	64364	64317	1402
64631	64644	64590	1401
64875	64896	64877	1401
65499	65479	65464	1402
65717	65759	65715	1402
66015	66022	65959	1402
66533	66564	66531	1402
66869	66869	66832	1402
67095	67121	67109	1401
67638	67666	67677	1401
67952	67958	67934	1402
68254	68257	68211	1402
68502	68529	68532	1401
69118	69130	69117	1402
69384	69388	69374	1401
69677	69699	69651	1402
70239	70242	70218	1402
70544	70577	70540	1401
70824	70807	70813	1401
71057	71133	71098	1401
71637	71648	71607	1401
71903	71959	71945	1401
72233	72215	72201	1401
72776	72797	72762	1402
73017	73034	73016	1402
73285	73324	73274	1401
73808	73862	73811	1401
74123	74142	74111	1402
74384	74394	74365	1402
74939	74932	74939	1402
75201	75235	75202	1402
75531	75516	75505	1402
76036	76045	76026	1401
76273	76272	76301	1402
76565	76592	76560	1401
76903	76877	76856	1401
77425	77418	77390	1401
77702	77698	77723	1401
77955	77964	77959	1401
78516	78531	78551	1401
78778	78793	78768	1401
79077	79065	79096	1401
79655	79631	79621	1402
79893	79914	79927	1402
80151	80172	80161	1401
80715	80732	80713	1402
81011	81021	80994	1401
81254	81258	81279	1401
81838	81821	81849	1401
82107	82134	82103	1401
82379	82406	82376	1401
82883	82933	82913	1401
83218	83205	83237	1401
83488	83492	83485	1402
84035	84026	84064	1401
84278	84297	84293	1401
84613	84589	84599	1401
85133	85129	85086	1401
85379	85393	85458	1402
85661	85676	85669	1402
86224	86239	86265	1402
86491	86497	86439	1402
86764	86778	86827	1402
87341	87273	87307	1401
87565	87607	87602	1401
87862	87859	87803	1401
88393	88421	88414	1401
88720	88720	88693	1401
88953	88994	88984	1401
89498	89521	89537	1402
89775	89790	89768	1401
90093	90073	90076	1401
90604	90619	90577	1401
90869	90865	90919	1401
91122	91150	91140	1401
91705	91704	91718	1401
91952	91987	91953	1401
92277	92261	92316	1401
92509	92546	92530	1401
93073	93095	93091	1401
93319	93368	93322	1401
93629	93624	93679	1401
94189	94208	94175	1401
94482	94480	94525	1401
94716	94750	94741	1401
95274	95298	95311	1401
95571	95572	95558	1401
95835	95850	95859	1401
96418	96422	96440	1401
96671	96697	96706	1401
96972	96970	96925	1401
97495	97503	97489	1401
97781	97794	97817	1401
98045	98065	98076	1401
98339	98346	98323	1401
98886	98888	98909	1401
99179	99193	99174	1401
99456	99459	99485	1401
100055	100051	100071	1401
100324	100339	100340	1401
100592	100618	100599	1401
101142	101182	101176	1401
101460	101467	101428	1401
101701	101703	101743	1401
102249	102226	102286	1401
102489	102546	102521	1401
102819	102810	102805	1401
103311	103354	103327	1401
103627	103594	103629	1401
103835	103895	103877	1401
104180	104171	104172	1401
104698	104737	104675	1401
105005	105008	105040	1401
105256	105290	105262	1401
105809	105831	105813	1401
106078	106092	106072	1401
106620	106644	106631	1401
106933	106921	106899	1401
107178	107199	107221	1401
107459	107458	107446	1401
108034	108063	108044	1401
108341	108331	108285	1401
108571	108597	108605	1401
109185	109161	109142	1401
109412	109437	109425	1401
109710	109711	109654	1401
109951	109950	109981	1401
110581	110572	110541	1401
110808	110819	110809	1401
111080	111097	111046	1401
111623	111639	111623	1401
111938	111929	111908	1401
112196	112181	112171	1401
112708	112746	112737	1401
112986	113022	112967	1402
113270	113338	113247	1405
113719	113856	113670	1428
113853	114157	113820	1431
113985	114416	113978	1437
114196	114979	114303	1442
114197	115235	114550	1445
114197	115515	114778	1447
114198	115730	115031	1453
114199	116232	115518	1473
114200	116462	115519	1476
114201	116684	115520	1480
114204	117155	115521	1491
114205	117212	115521	1496
114206	117213	115522	1497
114207	117215	115522	1497
114208	117216	115522	1497
114208	117216	115523	1497
114209	117217	115523	1496
114209	117217	115523	1497
114209	117218	115523	1497
114210	117218	115523	1497
114210	117218	115523	1497
114210	117219	115523	1497
114210	117219	115524	1497
114210	117219	115524	1497
114210	117219	115524	1497
114210	117219	115524	1497
114210	117219	115524	1497
114210	117219	115524	1497
114211	117220	115524	1497
114211	117220	115524	1497
114210	117220	115524	1497
114211	117220	115525	1497
114211	117221	115525	1497
114211	117221	115524	1497
114211	117220	115525	1497
114211	117220	115525	1497
114211	117221	115525	1497
114211	117221	115525	1497
114211	117221	115525	1497
114211	117221	115525	1497
114212	117221	115525	1497
114212	117221	115525	1497
114211	117221	115525	1497
114212	117221	115525	1497
114212	117221	115525	1497
114212	117221	115525	1497
114212	117221	115525	1497
114212	117221	115525	1497
114212	117221	115525	1497
114212	117222	115525	1497
114212	117222	115525	1497
114212	117222	115525	1497
114212	117222	115525	1497
114212	117222	115526	1497
114212	117222	115526	1497
114212	117222	115525	1497
114212	117222	115525	1497
114212	117222	115526	1497
114212	117222	115526	1497
114212	117222	115525	1497
114212	117222	115526	1497
114212	117222	115526	1497
114213	117222	115526	1497
114212	117223	115526	1497
114213	117223	115526	1497
114212	117222	115526	1497
114212	117223	115526	1497
114213	117223	115526	1497
114213	117223	115526	1497
114213	117223	115526	1497
114213	117223	115526	1497
114213	117223	115526	1497
114213	117223	115526	1497
114213	117223	115526	1497
114212	117223	115526	1497
114213	117223	115526	1497
114213	117223	115526	1497
114213	117223	115526	1497
114213	117223	115526	1497
114213	117224	115526	1497
114213	117223	115526	1497
114213	117223	115526	1497
114213	117224	115526	1497
114213	117224	115526	1497
114213	117223	115526	1497
114213	117224	115526	1497
114213	117223	115526	1497
114213	117224	115527	1497
114213	117224	115526	1497
114213	117224	115526	1497
114213	117224	115526	1497
114213	117224	115526	1497
114213	117224	115526	1497
114213	117224	115526	1497
114213	117224	115526	1497
114213	117224	115526	1497
114213	117224	115526	1497
114213	117224	115526	1497
114213	117224	115526	1497
114213	117224	115526	1497
114213	117224	115526	1497
114213	117224	115527	1497
114213	117224	115526	1497
114213	117224	115526	1497
114213	117224	115526	1497
114213	117224	115526	1497
114213	117225	115526	1497
114213	117224	115526	1497
114213	117224	115526	1497
114213	117225	115526	1497
114213	117224	115526	1497
114213	117224	115526	1497
112444	115218	113887	1474
109443	112235	110879	1398
103892	106690	105305	1385
100980	103764	102368	1389
98267	101046	99653	1391
95591	98350	97057	1392
89974	92734	91388	1395
86917	89723	88363	1394
84087	86940	85572	1396
78704	81492	80100	1395
75997	78804	77398	1395
73303	76055	74669	1394
67684	70430	69090	1396
64910	67720	66354	1394
62238	65027	63606	1394
56709	59503	58063	1394
53930	56657	55309	1394
51176	53959	52539	1394
45763	48524	47099	1394
42956	45693	44283	1394
39962	42728	41311	1394
34553	37307	35881	1393
31780	34600	33082	1394
28720	31522	30070	1394
26090	28779	27312	1393
20270	22988	21494	1393
17534	20260	18769	1394
14818	17550	16055	1394
9212	11924	10447	1394
6493	9166	7741	1394
3756	6485	4991	1394
609	3287	1769	1394
5	76	175	1396
7	78	175	1396
-1000	-1000	-1000	-1000
7	79	175	1395
7	79	175	1394
7	79	175	1394
7	79	175	1394
7	79	175	1394
7	80	175	1447
7	80	175	1551
7	79	176	1722
7	79	176	2115
7	80	177	2233
7	80	176	2352
7	79	175	2594
7	79	175	2708
7	79	175	2790
7	79	175	2833
7	80	175	2794
7	79	175	2780
7	79	175	2781
7	79	176	2781
7	79	176	2781
7	79	176	2782
466	395	260	2781
720	793	858	2781
991	1025	959	2783
1594	1623	1605	2781
1851	1894	1830	2781
2146	2140	2228	2781
2721	2697	2722	2781
2953	2958	2937	2781
3215	3218	3201	2780
3738	3751	3751	2781
4086	4037	4057	2780
4307	4322	4322	2780
4841	4844	4887	2780
5098	5102	5112	2780
5442	5399	5398	2781
5973	5934	5915	2781
6215	6221	6261	2780
6481	6484	6474	2780
7034	7054	7044	2781
7352	7338	7295	2780
7629	7616	7648	2781
7889	7886	7880	2780
8429	8434	8451	2780
8728	8723	8699	2779
9019	9002	9036	2780
9285	9282	9272	2780
9935	9872	9900	2782
10135	10161	10136	2780
10463	10448	10432	2780
10964	10997	10970	2780
11293	11267	11284	2780
11512	11523	11516	2780
12102	12078	12091	2780
12339	12379	12335	2780
12686	12663	12662	2779
13196	13220	13189	2780
13518	13466	13513	2780
13728	13772	13744	2780
14297	14304	14301	2780
14583	14580	14578	2780
14845	14838	14862	2779
15404	15408	15410	2779
15657	15655	15666	2779
15940	15947	15902	2780
16477	16495	16465	2780
16833	16819	16784	2780
17076	17088	17118	2779
17405	17411	17380	2778
17733	17705	17693	2779
18262	18292	18218	2779
18570	18556	18559	2779
18807	18819	18787	2780
19363	19367	19347	2780
19621	19640	19597	2779
19941	19945	19940	2779
20486	20510	20485	2779
20778	20782	20762	2781
21000	21043	21015	2780
21593	21602	21574	2779
21852	21916	21877	2779
22223	22214	22224	2780
22441	22484	22451	2780
23052	23059	23062	2780
23267	23310	23278	2779
23596	23617	23587	2779
24128	24156	24107	2779
24431	24427	24466	2779
24669	24714	24666	2779
25230	25252	25256	2779
25495	25532	25470	2778
25771	25744	25803	2779
26349	26353	26321	2779
26579	26613	26592	2779
26878	26896	26847	2779
27132	27164	27162	2779
27748	27746	27689	2780
27973	28001	27962	2780
28248	28282	28242	2779
28804	28854	28814	2779
29130	29160	29106	2780
29372	29397	29398	2780
29949	29947	29964	2780
30179	30219	30186	2779
30491	30505	30460	2780
30979	31043	30986	2780
31372	31377	31348	2780
31611	31631	31612	2780
31869	31904	31843	2779
32419	32478	32431	2780
32754	32775	32713	2779
33009	33050	33046	2780
33575	33591	33586	2779
33826	33863	33819	2779
34123	34137	34087	2778
34674	34694	34656	2779
35034	35048	35013	2779
35283	35310	35311	2779
35557	35598	35513	2779
35849	35879	35884	2779
36435	36455	36429	2778
36704	36734	36742	2779
36972	37028	37004	2778
37515	37556	37583	2778
37815	37825	37804	2779
38090	38108	38142	2779
38686	38689	38649	2779
38912	38950	38961	2779
39185	39199	39187	2780
39714	39779	39757	2779
40041	40065	40004	2779
40291	40303	40338	2779
40888	40857	40889	2780
41080	41157	41136	2780
41408	41459	41399	2780
41893	41984	41955	2779
42254	42266	42277	2779
42505	42559	42538	2779
42780	42820	42782	2779
43294	43350	43330	2779
43628	43657	43639	2780
43886	43933	43897	2779
44436	44479	44499	2780
44697	44759	44758	2779
45045	45062	45045	2779
45550	45577	45561	2779
45837	45912	45913	2780
46106	46170	46172	2780
46422	46453	46416	2778
46933	46983	46950	2780
47241	47291	47270	2780
47484	47551	47545	2779
48019	48098	48117	2780
48309	48348	48336	2779
48603	48663	48644	2779
49176	49230	49186	2779
49437	49491	49497	2779
49725	49782	49757	2778
50308	50329	50324	2779
50539	50652	50584	2779
50903	50918	50903	2779
51149	51190	51162	2780
51735	51739	51734	2780
51956	52046	51990	2780
52298	52324	52301	2779
52799	52878	52829	2778
53117	53138	53152	2780
53333	53433	53384	2779
53915	53955	53967	2778
54158	54225	54182	2778
54495	54515	54530	2779
55060	55080	55041	2778
55290	55350	55345	2779
55567	55602	55571	2780
55933	55949	55932	2779
56463	56487	56425	2779
56691	56760	56773	2779
56949	57025	56982	2780
57542	57609	57603	2779
57829	57862	57811	2779
58063	58149	58172	2779
58668	58712	58666	2779
58903	58964	58958	2779
59194	59238	59169	2780
59733	59804	59758	2779
60048	60103	60047	2779
60283	60344	60319	2779
60829	60903	60910	2780
61053	61168	61113	2779
61433	61503	61454	2780
61691	61761	61762	2778
62271	62351	62322	2779
62532	62591	62573	2778
62807	62875	62841	2779
63322	63417	63381	2779
63672	63729	63700	2780
63900	63981	63944	2778
64481	64562	64537	2780
64720	64808	64787	2778
65051	65124	65071	2780
65578	65663	65637	2779
65880	65947	65916	2778
66133	66225	66224	2778
66445	66488	66437	2779
66965	67059	67046	2779
67265	67344	67303	2779
67517	67596	67604	2779
68052	68123	68142	2779
68336	68426	68427	2780
68666	68732	68676	2780
69201	69279	69243	2779
69484	69552	69568	2780
69757	69846	69827	2779
70303	70380	70405	2779
70565	70661	70625	2779
70905	70962	70955	2780
71119	71218	71180	2779
71790	71845	71852	2780
71995	72112	72076	2779
72333	72394	72360	2779
72847	72907	72872	2780
73142	73242	73221	2778
73383	73470	73469	2779
73964	74045	74030	2779
74241	74309	74286	2778
74535	74623	74610	2779
74799	74874	74855	2778
75341	75412	75431	2779
75619	75681	75675	2778
75944	76007	75988	2779
76501	76549	76517	2778
76707	76823	76829	2779
77013	77077	77088	2778
77535	77621	77642	2779
77853	77893	77860	2779
78064	78172	78182	2778
78661	78748	78714	2779
78936	79006	79039	2778
79225	79315	79296	2778
79505	79565	79590	2780
80078	80149	80125	2780
80325	80420	80422	2780
80588	80697	80672	2780
81151	81250	81249	2779
81452	81553	81478	2779
81751	81832	81842	2780
82335	82408	82373	2780
82603	82675	82700	2779
82844	82954	82920	2779
83174	83254	83253	2779
83720	83793	83752	2780
83960	84059	84074	2780
84234	84347	84316	2780
84801	84916	84914	2780
85127	85177	85125	2780
85354	85479	85487	2780
85975	86030	85972	2780
86213	86318	86345	2780
86511	86589	86559	2779
87030	87123	87139	2780
87357	87444	87373	2780
87576	87679	87690	2780
88147	88271	88236	2780
88417	88518	88509	2780
88755	88814	88764	2781
89268	89361	89316	2781
89535	89652	89641	2781
89826	89903	89896	2781
90364	90466	90468	2781
90681	90771	90761	2781
90993	91078	91023	2781
91247	91303	91330	2781
91824	91904	91878	2781
92051	92162	92149	2781
92357	92448	92384	2781
92870	92977	92928	2781
93178	93269	93230	2781
93465	93553	93561	2781
93740	93838	93761	2781
94271	94407	94385	2781
94605	94673	94604	2781
95125	95218	95146	2781
95384	95458	95478	2781
95652	95780	95750	2781
95989	96035	95989	2781
96531	96607	96569	2781
96835	96924	96870	2781
97096	97197	97175	2781
97629	97748	97750	2781
97923	98032	98021	2781
98234	98312	98274	2781
98777	98828	98796	2781
99006	99127	99133	2781
99281	99377	99374	2781
99834	99923	99937	2781
100142	100190	100144	2781
100382	100472	100497	2781
100971	101030	100992	2782
101215	101288	101300	2782
101491	101563	101494	2781
101811	101897	101880	2782
102379	102442	102383	2781
102621	102690	102704	2782
102885	102970	102930	2781
103411	103525	103501	2782
103739	103813	103773	2782
103997	104057	104053	2782
104589	104672	104623	2782
104838	104920	104895	2781
105139	105208	105146	2782
105683	105741	105717	2782
105983	106033	106028	2782
106222	106278	106283	2781
106525	106553	106535	2781
107061	107112	107130	2782
107353	107407	107376	2781
107615	107663	107694	2782
107906	107972	107965	2781
108528	108582	108611	2781
108841	108879	108917	2782
109152	109183	109158	2782
109698	109714	109678	2781
109922	109971	110025	2782
110204	110261	110265	2782
110542	110558	110548	2782
111065	111088	111070	2782
111325	111364	111412	2782
111639	111684	111697	2782
112206	112216	112269	2782
112463	112529	112514	2782
112788	112833	112824	2782
113062	113101	113087	2782
113635	113682	113677	2782
113874	113947	113929	2782
114184	114252	114211	2782
114704	114779	114719	2784
114959	115074	115006	2785
115174	115332	115203	2808
115688	115840	115636	2833
115846	116066	115820	2849
116083	116270	115948	2868
116250	116495	116122	2885
116502	116929	116425	2926
116503	117124	116428	2934
116503	117388	116429	2944
116504	117422	116432	2952
116504	117423	116433	2953
116505	117424	116433	2953
116505	117426	116434	2953
116505	117426	116434	2953
116505	117426	116434	2953
116505	117427	116435	2953
116505	117427	116435	2953
116506	117427	116435	2953
116506	117428	116435	2953
116506	117428	116435	2953
116506	117428	116435	2954
116506	117428	116435	2954
116506	117428	116435	2954
116506	117429	116435	2953
116506	117428	116436	2954
116507	117429	116436	2954
116507	117429	116436	2954
116506	117429	116436	2954
116507	117429	116436	2954
116507	117429	116436	2953
116507	117430	116436	2954
116507	117429	116436	2953
116507	117429	116436	2953
116507	117430	116436	2954
116507	117430	116436	2953
116507	117430	116436	2953
116507	117430	116436	2954
116508	117430	116436	2954
116508	117430	116436	2954
116508	117430	116437	2954
116508	117430	116436	2954
116508	117430	116436	2953
116508	117430	116436	2954
116508	117430	116437	2954
116508	117430	116436	2954
116508	117430	116436	2954
116508	117430	116437	2954
116508	117430	116436	2954
116508	117430	116436	2954
116508	117431	116437	2954
116508	117431	116436	2954
116508	117431	116436	2954
116508	117431	116436	2953
116508	117430	116437	2954
116508	117431	116437	2954
116508	117431	116437	2954
116508	117431	116437	2954
116508	117431	116436	2954
116508	117431	116437	2954
116508	117431	116437	2954
116508	117431	116437	2954
116508	117431	116437	2954
116508	117431	116437	2953
116508	117431	116437	2954
116509	117432	116437	2954
116508	117431	116437	2954
116508	117431	116437	2954
116508	117431	116437	2954
116508	117431	116436	2954
116508	117431	116437	2954
116508	117432	116436	2954
116508	117431	116437	2954
116508	117432	116437	2954
116508	117432	116437	2954
116508	117432	116437	2954
116508	117431	116437	2954
116508	117432	116437	2954
116508	117432	116437	2954
116509	117432	116437	2954
116508	117432	116437	2954
116508	117432	116437	2954
116509	117432	116437	2954
116509	117432	116437	2954
116509	117432	116437	2954
116509	117432	116437	2954
116508	117432	116437	2954
116509	117432	116437	2954
116509	117432	116437	2954
116509	117433	116437	2954
116509	117432	116437	2954
116509	117432	116437	2954
116509	117432	116437	2954
116509	117432	116437	2954
116509	117432	116437	2954
116509	117432	116437	2954
116509	117432	116437	2954
116509	117433	116437	2953
116509	117433	116437	2954
116509	117432	116437	2954
116509	117433	116437	2954
116509	117433	116437	2954
116509	117432	116437	2954
116509	117433	116437	2954
116509	117433	116437	2954
116509	117432	116437	2954
116509	117432	116437	2954
116509	117432	116437	2954
116509	117433	116437	2954
116509	117432	116437	2954
114332	115710	114605	2928
111503	112405	111543	2771
108562	109713	108685	2719
103153	104234	103333	2791
100235	101377	100433	2786
97348	98460	97562	2785
94449	95601	94684	2784
88886	90040	89068	2781
86196	87268	86337	2780
83276	84365	83467	2779
77699	78736	77830	2782
74707	75766	74874	2781
71729	72760	71874	2781
66268	67303	66502	2780
63537	64579	63839	2780
60668	61700	60843	2780
55278	56222	55470	2779
52368	53354	52590	2779
49670	50595	49848	2780
46973	47943	47153	2780
41149	42053	41344	2781
38281	39227	38518	2780
35507	36475	35762	2780
32108	33061	32334	2780
26711	27580	26925	2781
23931	24911	24233	2780
21255	22148	21481	2780
15648	16579	15899	2780
12949	13842	13135	2780
10237	11150	10490	2780
4783	5735	5022	2780
2089	2957	2271	2780
11	269	186	2781
-1000	-1000	-1000	-1000
22	47	193	2786
23	49	193	2787
23	49	193	2786
24	49	193	2786
23	50	193	2786
23	50	193	2786
23	50	193	2857
24	50	193	3095
23	50	194	3303
23	50	194	3478
23	51	193	3735
24	51	193	3871
24	50	192	3975
24	51	192	4100
24	50	192	4248
24	50	192	4237
23	51	192	4189
24	51	192	4169
24	50	192	4169
24	50	192	4169
24	50	192	4168
45	57	200	4168
507	457	295	4168
1031	1051	968	4168
1329	1345	1372	4167
1588	1604	1620	4167
1861	1890	1837	4167
2380	2408	2394	4167
2725	2720	2737	4166
3003	2982	3007	4167
3576	3557	3592	4167
3802	3796	3833	4167
4120	4109	4092	4166
4641	4610	4637	4167
4948	4925	4933	4167
5189	5166	5210	4167
5740	5725	5759	4166
6008	5970	5994	4166
6317	6266	6317	4166
6863	6848	6859	4166
7137	7114	7163	4167
7397	7368	7399	4166
7722	7697	7699	4166
8245	8243	8231	4166
8546	8505	8562	4166
8803	8769	8790	4166
9361	9315	9343	4166
9585	9603	9596	4167
9940	9854	9908	4167
10464	10460	10444	4167
10762	10718	10718	4167
10975	11008	10987	4167
11585	11575	11577	4167
11837	11876	11843	4166
12171	12122	12164	4167
12723	12691	12686	4166
12972	12963	12961	4166
13215	13237	13232	4166
13768	13791	13798	4166
14104	14067	14069	4165
14334	14325	14359	4166
14889	14857	14922	4166
15139	15142	15161	4166
15475	15451	15428	4166
15699	15701	15761	4166
16268	16230	16290	4166
16521	16518	16534	4166
16826	16804	16784	4166
17340	17352	17336	4166
17662	17593	17670	4165
17895	17898	17896	4166
18477	18449	18485	4166
18718	18734	18726	4166
19056	18999	19039	4166
19600	19583	19560	4167
19851	19825	19868	4166
20097	20112	20089	4165
20683	20676	20668	4166
20954	20965	20941	4166
21235	21195	21269	4165
21483	21501	21503	4166
22088	22068	22083	4166
22321	22347	22329	4166
22666	22634	22685	4166
23199	23190	23183	4166
23432	23448	23480	4166
23723	23722	23695	4166
24226	24262	24286	4166
24580	24567	24528	4167
24815	24839	24875	4166
25377	25420	25423	4165
25617	25641	25674	4166
25933	25943	25915	4166
26209	26238	26280	4165
26827	26841	26817	4165
27059	27089	27106	4165
27356	27379	27370	4166
27920	27935	27942	4166
28213	28237	28224	4166
28491	28486	28504	4166
29064	29051	29068	4166
29305	29317	29324	4165
29574	29615	29589	4167
30080	30141	30121	4165
30432	30402	30429	4166
30638	30678	30680	4166
31233	31229	31258	4166
31453	31516	31507	4166
31798	31792	31798	4166
32302	32339	32307	4165
32574	32583	32623	4166
32804	32864	32865	4165
33361	33385	33404	4166
33668	33711	33661	4166
33921	33937	33982	4165
34485	34508	34515	4165
34725	34778	34779	4166
35036	35046	35039	4165
35548	35588	35557	4166
35802	35855	35884	4166
36104	36156	36153	4166
36421	36445	36431	4166
36946	36995	37018	4165
37254	37288	37276	4165
37497	37536	37587	4166
38036	38054	38134	4165
38316	38355	38363	4165
38619	38646	38650	4166
39160	39200	39194	4165
39444	39445	39508	4166
39667	39745	39766	4166
40250	40271	40332	4167
40510	40563	40542	4166
40829	40817	40894	4165
41081	41144	41141	4166
41677	41688	41765	4166
41911	41987	41974	4165
42275	42269	42295	4165
42782	42822	42791	4165
43070	43076	43126	4165
43284	43345	43337	4165
43862	43920	43887	4165
44163	44182	44189	4165
44451	44463	44516	4165
45040	45031	45034	4166
45260	45308	45349	4165
45533	45554	45548	4166
46047	46091	46127	4165
46409	46413	46405	4166
46633	46667	46705	4165
47204	47249	47264	4165
47459	47491	47521	4165
47784	47799	47795	4165
48025	48071	48118	4165
48617	48643	48648	4165
48844	48896	48930	4165
49163	49196	49176	4166
49674	49711	49726	4165
49970	50018	50024	4165
50208	50251	50267	4165
50786	50785	50827	4165
51034	51097	51084	4166
51386	51411	51396	4165
51881	51945	51927	4165
52189	52191	52232	4166
52434	52478	52499	4166
52753	52782	52777	4165
53278	53334	53344	4165
53618	53641	53655	4165
53888	53910	53959	4165
54468	54458	54539	4165
54691	54757	54780	4165
55038	55024	55040	4165
55557	55568	55579	4165
55825	55846	55901	4165
56079	56122	56139	4166
56400	56416	56394	4165
56909	56948	56949	4165
57190	57210	57259	4165
57474	57526	57558	4165
58024	58069	58145	4165
58303	58335	58354	4165
58583	58613	58650	4165
59166	59183	59153	4165
59393	59430	59501	4165
59657	59707	59716	4165
60203	60266	60281	4165
60517	60543	60520	4166
60763	60788	60864	4166
61321	61324	61389	4166
61575	61640	61647	4165
61882	61927	61903	4166
62395	62457	62458	4165
62730	62736	62770	4165
62949	63008	63022	4165
63529	63547	63592	4166
63749	63806	63818	4165
64100	64116	64124	4165
64622	64654	64632	4165
64894	64926	64976	4165
65140	65196	65217	4165
65465	65491	65497	4166
66026	66039	66052	4166
66282	66350	66361	4166
66529	66575	66640	4166
67101	67158	67211	4165
67402	67413	67428	4165
67664	67729	67753	4165
68256	68270	68266	4166
68481	68533	68603	4165
68779	68807	68838	4165
69332	69383	69430	4165
69646	69680	69660	4165
69885	69915	69988	4166
70476	70505	70515	4165
70719	70756	70790	4165
70992	71052	71054	4165
71493	71572	71584	4165
71849	71861	71893	4165
72080	72123	72130	4165
72365	72414	72414	4166
72919	72953	72979	4166
73221	73277	73266	4165
73478	73511	73535	4165
74054	74092	74105	4165
74304	74348	74362	4166
74853	74887	74921	4166
75125	75174	75167	4165
75428	75465	75488	4165
75685	75731	75761	4165
76254	76300	76359	4165
76521	76598	76600	4165
76822	76871	76854	4165
77383	77415	77399	4165
77657	77694	77732	4166
77913	77982	78001	4165
78471	78515	78565	4165
78754	78789	78782	4166
79022	79036	79107	4165
79620	79617	79624	4165
79861	79886	79927	4165
80126	80176	80184	4165
80464	80494	80506	4165
81018	81061	81047	4165
81294	81325	81380	4166
81549	81607	81604	4165
81887	81907	81922	4165
82391	82448	82440	4165
82695	82722	82776	4165
82942	83003	83020	4165
83544	83560	83591	4165
83776	83833	83830	4165
84121	84155	84163	4165
84651	84689	84666	4165
84898	84957	84988	4165
85158	85198	85216	4166
85704	85771	85788	4166
86019	86035	86009	4166
86277	86304	86361	4165
86858	86895	86869	4165
87079	87121	87172	4165
87386	87421	87372	4165
87900	87942	87940	4165
88183	88251	88232	4165
88437	88500	88504	4166
88989	89066	89089	4165
89286	89334	89312	4166
89563	89631	89630	4166
90122	90163	90139	4166
90380	90441	90470	4166
90650	90695	90710	4166
91218	91262	91291	4166
91482	91560	91526	4166
91803	91829	91858	4165
92019	92095	92106	4166
92597	92628	92654	4165
92853	92924	92904	4166
93145	93205	93208	4166
93708	93757	93718	4166
93956	94001	94031	4166
94216	94283	94249	4166
94777	94837	94863	4166
95105	95154	95094	4165
95342	95384	95419	4166
95926	95978	95974	4166
96165	96255	96248	4165
96491	96529	96503	4165
97019	97088	97041	4166
97301	97381	97358	4166
97556	97633	97645	4165
98089	98163	98191	4165
98379	98462	98440	4165
98654	98737	98703	4165
98936	99007	99036	4166
99479	99531	99581	4165
99736	99827	99835	4166
100079	100123	100103	4166
100588	100651	100636	4165
100879	100918	100962	4166
101120	101201	101207	4166
101688	101730	101785	4165
101965	102026	102018	4166
102261	102283	102330	4166
102836	102877	102856	4166
103081	103120	103175	4166
103321	103402	103420	4166
103883	103966	103974	4166
104204	104232	104222	4166
104454	104493	104551	4166
105029	105060	105082	4166
105275	105351	105352	4166
105595	105628	105635	4166
105838	105903	105958	4166
106456	106487	106498	4166
106692	106752	106794	4166
107005	107017	107048	4166
107508	107569	107615	4166
107842	107877	107870	4165
108090	108154	108213	4165
108387	108441	108482	4166
108953	109010	109039	4166
109249	109293	109320	4166
109507	109561	109608	4166
110115	110153	110139	4166
110373	110398	110477	4166
110644	110705	110759	4166
111005	111026	111026	4166
111502	111553	111580	4166
111818	111819	111906	4166
112077	112127	112179	4166
112643	112663	112762	4166
112882	112947	112967	4166
113189	113220	113292	4166
113764	113790	113783	4166
114012	114040	114117	4166
114258	114329	114362	4166
114558	114597	114647	4166
115167	115180	115207	4165
115423	115500	115540	4166
115680	115748	115773	4167
116237	116308	116266	4172
116518	116572	116470	4185
116743	116907	116810	4197
117011	117168	117018	4217
117479	117638	117495	4236
117643	117877	117535	4246
117909	118090	117536	4259
118337	118521	117535	4287
118502	118773	117535	4307
118535	118808	117535	4322
118540	118810	117535	4323
118541	118810	117535	4323
118542	118810	117535	4323
118543	118811	117535	4323
118544	118811	117535	4324
118544	118812	117536	4324
118545	118812	117535	4324
118545	118812	117535	4324
118546	118812	117535	4324
118547	118813	117535	4324
118547	118812	117536	4324
118547	118813	117535	4325
118548	118813	117535	4324
118548	118813	117535	4325
118548	118813	117536	4325
118549	118813	117536	4325
118549	118813	117535	4325
118549	118813	117535	4325
118550	118813	117536	4325
118549	118814	117535	4325
118550	118813	117536	4325
118550	118813	117536	4325
118550	118813	117536	4325
118551	118813	117535	4325
118551	118813	117535	4325
118551	118814	117536	4325
118551	118813	117536	4325
118551	118813	117535	4325
118552	118814	117536	4325
118552	118814	117536	4325
118552	118814	117536	4325
118552	118814	117535	4325
118552	118814	117536	4326
118552	118814	117536	4326
118552	118814	117535	4326
118553	118814	117535	4325
118553	118814	117535	4325
118553	118814	117536	4325
118553	118814	117536	4326
118553	118814	117536	4325
118553	118814	117536	4326
118553	118814	117535	4325
118553	118814	117536	4326
118553	118814	117536	4326
118553	118814	117536	4325
118553	118814	117536	4325
118553	118814	117536	4326
118554	118814	117535	4326
118553	118814	117536	4325
118554	118814	117536	4325
118553	118814	117536	4325
118554	118814	117536	4325
118553	118814	117536	4326
118554	118815	117536	4326
118554	118815	117536	4326
118554	118815	117535	4326
118554	118814	117536	4326
118554	118815	117536	4326
118554	118815	117536	4325
118554	118815	117536	4326
118554	118815	117536	4325
118554	118815	117536	4325
118554	118815	117536	4326
118554	118815	117536	4326
118554	118815	117536	4325
118554	118815	117536	4325
118555	118815	117536	4326
118554	118815	117536	4325
118554	118815	117535	4326
118554	118815	117536	4325
118554	118815	117536	4326
118555	118815	117536	4326
118555	118815	117536	4326
118554	118815	117536	4326
118554	118815	117536	4325
118555	118815	117536	4326
118554	118815	117536	4326
118555	118815	117536	4326
118555	118815	117536	4326
118555	118815	117536	4325
118555	118815	117536	4326
118555	118815	117536	4326
118555	118815	117536	4325
118555	118815	117535	4325
118555	118815	117536	4326
118555	118815	117536	4326
118555	118815	117536	4326
118555	118815	117536	4326
118555	118815	117536	4326
118555	118815	117536	4326
118555	118815	117536	4326
118555	118815	117536	4326
118555	118815	117536	4326
118555	118815	117536	4326
118555	118815	117536	4326
118555	118815	117536	4326
118555	118815	117535	4326
118555	118815	117536	4326
118556	118815	117535	4326
118555	118815	117536	4326
113624	113888	112549	4172
110687	111114	109748	4128
108068	108432	107012	4175
102602	102968	101616	4168
99902	100240	98858	4169
97201	97504	96183	4170
94436	94808	93408	4169
88275	88593	87302	4167
85398	85745	84427	4166
82708	82980	81706	4168
79796	80150	78760	4168
74189	74526	73136	4167
71443	71822	70438	4167
68725	69064	67716	4166
63280	63687	62239	4167
60390	60698	59435	4167
57460	57851	56520	4166
51887	52209	50944	4166
49064	49308	48039	4166
46120	46379	45122	4167
43191	43527	42186	4166
37421	37724	36460	4166
34503	34795	33610	4166
31799	32059	30811	4166
28716	28960	27786	4166
23256	23505	22358	4166
20445	20726	19526	4166
17685	17941	16720	4166
12009	12320	11094	4166
9331	9649	8417	4166
6263	6531	5326	4166
804	1145	272	4166
19	43	141	4170
-1000	-1000	-1000	-1000
21	47	142	4171
24	47	142	4171
26	49	143	4168
26	50	143	4169
26	49	143	4169
26	50	142	4248
26	51	143	4347
26	51	143	4567
26	51	143	4793
26	51	143	5062
26	51	143	5172
26	51	143	5288
26	51	143	5384
27	51	143	5680
26	51	143	5740
26	51	143	5722
26	51	142	5651
26	51	143	5652
26	51	142	5653
26	51	142	5657
26	51	143	5656
54	60	167	5656
534	509	269	5656
1066	1087	1005	5657
1367	1403	1363	5657
1630	1633	1692	5657
2218	2207	2263	5658
2472	2473	2510	5658
2734	2760	2740	5658
3074	3032	3090	5658
3650	3640	3627	5658
3907	3895	3958	5658
4149	4158	4165	5659
4500	4465	4486	5659
5022	5018	5011	5659
5291	5278	5337	5660
5561	5580	5613	5660
6110	6131	6157	5660
6406	6404	6395	5660
6659	6653	6705	5660
7319	7297	7265	5660
7536	7544	7618	5660
7816	7839	7804	5660
8130	8104	8141	5660
8669	8671	8637	5660
8924	8929	8976	5660
9176	9196	9203	5661
9738	9757	9756	5661
10029	10025	10012	5660
10308	10280	10322	5660
10904	10852	10877	5660
11109	11120	11124	5661
11398	11408	11381	5661
11898	11931	11924	5660
12243	12216	12229	5661
12470	12495	12481	5661
13019	13035	13058	5661
13253	13290	13290	5661
13610	13579	13594	5661
14141	14155	14141	5660
14456	14451	14489	5661
14683	14712	14734	5661
15247	15264	15301	5661
15528	15539	15513	5661
15828	15842	15871	5661
16077	16090	16125	5661
16645	16674	16728	5661
16933	16942	16948	5661
17221	17248	17248	5661
17781	17802	17771	5660
18037	18012	18095	5661
18325	18368	18350	5661
18895	18907	18921	5661
19145	19186	19170	5661
19456	19455	19486	5661
19721	19740	19750	5661
20278	20269	20289	5661
20514	20563	20552	5661
20870	20853	20883	5661
21379	21429	21409	5660
21669	21646	21713	5661
21887	21959	21952	5661
22463	22489	22515	5661
22741	22777	22771	5661
23032	23058	23103	5661
23632	23632	23620	5661
23861	23890	23936	5661
24150	24166	24136	5661
24664	24705	24725	5661
24987	24991	24971	5661
25217	25241	25307	5661
25765	25735	25829	5661
26013	26090	26074	5661
26310	26334	26344	5661
26865	26876	26869	5661
27105	27168	27208	5661
27390	27434	27459	5661
27941	27977	28001	5661
28231	28268	28257	5661
28480	28512	28561	5661
29064	29083	29090	5661
29300	29326	29382	5661
29579	29634	29615	5661
30105	30179	30194	5661
30451	30458	30464	5661
30703	30726	30781	5661
31267	31268	31330	5661
31487	31542	31586	5661
31811	31835	31827	5661
32315	32382	32365	5661
32600	32607	32693	5661
32844	32923	32947	5662
33418	33435	33514	5661
33687	33742	33714	5661
33991	33996	34061	5661
34227	34281	34312	5662
34802	34854	34903	5661
35089	35102	35129	5662
35353	35381	35411	5661
35922	35943	35940	5661
36157	36201	36263	5661
36445	36474	36502	5661
36989	37041	37097	5661
37289	37303	37308	5661
37551	37587	37694	5662
38119	38120	38191	5661
38370	38418	38471	5661
38683	38689	38690	5661
39179	39223	39268	5661
39491	39489	39546	5661
39727	39771	39834	5661
40344	40350	40445	5662
40580	40628	40684	5662
40928	40898	40948	5662
41158	41175	41245	5662
41751	41738	41828	5662
41974	42016	42071	5662
42299	42303	42339	5661
42811	42852	42894	5661
43139	43142	43183	5661
43417	43432	43505	5661
43970	43986	44056	5662
44233	44244	44310	5661
44567	44566	44595	5661
45083	45083	45118	5662
45362	45374	45444	5662
45642	45640	45732	5662
45973	45973	45985	5662
46486	46510	46564	5662
46799	46783	46830	5661
47036	47049	47129	5661
47587	47597	47668	5661
47865	47880	47956	5661
48183	48165	48184	5661
48709	48743	48733	5661
49033	48994	49073	5661
49246	49291	49327	5662
49826	49820	49886	5662
50073	50123	50118	5662
50424	50369	50456	5662
50623	50673	50697	5662
51205	51196	51272	5661
51462	51514	51512	5661
51808	51752	51832	5661
52334	52341	52347	5662
52596	52589	52668	5662
52832	52878	52898	5662
53381	53421	53454	5662
53705	53695	53696	5661
53979	53991	54092	5662
54563	54540	54584	5662
54800	54817	54882	5662
55106	55098	55122	5662
55616	55612	55693	5661
55945	55930	55952	5661
56169	56190	56250	5661
56762	56779	56827	5661
57008	57030	57081	5661
57324	57317	57323	5662
57560	57585	57646	5662
58158	58157	58209	5662
58414	58421	58473	5661
58720	58725	58712	5661
59240	59249	59275	5662
59536	59519	59580	5662
59803	59802	59852	5661
60374	60354	60447	5661
60619	60644	60684	5662
60941	60914	60966	5661
61458	61487	61496	5661
61743	61734	61820	5661
61995	62007	62066	5661
62304	62303	62330	5662
62834	62870	62907	5662
63191	63151	63219	5662
63417	63417	63476	5662
64003	63984	64058	5662
64251	64275	64330	5662
64589	64564	64597	5661
65088	65114	65120	5661
65409	65379	65458	5662
65633	65663	65721	5662
66222	66216	66297	5661
66483	66491	66546	5662
66794	66779	66828	5662
67039	67059	67122	5662
67598	67618	67699	5661
67888	67881	67950	5662
68235	68216	68240	5661
68468	68476	68566	5661
69042	69051	69125	5662
69310	69324	69388	5662
69643	69641	69659	5662
70185	70178	70226	5662
70521	70507	70535	5662
70770	70745	70809	5662
71033	71084	71102	5662
71609	71600	71636	5662
71889	71895	71927	5662
72171	72150	72198	5662
72760	72748	72780	5662
73016	72981	73054	5661
73268	73293	73299	5661
73797	73810	73857	5662
74146	74106	74149	5662
74388	74364	74445	5661
74966	74910	75023	5662
75201	75198	75268	5662
75538	75476	75535	5661
76044	76023	76060	5661
76294	76275	76376	5662
76552	76565	76630	5661
76865	76839	76865	5662
77413	77406	77441	5662
77671	77654	77747	5662
77949	77947	78026	5662
78529	78516	78638	5662
78813	78793	78879	5662
79132	79066	79164	5662
79673	79648	79689	5662
79940	79901	80018	5662
80190	80197	80256	5662
80757	80731	80818	5662
81024	81021	81061	5661
81306	81262	81385	5662
81873	81807	81918	5662
82115	82093	82158	5661
82388	82390	82409	5661
82917	82905	82985	5661
83247	83176	83273	5662
83507	83479	83571	5662
84085	84037	84143	5662
84327	84302	84394	5661
84655	84619	84654	5662
84909	84879	84986	5661
85504	85445	85517	5662
85723	85689	85824	5662
86031	86003	86038	5662
86549	86527	86626	5662
86858	86814	86878	5662
87090	87065	87186	5662
87636	87618	87720	5662
87920	87878	87977	5662
88211	88172	88245	5662
88765	88723	88768	5661
88991	88989	89105	5661
89280	89247	89324	5662
89814	89798	89890	5662
90115	90082	90145	5662
90633	90611	90691	5662
90919	90880	90978	5662
91129	91125	91231	5662
91700	91680	91776	5661
91955	91965	92012	5662
92248	92219	92329	5662
92824	92799	92842	5662
93091	93087	93171	5662
93335	93354	93387	5662
93873	93892	93978	5662
94197	94174	94202	5661
94444	94439	94543	5662
94991	94953	95069	5662
95229	95247	95332	5662
95572	95550	95591	5662
95827	95835	95933	5661
96397	96387	96458	5662
96652	96653	96757	5662
96972	96961	96971	5662
97526	97503	97588	5662
97812	97804	97843	5662
98053	98049	98136	5662
98595	98592	98675	5662
98872	98848	98949	5662
99191	99175	99204	5662
99723	99723	99792	5661
100010	99968	100068	5662
100275	100250	100351	5662
100584	100570	100596	5662
101114	101116	101194	5662
101436	101379	101437	5662
101679	101635	101758	5662
102231	102175	102295	5662
102457	102482	102538	5662
102830	102766	102838	5662
103310	103333	103372	5662
103638	103562	103688	5662
103844	103867	103920	5662
104462	104437	104535	5662
104714	104717	104740	5662
105024	104968	105062	5662
105267	105260	105302	5662
105845	105833	105921	5662
106109	106102	106153	5662
106425	106370	106445	5662
106988	106949	106964	5662
107213	107208	107312	5662
107518	107497	107582	5662
108074	108065	108143	5662
108374	108344	108382	5661
108652	108626	108695	5662
108932	108891	108974	5662
109479	109486	109552	5662
109768	109737	109807	5662
110304	110267	110353	5662
110594	110571	110602	5662
110850	110819	110922	5661
111442	111367	111471	5662
111673	111639	111729	5662
111958	111932	111986	5661
112475	112469	112519	5662
112793	112724	112827	5662
113034	113011	113080	5662
113586	113559	113644	5662
113835	113837	113892	5661
114205	114162	114216	5662
114440	114436	114480	5662
115001	114969	115040	5662
115258	115229	115296	5662
115555	115535	115572	5662
116099	116088	116110	5662
116345	116338	116380	5662
116607	116593	116590	5664
117097	117153	117113	5677
117360	117439	117344	5691
117597	117697	117579	5689
118177	118277	118202	5679
118280	118563	118228	5677
118280	118824	118228	5675
118280	119358	118229	5674
118280	119662	118229	5674
118280	119905	118229	5675
118279	120451	118229	5676
118279	120719	118229	5677
118279	120996	118230	5680
118280	121267	118229	5684
118280	121786	118229	5692
118280	122053	118229	5697
118279	122278	118230	5700
118280	122810	118231	5707
118280	123087	118232	5710
118280	123308	118232	5713
118280	123676	118231	5720
118280	123676	118232	5720
118280	123677	118232	5721
118280	123678	118232	5723
118280	123679	118233	5724
118280	123679	118233	5724
118280	123680	118233	5724
118280	123681	118233	5724
118279	123682	118233	5724
118280	123683	118233	5724
118280	123684	118233	5724
118280	123684	118233	5725
118280	123685	118233	5725
118279	123684	118233	5725
118279	123685	118233	5725
118279	123686	118233	5725
118280	123686	118233	5725
118280	123686	118233	5725
118280	123686	118233	5725
118279	123686	118233	5725
118279	123686	118233	5725
118279	123686	118233	5725
118280	123686	118234	5725
118279	123686	118233	5725
118279	123686	118234	5726
118279	123686	118233	5726
118279	123686	118233	5726
118280	123686	118234	5726
118279	123686	118234	5726
118279	123686	118234	5726
118280	123687	118234	5726
118279	123687	118234	5726
118280	123688	118234	5726
118280	123688	118234	5727
118279	123689	118234	5727
118280	123689	118234	5727
118280	123690	118234	5727
118279	123691	118234	5727
118279	123691	118233	5726
118279	123691	118234	5726
118280	123692	118234	5726
118279	123692	118234	5727
118280	123692	118234	5727
118279	123692	118234	5727
118279	123693	118234	5727
118279	123693	118234	5727
118279	123693	118234	5727
118279	123693	118234	5727
118279	123693	118234	5728
118279	123692	118234	5727
118279	123693	118234	5728
118279	123693	118234	5728
118279	123693	118234	5728
118279	123693	118234	5728
118279	123693	118234	5728
118279	123693	118235	5728
118279	123693	118234	5729
118279	123693	118235	5730
118279	123693	118235	5730
118279	123693	118236	5730
118279	123693	118236	5730
118279	123693	118236	5731
118279	123693	118236	5730
118279	123693	118236	5731
118279	123693	118236	5730
118279	123693	118236	5731
118279	123693	118236	5731
118279	123693	118236	5730
118279	123693	118236	5731
118279	123693	118236	5731
118279	123693	118236	5731
118279	123693	118237	5731
118279	123693	118237	5731
118279	123693	118237	5731
118279	123693	118237	5731
118279	123693	118238	5731
118279	123693	118238	5732
118279	123693	118238	5732
118279	123694	118238	5732
118279	123694	118238	5732
118279	123694	118238	5732
118279	123694	118238	5732
118279	123694	118238	5732
118279	123694	118238	5732
118279	123694	118238	5732
118279	123694	118238	5732
118279	123695	118238	5732
118279	123695	118238	5732
118279	123694	118238	5732
118279	123695	118238	5732
118279	123695	118238	5732
118279	123695	118238	5732
118279	123695	118238	5732
118279	123695	118238	5732
118279	123695	118238	5732
118279	123695	118238	5732
118279	123695	118238	5732
118279	123695	118238	5732
118279	123695	118238	5732
118279	123695	118238	5732
118279	123695	118238	5732
115448	121233	115559	5695
112968	118432	113017	5635
110063	115659	110107	5639
104466	110053	104494	5640
101631	107141	101581	5642
98720	104292	98690	5642
93081	98703	93134	5640
90387	95998	90306	5642
87494	93011	87420	5642
84589	90210	84576	5642
79006	84576	78940	5640
76306	81860	76214	5640
73562	79143	73496	5640
68112	73673	68102	5638
65468	70967	65299	5640
62192	67664	62157	5639
59327	64745	59317	5637
53851	59297	53837	5640
51167	56560	51132	5642
48113	53528	48035	5639
42738	48080	42582	5639
39984	45374	39891	5642
37286	42631	37123	5639
34355	39753	34250	5640
28569	33987	28408	5640
25680	31051	25534	5641
22951	28313	22805	5639
17342	22767	17199	5639
14410	19862	14302	5639
11558	16930	11421	5639
8857	14240	8718	5640
2850	8275	2788	5639
312	5500	328	5639
8	2793	132	5640
15	51	133	5640
15	52	134	5642
16	53	134	5639
-1000	-1000	-1000	-1000
16	53	134	5639
16	53	133	5639
16	53	133	5639
16	53	134	5639
16	53	134	5639
16	53	133	5639
16	54	134	5698
16	54	134	5787
16	54	134	6170
16	54	135	6335
16	54	134	6476
16	54	133	6695
16	54	134	6817
16	54	133	7012
16	54	134	7121
16	54	134	7106
16	53	133	7063
16	53	134	7074
16	54	133	7075
16	54	134	7076
16	53	134	7075
41	64	159	7076
537	433	225	7075
708	792	907	7076
1321	1330	1387	7075
1636	1633	1642	7076
1914	1925	1909	7075
2234	2196	2280	7074
2494	2477	2498	7074
3136	3075	3121	7074
3374	3352	3390	7074
3664	3658	3648	7075
3921	3896	3954	7075
4530	4488	4503	7075
4763	4748	4808	7075
5027	5024	5028	7075
5622	5626	5660	7076
5935	5894	5888	7075
6181	6179	6245	7075
6776	6720	6769	7076
7031	7036	7051	7075
7317	7303	7285	7075
7603	7575	7653	7074
8167	8141	8161	7075
8437	8441	8489	7075
8704	8702	8707	7076
9234	9243	9254	7075
9565	9559	9562	7075
9869	9824	9863	7075
10430	10363	10411	7075
10629	10650	10661	7075
10925	10931	10930	7075
11439	11443	11458	7075
11755	11746	11792	7074
11981	11990	12012	7074
12555	12557	12592	7075
12794	12797	12828	7075
13089	13105	13143	7076
13645	13652	13637	7076
13967	13955	14008	7076
14199	14209	14246	7076
14545	14536	14544	7075
15050	15055	15058	7075
15320	15338	15405	7075
15599	15596	15643	7075
16141	16152	16219	7075
16428	16433	16422	7075
16687	16705	16769	7075
17296	17301	17285	7076
17539	17538	17604	7077
17805	17845	17843	7076
18184	18143	18165	7076
18681	18701	18700	7076
18981	18968	19015	7076
19208	19242	19270	7075
19780	19787	19828	7075
20046	20072	20040	7075
20341	20305	20367	7076
20894	20887	20914	7076
21145	21144	21175	7077
21394	21428	21420	7076
21925	21965	21973	7076
22291	22300	22307	7075
22565	22550	22612	7075
23127	23104	23143	7075
23362	23403	23426	7075
23670	23681	23657	7075
24171	24199	24214	7075
24493	24470	24513	7076
24728	24763	24808	7075
25033	25030	25008	7075
25581	25599	25645	7076
25907	25869	25914	7075
26117	26163	26178	7075
26650	26687	26745	7075
26938	26938	26981	7076
27244	27234	27253	7076
27785	27781	27733	7075
28056	28065	28149	7076
28315	28351	28361	7076
28867	28900	28943	7075
29174	29194	29202	7076
29438	29455	29532	7075
30013	30013	30033	7075
30276	30284	30355	7075
30527	30565	30574	7075
31069	31116	31166	7076
31391	31410	31411	7075
31661	31689	31743	7075
32219	32235	32264	7075
32435	32494	32557	7075
32757	32792	32751	7075
33275	33315	33338	7076
33543	33591	33617	7076
33795	33872	33916	7075
34352	34416	34462	7074
34640	34662	34697	7075
34898	34969	35004	7075
35163	35236	35278	7075
35714	35782	35846	7076
36014	36047	36059	7075
36282	36375	36388	7075
36859	36902	36902	7075
37093	37157	37216	7076
37375	37412	37451	7076
37908	37961	38008	7076
38227	38259	38257	7076
38475	38519	38593	7076
39034	39093	39109	7076
39289	39348	39380	7075
39590	39646	39627	7076
40116	40181	40217	7075
40449	40507	40498	7075
40683	40733	40804	7076
41237	41287	41347	7076
41480	41565	41592	7076
41810	41868	41867	7076
42083	42124	42186	7075
42680	42722	42742	7076
42890	42981	42999	7076
43209	43266	43238	7075
43731	43840	43829	7075
44069	44128	44149	7076
44310	44377	44399	7076
44877	44927	44991	7075
45117	45217	45246	7075
45436	45494	45486	7075
45970	46012	46021	7076
46229	46308	46356	7076
46492	46580	46620	7075
47048	47121	47185	7075
47340	47387	47412	7075
47592	47659	47703	7076
48161	48227	48209	7076
48416	48476	48551	7076
48721	48779	48798	7076
49007	49064	49096	7075
49584	49637	49622	7076
49825	49887	49956	7076
50388	50433	50481	7076
50605	50715	50733	7076
50949	51006	50962	7076
51432	51527	51525	7075
51786	51817	51867	7076
51989	52083	52103	7076
52560	52621	52704	7077
52809	52930	52929	7076
53191	53242	53245	7075
53416	53510	53541	7075
53963	54051	54112	7076
54208	54311	54342	7076
54604	54662	54654	7076
55133	55195	55227	7075
55425	55494	55516	7075
55655	55740	55788	7075
55999	56042	56053	7075
56520	56605	56637	7076
56818	56882	56873	7075
57058	57143	57194	7076
57616	57708	57734	7076
57915	57988	58049	7076
58211	58275	58262	7076
58748	58806	58846	7077
59020	59106	59121	7076
59287	59368	59422	7076
59848	59923	59989	7076
60104	60209	60232	7076
60405	60491	60500	7077
60650	60742	60816	7076
61226	61285	61382	7076
61486	61606	61625	7076
61811	61894	61897	7075
62354	62449	62466	7075
62655	62715	62780	7076
62908	63033	63067	7076
63488	63573	63641	7077
63728	63825	63864	7077
64052	64142	64164	7076
64608	64678	64675	7076
64842	64941	65011	7076
65108	65211	65267	7076
65453	65537	65543	7076
66026	66090	66169	7076
66286	66415	66399	7076
66534	66645	66723	7076
67100	67213	67268	7076
67419	67489	67558	7075
67672	67793	67795	7076
68249	68315	68345	7076
68477	68575	68645	7075
68764	68854	68911	7077
69027	69151	69163	7076
69628	69704	69724	7076
69868	69970	70028	7076
70158	70240	70304	7076
70685	70779	70854	7076
70984	71085	71093	7077
71271	71343	71417	7076
71838	71917	71930	7075
72067	72174	72229	7075
72354	72443	72464	7076
72897	73002	73037	7076
73193	73304	73307	7076
73451	73537	73607	7076
73735	73860	73867	7076
74339	74447	74514	7076
74629	74698	74737	7076
74887	74971	75035	7076
75493	75561	75562	7076
75748	75851	75937	7075
76039	76113	76182	7075
76347	76441	76453	7075
76928	76995	77040	7076
77168	77296	77327	7075
77438	77541	77609	7075
77997	78103	78164	7075
78303	78349	78420	7076
78548	78673	78694	7076
78853	78955	79035	7076
79419	79469	79572	7076
79717	79826	79852	7075
80036	80125	80135	7076
80569	80654	80689	7076
80820	80944	80961	7076
81108	81206	81268	7076
81656	81744	81808	7075
81927	82025	82053	7076
82218	82323	82350	7076
82452	82562	82617	7076
83069	83125	83221	7076
83315	83448	83472	7076
83654	83725	83740	7075
84208	84306	84341	7075
84494	84587	84618	7075
84747	84859	84908	7075
85091	85146	85153	7074
85594	85683	85726	7076
85892	85968	85968	7076
86455	86502	86492	7076
86685	86780	86851	7076
86959	87029	87104	7075
87278	87351	87374	7076
87849	87905	87945	7075
88117	88246	88250	7075
88385	88497	88544	7075
88707	88777	88784	7075
89250	89330	89353	7076
89503	89627	89657	7076
89760	89879	89912	7077
90340	90431	90493	7075
90620	90700	90736	7075
90904	91009	91000	7076
91459	91544	91533	7075
91720	91774	91851	7076
91956	92061	92091	7075
92526	92627	92673	7076
92834	92902	92902	7076
93083	93170	93213	7075
93672	93761	93736	7076
93911	93991	94061	7076
94202	94286	94287	7076
94732	94818	94864	7077
95006	95110	95098	7076
95262	95349	95410	7075
95835	95921	95965	7076
96095	96193	96248	7075
96439	96507	96507	7075
96691	96795	96840	7076
97267	97371	97377	7076
97530	97625	97668	7075
97847	97915	97933	7076
98369	98469	98492	7075
98656	98746	98733	7076
98918	99002	99062	7076
99467	99563	99609	7077
99737	99848	99861	7076
100043	100129	100113	7075
100580	100649	100654	7076
100870	100960	100979	7075
101135	101248	101278	7075
101454	101532	101476	7075
101970	102071	102084	7076
102262	102363	102357	7076
102493	102628	102633	7075
103056	103152	103206	7075
103314	103444	103448	7075
103635	103731	103738	7076
104182	104274	104246	7075
104442	104565	104596	7075
104699	104824	104814	7075
105251	105381	105364	7075
105551	105640	105637	7075
105820	105942	105976	7075
106375	106497	106480	7076
106626	106763	106774	7076
106927	107005	106986	7075
107178	107332	107337	7075
107797	107893	107870	7076
108037	108167	108187	7075
108357	108447	108459	7076
108608	108752	108724	7076
109245	109330	109329	7076
109477	109615	109614	7076
109763	109867	109900	7076
110319	110428	110477	7076
110611	110728	110740	7077
110880	111005	111009	7076
111445	111547	111533	7076
111737	111822	111896	7076
111993	112140	112157	7076
112322	112416	112388	7076
112869	112954	112970	7075
113165	113274	113297	7076
113426	113552	113553	7075
113986	114079	114115	7076
114248	114357	114371	7076
114573	114685	114670	7076
115149	115217	115233	7076
115393	115519	115531	7075
115650	115778	115783	7076
116224	116322	116337	7076
116532	116592	116579	7075
116775	116915	116877	7075
117038	117169	117096	7075
117590	117756	117626	7075
117870	118013	117812	7077
118078	118314	118159	7091
118585	118896	118625	7091
118931	119160	118670	7090
119212	119443	118670	7090
119433	119729	118671	7090
119921	120314	118671	7091
120052	120621	118671	7091
120053	120860	118671	7090
120057	121388	118671	7090
120058	121685	118671	7090
120060	121962	118671	7089
120066	122227	118671	7088
120073	122807	118671	7088
120073	123106	118671	7089
120074	123382	118671	7089
120075	123906	118672	7092
120075	124179	118671	7094
120075	124458	118672	7096
120075	124946	118672	7102
120075	125191	118672	7105
120075	125449	118672	7107
120076	125774	118674	7109
120075	125774	118674	7109
120076	125774	118675	7109
120075	125775	118675	7109
120075	125776	118675	7109
120076	125776	118675	7108
120075	125776	118675	7109
120076	125777	118675	7109
120076	125777	118675	7109
120076	125778	118675	7109
120076	125778	118675	7109
120075	125778	118675	7109
120075	125778	118675	7109
120076	125778	118676	7109
120076	125778	118675	7109
120075	125779	118675	7109
120075	125779	118676	7109
120075	125779	118675	7109
120076	125778	118676	7109
120075	125779	118675	7110
120075	125779	118676	7110
120075	125779	118676	7110
120076	125778	118676	7110
120076	125779	118676	7110
120076	125779	118676	7110
120075	125779	118676	7110
120076	125779	118676	7110
120076	125780	118676	7110
120075	125780	118676	7110
120075	125781	118676	7110
120075	125781	118675	7110
120075	125782	118676	7110
120076	125783	118676	7111
120076	125783	118676	7111
120076	125783	118676	7111
120076	125783	118676	7111
120076	125783	118676	7111
120075	125786	118708	7111
120075	125788	118709	7111
120076	125789	118709	7111
120075	125791	118709	7111
120075	125792	118709	7111
120075	125792	118709	7112
120075	125793	118709	7111
120075	125793	118709	7112
120075	125794	118709	7111
120076	125793	118709	7111
120075	125794	118709	7111
120075	125794	118709	7112
120075	125794	118709	7112
120075	125795	118709	7111
120076	125795	118709	7112
120076	125795	118709	7111
120075	125795	118709	7112
120075	125795	118709	7112
120075	125795	118709	7111
120075	125795	118709	7111
120075	125795	118709	7111
120075	125795	118709	7111
120075	125796	118709	7111
120075	125796	118709	7112
120075	125796	118709	7111
120075	125796	118709	7111
120075	125796	118709	7112
120075	125796	118709	7111
120076	125796	118709	7112
120075	125797	118709	7111
120076	125798	118709	7112
120075	125797	118709	7112
120075	125798	118709	7112
120075	125798	118709	7112
120075	125798	118709	7112
120075	125798	118794	7113
120076	125798	118835	7113
120075	125798	118836	7112
120075	125798	118836	7112
120076	125798	118836	7112
120075	125798	118836	7112
120076	125798	118836	7112
120075	125798	118836	7112
120075	125798	118836	7112
120075	125798	118837	7112
120075	125798	118836	7112
120076	125798	118836	7112
120075	125798	118836	7112
120075	125798	118836	7112
120075	125798	118836	7112
120075	125798	118837	7112
120076	125798	118837	7112
120075	125798	118836	7111
120075	125798	118836	7111
120076	125798	118836	7111
120075	125798	118836	7111
120075	125798	118836	7112
120075	125798	118836	7112
120075	125798	118837	7111
120076	125798	118837	7111
120076	125798	118836	7111
120075	125798	118837	7112
120075	125798	118837	7112
120075	125798	118836	7111
117642	123836	116314	7085
114952	120800	113676	7066
112088	118078	110848	7072
106711	112640	105447	7075
103966	109927	102647	7076
101234	107161	99941	7076
95454	101414	94189	7074
92532	98533	91333	7076
89771	95806	88594	7075
84399	90384	83151	7075
81676	87640	80458	7075
78565	84558	77343	7075
75733	81695	74427	7075
70096	76019	68837	7075
67206	73138	65933	7076
64105	70104	62912	7075
58747	64660	57472	7076
55959	61914	54732	7075
53266	59290	51982	7076
47502	53471	46221	7076
44746	50681	43507	7076
41860	47798	40577	7075
36073	41987	34890	7075
33347	39302	32150	7077
30600	36554	29420	7074
25193	31124	24008	7074
22274	28278	21067	7076
19563	25533	18387	7075
16829	22824	15632	7075
10993	17051	9862	7076
8095	14153	7012	7075
5387	11457	4285	7076
88	5830	118	7074
36	3066	124	7076
38	350	124	7075
40	61	125	7073
42	63	125	7076
-1000	-1000	-1000	-1000
42	64	125	7075
42	64	125	7075
43	64	125	7074
43	64	125	7076
