29	54	119	66
29	54	119	65
29	54	119	66
29	54	119	66
29	54	119	66
29	54	119	66
544	421	273	65
724	773	893	66
1007	1029	942	66
1625	1626	1638	66
1858	1909	1866	66
2181	2140	2242	65
2729	2715	2730	66
3001	2980	3008	66
3253	3253	3264	65
3617	3551	3604	65
4151	4115	4117	66
4430	4376	4451	65
4716	4657	4724	66
5272	5229	5284	66
5521	5509	5532	65
5834	5787	5838	65
6076	6051	6084	65
6625	6614	6662	65
6906	6916	6905	65
7455	7441	7470	65
7738	7742	7731	65
7976	7975	8024	65
8301	8293	8306	65
8849	8824	8868	65
9112	9122	9113	65
9412	9356	9431	65
10007	9959	10005	65
10253	10230	10248	65
10491	10521	10531	65
11045	11068	11067	65
11366	11361	11352	65
11641	11631	11652	65
11864	11905	11893	65
12483	12495	12504	65
12744	12738	12735	65
13033	13015	13070	65
13621	13574	13615	65
13878	13882	13911	65
14141	14141	14140	65
14681	14695	14721	65
15013	14982	14989	65
15229	15250	15287	65
15771	15786	15853	65
16043	16034	16078	65
16353	16339	16330	65
16609	16635	16658	65
17177	17187	17225	65
17453	17470	17474	65
17750	17757	17727	65
18325	18352	18338	65
18632	18617	18619	65
18873	18865	18895	65
19150	19165	19145	65
19719	19706	19713	65
20021	20033	20004	65
20286	20268	20277	65
20847	20834	20861	65
21101	21085	21081	65
21378	21392	21381	65
21876	21917	21906	65
22213	22154	22224	65
22451	22437	22454	65
23025	23010	23046	65
23265	23281	23284	65
23608	23596	23599	64
24131	24145	24112	65
24409	24402	24443	65
24650	24668	24658	65
25213	25215	25238	65
25496	25517	25481	65
25770	25729	25807	65
26362	26337	26336	64
26589	26605	26627	65
26872	26875	26852	65
27155	27155	27189	65
27751	27734	27684	65
27977	28000	28012	65
28261	28285	28260	65
28833	28855	28868	65
29132	29147	29118	65
29384	29385	29441	65
30006	29976	29997	65
30249	30247	30269	64
30505	30526	30494	65
30797	30772	30826	65
31388	31377	31374	64
31635	31649	31658	65
31935	31941	31924	65
32482	32473	32501	65
32771	32777	32745	65
33045	33018	33082	65
33294	33297	33291	65
33893	33872	33900	65
34161	34167	34144	65
34467	34445	34479	65
35044	35027	35011	65
35336	35328	35360	65
35598	35621	35573	65
35912	35891	35902	65
36434	36446	36438	65
36710	36692	36712	65
36970	36957	36983	65
37532	37532	37579	65
37808	37805	37787	64
38086	38069	38123	65
38674	38660	38645	65
38896	38923	38947	65
39170	39192	39187	65
39758	39779	39791	65
40054	40056	40032	65
40303	40299	40351	65
40525	40585	40585	65
41149	41177	41159	65
41426	41461	41413	65
41675	41686	41737	65
42277	42271	42282	65
42518	42537	42539	65
42807	42840	42793	65
43355	43395	43363	65
43675	43696	43659	65
43918	43947	43920	65
44519	44536	44552	65
44761	44778	44790	65
45066	45059	45060	65
45311	45351	45397	65
45875	45919	45912	65
46147	46171	46206	65
46443	46470	46447	65
46993	47026	47047	65
47306	47326	47297	65
47575	47589	47627	65
47826	47883	47896	65
48417	48448	48473	65
48696	48732	48700	65
49018	49017	49055	65
49583	49614	49575	65
49844	49862	49903	65
50124	50167	50151	64
50452	50432	50462	65
50976	51018	50966	65
51255	51259	51305	65
51486	51563	51520	65
52058	52103	52068	65
52359	52391	52356	65
52634	52649	52691	65
52870	52933	52911	65
53496	53523	53540	65
53777	53794	53791	65
54076	54100	54120	65
54621	54658	54636	65
54904	54901	54957	64
55154	55185	55181	65
55693	55731	55744	65
56014	56019	55996	65
56241	56286	56301	65
56844	56848	56840	65
57072	57104	57117	65
57373	57386	57363	65
57936	57929	57962	65
58246	58256	58222	64
58507	58506	58538	65
58776	58806	58782	65
59346	59364	59369	65
59634	59636	59632	65
59893	59892	59920	65
60464	60467	60470	65
60720	60726	60737	65
60973	61020	60986	65
61523	61577	61549	65
61847	61875	61859	64
62107	62109	62144	65
62664	62627	62707	65
62893	62927	62936	65
63225	63204	63222	65
63738	63768	63766	65
64054	64047	64062	65
64304	64340	64336	65
64901	64916	64944	65
65140	65177	65182	65
65500	65487	65480	65
65728	65755	65766	65
66290	66307	66331	64
66534	66541	66573	65
66886	66894	66860	64
67405	67429	67404	64
67696	67706	67733	64
67950	67967	67994	65
68493	68521	68563	65
68777	68794	68781	65
69080	69103	69103	65
69632	69660	69617	65
69873	69911	69939	65
70153	70177	70155	65
70703	70725	70726	65
70975	71040	71009	65
71298	71288	71300	65
71844	71865	71871	64
72090	72127	72101	65
72354	72429	72389	64
72653	72726	72699	64
73240	73292	73249	65
73494	73522	73524	65
73752	73814	73775	65
74323	74361	74353	65
74629	74668	74636	65
74882	74906	74940	65
75182	75237	75223	64
75748	75788	75810	65
76052	76073	76067	65
76313	76357	76378	65
76607	76672	76679	65
77154	77226	77262	64
77443	77490	77490	65
77771	77803	77773	65
78304	78319	78277	64
78546	78602	78638	64
78807	78886	78879	65
79374	79423	79439	64
79668	79724	79676	65
79914	80005	80019	65
80498	80550	80513	65
80734	80805	80793	65
81024	81085	81025	65
81553	81625	81593	65
81874	81920	81918	64
82113	82175	82160	64
82660	82703	82746	65
82903	82976	82974	65
83237	83265	83260	64
83752	83814	83793	64
84053	84090	84125	65
84279	84357	84358	64
84869	84937	84950	65
85142	85186	85175	64
85423	85489	85504	65
85996	86019	85979	64
86260	86297	86340	64
86510	86558	86549	64
87062	87115	87134	64
87373	87418	87382	64
87628	87689	87702	64
87918	87972	87980	64
88469	88533	88538	64
88771	88809	88769	64
88994	89090	89106	64
89631	89677	89655	64
89869	89917	89941	65
90136	90203	90184	64
90495	90537	90520	64
91025	91082	91063	64
91336	91356	91407	64
91576	91662	91640	64
92140	92195	92205	64
92392	92460	92428	64
92690	92732	92764	64
92962	93030	93009	64
93589	93622	93647	64
93795	93899	93880	65
94162	94209	94153	64
94692	94760	94697	64
94965	95018	95039	64
95214	95294	95289	64
95783	95834	95845	64
96058	96099	96064	64
96331	96423	96420	64
96923	96959	96883	64
97180	97256	97268	64
97474	97502	97489	64
97764	97828	97805	64
98326	98375	98335	64
98596	98667	98670	64
98878	98929	98927	64
99418	99449	99481	64
99696	99755	99722	64
99961	100023	100031	64
100540	100591	100546	64
100793	100834	100834	64
101049	101125	101058	64
101370	101422	101408	64
101943	101984	101941	64
102222	102229	102281	64
102470	102531	102525	64
103025	103066	103074	64
103297	103362	103327	64
103577	103577	103629	64
104154	104187	104179	64
104399	104449	104453	64
104689	104749	104686	64
104957	105026	105044	64
105565	105623	105583	63
105829	105882	105916	64
106076	106151	106142	64
106662	106736	106738	63
106960	106989	106951	63
107189	107272	107531	63
107756	107802	107807	64
108001	108075	108092	63
108552	108612	108648	64
108836	108901	108909	64
109142	109186	109168	64
109378	109445	109470	64
109973	110017	110071	63
110230	110298	110326	63
110567	110606	110588	63
111090	111133	111155	63
111366	111432	111438	63
111590	111680	111688	63
112147	112193	112129	64
112376	112492	112343	68
112578	112752	112530	73
112918	113260	112789	100
113053	113484	112944	108
113289	113732	113117	117
113307	114185	113169	132
113309	114389	113170	143
113310	114638	113170	150
113312	114896	113171	156
113315	114954	113171	164
113317	114955	113172	164
113317	114956	113172	164
113319	114957	113172	164
113319	114958	113172	165
113320	114959	113173	164
113320	114960	113173	165
113321	114960	113173	165
113321	114961	113173	164
113322	114961	113173	165
113322	114962	113173	165
113322	114962	113173	165
113322	114962	113173	165
113323	114963	113173	165
113323	114963	113173	165
113322	114963	113173	165
113323	114964	113173	165
113323	114964	113174	165
113323	114964	113174	165
113323	114964	113174	165
113324	114964	113174	165
113324	114965	113174	165
113324	114965	113174	165
113324	114965	113174	165
113324	114965	113173	166
113324	114965	113174	165
113325	114965	113174	165
113324	114965	113174	165
113325	114966	113174	166
113324	114965	113174	166
113325	114965	113174	165
113325	114966	113174	165
113325	114965	113174	165
113325	114966	113174	165
113325	114965	113174	166
113325	114965	113174	166
113325	114966	113174	165
113325	114966	113174	165
113325	114966	113174	165
113325	114966	113174	166
113325	114966	113174	165
113325	114966	113174	166
113325	114966	113174	166
113325	114966	113174	165
113325	114966	113174	166
113325	114966	113174	165
113325	114966	113174	165
113325	114966	113174	165
113325	114966	113174	165
113325	114966	113174	165
113325	114967	113174	165
113326	114967	113174	165
113325	114967	113174	166
113326	114967	113174	166
113325	114967	113174	166
113325	114967	113174	165
113325	114968	113174	166
113326	114968	113175	166
113325	114968	113174	166
113325	114968	113174	165
113326	114968	113174	166
113325	114968	113174	166
113326	114968	113174	165
113326	114968	113174	166
113326	114968	113174	165
113326	114968	113174	166
113326	114969	113174	165
113325	114969	113174	166
113326	114969	113174	166
113326	114969	113174	166
113326	114969	113174	166
113326	114969	113174	166
113326	114969	113174	166
113326	114969	113174	166
113326	114969	113174	166
113326	114969	113174	166
113326	114969	113174	166
113326	114969	113175	165
113326	114969	113174	166
113326	114970	113174	165
113326	114969	113174	166
113326	114970	113174	165
113326	114970	113174	165
113326	114970	113174	166
113326	114970	113175	166
113326	114970	113174	166
113326	114971	113174	165
113327	114971	113174	166
113327	114971	113174	166
113327	114971	113174	165
113326	114971	113174	165
113327	114971	113174	166
113327	114971	113174	166
113327	114971	113174	166
113327	114971	113174	165
113326	114971	113174	166
113327	114971	113174	165
113327	114971	113174	166
113327	114971	113175	166
113327	114971	113174	166
113327	114971	113174	165
108500	110210	108630	59
105706	107402	105881	72
103099	104782	103317	68
97583	99298	97821	66
94961	96582	95106	67
92167	93913	92387	66
86570	88271	86827	66
83838	85518	84097	66
81180	82796	81397	65
75559	77205	75784	65
72812	74574	73046	64
70096	71788	70311	65
64667	66344	64989	65
61752	63508	61985	64
59111	60758	59336	64
53648	55359	53880	64
50898	52662	51120	64
48185	49936	48397	64
42733	44498	42973	65
40016	41784	40227	65
37270	39041	37504	65
31615	33482	31904	64
28941	30729	29198	65
26216	28055	26441	65
20597	22422	20864	65
17956	19727	18090	64
14998	16874	15210	64
12308	14116	12466	64
6877	8673	7136	64
4195	6006	4377	64
11	614	147	62
19	32	153	64
23	34	153	64
-1000	-1000	-1000	-1000
24	35	154	64
24	35	153	64
24	35	154	64
24	35	153	64
24	35	154	64
24	35	154	109
24	35	153	187
24	35	154	481
24	35	154	690
25	35	154	832
24	35	154	1087
24	35	154	1195
24	35	153	1298
24	35	153	1424
24	35	153	1432
24	35	154	1421
24	35	154	1417
24	35	154	1417
24	35	154	1416
24	35	154	1415
42	45	166	1414
533	487	227	1414
1047	1068	951	1414
1339	1343	1400	1414
1578	1602	1556	1413
2124	2103	2202	1413
2351	2364	2378	1413
2710	2656	2726	1413
3216	3212	3217	1413
3508	3468	3554	1413
3746	3731	3760	1413
4077	4029	4059	1413
4611	4584	4568	1413
4890	4885	4922	1413
5159	5135	5192	1412
5725	5725	5769	1413
6005	5980	5989	1412
6332	6293	6316	1413
6555	6559	6570	1413
7131	7108	7161	1412
7407	7398	7387	1412
7702	7672	7689	1412
8237	8262	8233	1413
8550	8509	8562	1412
8817	8800	8799	1412
9386	9333	9350	1412
9593	9641	9618	1412
9967	9872	9931	1412
10459	10466	10468	1412
10798	10732	10763	1412
11060	11065	11055	1412
11378	11364	11341	1412
11875	11902	11874	1412
12227	12161	12197	1412
12452	12454	12436	1412
13004	12989	12992	1412
13235	13269	13249	1412
13600	13543	13588	1412
14126	14103	14091	1412
14364	14370	14406	1412
14618	14614	14614	1413
15170	15181	15194	1412
15483	15466	15443	1413
15705	15720	15778	1413
16275	16245	16308	1413
16534	16546	16548	1412
16858	16840	16801	1412
17073	17092	17138	1412
17714	17683	17698	1412
17943	17961	17961	1412
18237	18267	18212	1413
18785	18801	18800	1412
19117	19115	19092	1412
19373	19378	19397	1412
19671	19670	19662	1412
20230	20227	20227	1412
20504	20540	20531	1412
20853	20833	20863	1412
21377	21393	21390	1412
21657	21622	21655	1412
21907	21952	21939	1412
22261	22226	22258	1412
22773	22806	22788	1412
23137	23084	23131	1412
23350	23363	23379	1412
23949	23944	24006	1412
24184	24201	24207	1412
24537	24482	24515	1412
24759	24767	24788	1412
25345	25354	25399	1412
25587	25591	25611	1412
25915	25861	25890	1412
26462	26456	26437	1412
26747	26728	26768	1412
26997	26978	27013	1412
27534	27554	27560	1412
27826	27815	27773	1412
28129	28107	28158	1412
28675	28672	28669	1412
28921	28923	28947	1412
29189	29202	29187	1412
29738	29727	29744	1412
30031	30023	30034	1412
30314	30282	30342	1412
30553	30565	30558	1412
31135	31131	31152	1412
31405	31420	31403	1412
31720	31699	31733	1412
32276	32259	32273	1412
32541	32533	32564	1412
32797	32834	32803	1412
33370	33353	33383	1412
33662	33656	33634	1412
33913	33897	33945	1412
34200	34203	34221	1412
34751	34763	34770	1412
35069	35060	35049	1412
35347	35335	35377	1412
35922	35907	35919	1412
36190	36195	36206	1412
36448	36477	36468	1412
37008	37032	37043	1412
37331	37311	37296	1412
37563	37599	37636	1412
37876	37882	37900	1412
38431	38452	38460	1412
38705	38718	38701	1412
38977	38983	39027	1412
39557	39551	39552	1412
39799	39807	39834	1412
40068	40107	40067	1412
40621	40639	40676	1412
40940	40931	40933	1412
41195	41180	41217	1412
41770	41727	41805	1412
42006	42016	42032	1412
42306	42301	42315	1412
42811	42851	42806	1412
43145	43104	43147	1412
43361	43359	43355	1412
43927	43927	43901	1412
44187	44194	44191	1412
44487	44475	44509	1412
45052	45019	45024	1412
45293	45306	45307	1412
45554	45539	45537	1412
46083	46103	46129	1412
46418	46402	46387	1412
46650	46663	46676	1412
47210	47199	47237	1412
47465	47454	47495	1412
47791	47776	47761	1412
48293	48296	48300	1412
48603	48582	48621	1412
48843	48835	48858	1412
49156	49165	49138	1412
49679	49692	49672	1412
50010	49997	50003	1412
50248	50244	50244	1412
50809	50779	50804	1412
51058	51066	51008	1412
51376	51342	51357	1412
51882	51892	51885	1412
52167	52139	52143	1412
52416	52418	52390	1412
52962	52964	52954	1412
53266	53264	53232	1412
53541	53532	53537	1412
54121	54109	54114	1412
54363	54352	54364	1412
54660	54683	54643	1412
54998	54964	54979	1412
55565	55551	55526	1412
55817	55812	55819	1412
56078	56107	56086	1412
56645	56651	56655	1412
56911	56919	56877	1412
57184	57178	57194	1412
57777	57757	57730	1412
58012	58008	58027	1412
58298	58308	58270	1412
58598	58568	58585	1412
59179	59168	59122	1412
59425	59428	59453	1412
59712	59719	59693	1412
60280	60272	60268	1412
60544	60554	60518	1412
60838	60816	60887	1412
61379	61354	61388	1412
61645	61652	61635	1412
61933	61946	61910	1412
62450	62467	62456	1412
62784	62765	62769	1412
63048	63038	63027	1412
63303	63328	63311	1412
63864	63881	63853	1412
64162	64186	64150	1412
64449	64449	64432	1412
65008	65011	65007	1412
65272	65273	65271	1412
65537	65559	65523	1412
66049	66075	66056	1412
66402	66405	66374	1412
66630	66656	66656	1412
67172	67210	67212	1412
67444	67454	67422	1412
67746	67747	67741	1412
68274	68281	68255	1412
68552	68566	68594	1412
68840	68851	68852	1412
69379	69391	69397	1412
69665	69690	69647	1412
69946	69974	69995	1412
70221	70233	70225	1412
70789	70783	70785	1412
71022	71099	71045	1412
71376	71364	71372	1412
71886	71919	71909	1412
72207	72203	72188	1412
72435	72502	72446	1412
73005	73027	73004	1412
73266	73330	73273	1412
73570	73577	73580	1412
73831	73891	73852	1412
74424	74432	74433	1412
74649	74689	74663	1412
74982	74958	74996	1412
75556	75549	75523	1412
75778	75807	75827	1412
76052	76074	76066	1412
76616	76675	76665	1412
76942	76949	76903	1412
77173	77241	77254	1412
77444	77488	77480	1412
78012	78084	78063	1412
78326	78334	78302	1412
78595	78645	78658	1412
79192	79207	79180	1412
79431	79432	79483	1411
79723	79765	79732	1412
80016	80038	80054	1412
80562	80604	80570	1412
80854	80882	80904	1412
81138	81159	81161	1412
81686	81701	81694	1411
81951	82007	81993	1412
82262	82287	82302	1412
82817	82855	82821	1412
83088	83089	83114	1412
83327	83376	83354	1412
83902	83906	83913	1412
84188	84215	84195	1412
84439	84457	84481	1412
85034	85036	85047	1412
85277	85285	85313	1412
85566	85586	85549	1412
85844	85824	85885	1412
86431	86407	86400	1412
86665	86669	86703	1412
86934	86954	86902	1412
87477	87528	87498	1412
87796	87783	87771	1412
88023	88047	88067	1412
88586	88601	88621	1412
88882	88904	88901	1411
89210	89197	89137	1412
89704	89730	89716	1412
90021	90000	90032	1412
90292	90320	90317	1412
90597	90607	90572	1412
91100	91135	91135	1412
91431	91430	91431	1411
91674	91698	91689	1412
92224	92233	92261	1412
92447	92509	92484	1412
92811	92818	92798	1411
93299	93360	93293	1412
93627	93622	93659	1411
93844	93910	93895	1412
94446	94463	94497	1412
94716	94746	94713	1411
95045	95046	95053	1412
95291	95303	95316	1412
95887	95907	95908	1412
96119	96161	96142	1412
96469	96483	96452	1412
96975	96998	96943	1412
97254	97278	97298	1412
97531	97556	97545	1412
97825	97850	97839	1412
98369	98407	98390	1412
98664	98680	98684	1411
98936	98957	98988	1411
99517	99534	99572	1411
99766	99833	99827	1411
100089	100111	100079	1411
100592	100633	100613	1411
100894	100905	100924	1412
101119	101181	101189	1411
101706	101732	101776	1411
101950	102015	101995	1411
102257	102263	102304	1411
102816	102851	102821	1411
103064	103086	103114	1411
103301	103372	103357	1411
103828	103925	103914	1411
104192	104215	104198	1411
104426	104483	104490	1410
104979	105022	105049	1410
105234	105298	105290	1411
105554	105580	105556	1411
105786	105825	105854	1410
106363	106387	106413	1410
106633	106688	106693	1410
106959	106973	106934	1411
107496	107525	107554	1411
107803	107827	107812	1411
108050	108101	108108	1411
108614	108647	108676	1410
108875	108900	108941	1410
109196	109188	109178	1410
109706	109717	109721	1410
109963	109971	110050	1410
110241	110261	110309	1410
110806	110832	110868	1410
111076	111096	111103	1410
111383	111392	111449	1410
111640	111679	111700	1410
112223	112205	112270	1410
112462	112509	112513	1410
112753	112804	112801	1410
113303	113361	113313	1411
113525	113623	113542	1416
113761	113904	113676	1426
114116	114460	114089	1453
114309	114668	114172	1457
114450	114882	114389	1474
114760	115294	114620	1500
114762	115560	114623	1510
114763	115785	114623	1521
114763	116050	114624	1538
114765	116314	114625	1545
114766	116317	114625	1546
114767	116318	114626	1546
114767	116320	114626	1546
114768	116321	114626	1547
114768	116322	114627	1547
114769	116323	114627	1547
114769	116323	114627	1547
114769	116324	114627	1547
114770	116325	114627	1547
114770	116325	114627	1547
114770	116325	114627	1547
114770	116326	114628	1547
114770	116326	114627	1547
114770	116326	114627	1547
114771	116327	114628	1547
114770	116327	114628	1546
114770	116327	114628	1547
114771	116327	114628	1546
114771	116328	114628	1547
114771	116328	114628	1547
114771	116328	114628	1547
114771	116328	114628	1547
114771	116328	114628	1547
114771	116329	114628	1547
114772	116328	114628	1547
114771	116328	114628	1547
114772	116329	114628	1547
114772	116328	114628	1547
114772	116329	114628	1547
114772	116329	114628	1547
114772	116329	114628	1547
114772	116329	114628	1547
114772	116329	114628	1547
114772	116329	114628	1547
114772	116329	114628	1547
114772	116329	114628	1547
114772	116329	114628	1546
114772	116329	114628	1547
114773	116330	114629	1547
114773	116329	114628	1547
114772	116330	114628	1547
114773	116330	114628	1547
114773	116330	114629	1546
114773	116330	114629	1547
114773	116330	114629	1547
114773	116330	114629	1547
114773	116329	114628	1547
114773	116329	114628	1547
114773	116330	114628	1547
114773	116330	114628	1547
114773	116330	114629	1547
114773	116330	114629	1547
114773	116330	114629	1547
114773	116330	114628	1547
114773	116330	114628	1547
114773	116330	114629	1547
114773	116330	114628	1547
114773	116330	114629	1547
114773	116330	114629	1547
114774	116330	114629	1547
114773	116330	114629	1547
114774	116330	114629	1547
114773	116330	114629	1547
114773	116330	114628	1547
114773	116330	114629	1547
114774	116330	114628	1547
114774	116330	114628	1547
114773	116330	114629	1547
114773	116330	114628	1547
114773	116330	114628	1547
114773	116330	114629	1547
114774	116330	114629	1547
114774	116330	114629	1547
114774	116330	114629	1547
114774	116330	114629	1547
114774	116330	114629	1547
114774	116330	114629	1547
114774	116331	114629	1547
114774	116330	114629	1547
114774	116330	114629	1547
114774	116330	114629	1547
114774	116330	114629	1547
114774	116330	114629	1547
114774	116330	114629	1547
114774	116330	114629	1547
114774	116330	114629	1547
114774	116330	114629	1547
114774	116331	114629	1547
114774	116331	114629	1547
114774	116331	114629	1547
114774	116331	114629	1547
114774	116331	114629	1547
114774	116330	114629	1547
114774	116331	114629	1547
114774	116331	114629	1547
114774	116331	114629	1547
114775	116331	114629	1547
114774	116331	114629	1546
114774	116331	114629	1547
114774	116331	114629	1546
114774	116331	114629	1547
112405	113883	112716	1514
106904	108294	107076	1348
104263	105655	104461	1394
101381	102756	101510	1397
95948	97348	96059	1400
93212	94635	93343	1400
90507	91907	90591	1398
85077	86502	85226	1399
82160	83621	82268	1400
79448	80927	79573	1399
73690	75089	73758	1400
71059	72425	71031	1399
68281	69701	68272	1399
62893	64312	62860	1400
60191	61523	60128	1400
57474	58816	57413	1399
54575	55948	54515	1399
49140	50520	49044	1400
46401	47813	46318	1400
43503	44927	43492	1400
38071	39478	38074	1400
35323	36777	35324	1399
32381	33884	32465	1401
26806	28283	26918	1401
24157	25602	24114	1400
21240	22690	21232	1401
15781	17236	15789	1401
12878	14366	12920	1401
10282	11635	10222	1401
7492	8918	7510	1400
1540	2950	1472	1400
21	194	171	1400
-1000	-1000	-1000	-1000
29	33	177	1402
31	34	178	1404
31	34	178	1402
32	35	178	1402
32	34	178	1402
32	35	178	1401
32	35	178	1465
32	35	178	1539
32	35	179	1912
32	35	179	2087
32	35	179	2341
32	35	179	2440
32	35	178	2581
32	35	178	2696
32	35	178	2822
32	35	178	2832
32	35	178	2800
32	35	178	2781
32	35	178	2780
32	35	178	2781
32	35	178	2781
50	46	187	2781
497	463	264	2780
724	776	892	2780
1330	1341	1374	2781
1578	1596	1597	2780
1837	1871	1839	2780
2364	2405	2403	2780
2730	2697	2731	2780
2965	2966	3011	2780
3517	3501	3583	2781
3756	3769	3797	2779
4100	4085	4069	2778
4345	4362	4426	2778
4915	4903	4938	2779
5143	5153	5202	2780
5701	5718	5760	2779
5990	5983	6004	2778
6278	6273	6308	2780
6839	6827	6824	2779
7066	7083	7150	2780
7363	7351	7353	2780
7899	7892	7916	2779
8183	8183	8199	2780
8452	8439	8491	2780
8702	8716	8722	2779
9278	9260	9290	2779
9550	9531	9562	2779
9829	9791	9832	2779
10432	10366	10426	2780
10658	10636	10681	2780
10932	10944	10956	2780
11479	11459	11502	2780
11803	11779	11819	2780
12065	12020	12086	2780
12641	12586	12661	2780
12914	12866	12921	2780
13183	13179	13202	2780
13713	13709	13765	2780
14087	13993	14071	2780
14318	14278	14369	2781
14588	14573	14592	2780
15135	15118	15181	2781
15455	15400	15437	2780
15690	15655	15762	2781
16240	16190	16298	2781
16542	16508	16582	2781
16847	16794	16810	2781
17351	17333	17363	2782
17646	17586	17683	2781
17922	17900	17952	2781
18210	18153	18183	2781
18734	18726	18762	2781
19068	18995	19060	2781
19325	19305	19337	2782
19889	19838	19926	2782
20131	20125	20140	2781
20461	20389	20451	2782
20959	20959	20965	2782
21250	21189	21296	2781
21810	21726	21818	2782
22061	22024	22066	2782
22315	22307	22313	2781
22621	22545	22655	2782
23196	23127	23169	2782
23428	23402	23453	2782
23699	23688	23682	2782
24225	24221	24249	2782
24572	24513	24531	2782
24808	24784	24847	2782
25377	25338	25407	2781
25649	25600	25668	2782
25954	25908	25932	2782
26246	26205	26268	2782
26843	26800	26811	2782
27084	27048	27103	2782
27359	27330	27338	2783
27909	27853	27883	2782
28205	28156	28197	2782
28465	28419	28455	2782
29053	28973	29054	2782
29296	29256	29299	2782
29579	29580	29588	2783
30096	30115	30112	2783
30477	30404	30454	2782
30719	30680	30710	2783
30971	30981	30976	2783
31532	31514	31537	2782
31851	31799	31812	2782
32098	32050	32101	2783
32686	32595	32681	2783
32918	32892	32931	2782
33234	33190	33179	2782
33733	33741	33731	2783
34083	33981	34065	2783
34317	34285	34318	2782
34877	34849	34906	2782
35136	35094	35132	2783
35487	35398	35431	2783
35733	35698	35728	2783
36270	36229	36298	2782
36536	36485	36547	2782
36854	36770	36825	2782
37377	37325	37332	2783
37622	37592	37687	2783
37912	37864	37923	2782
38472	38451	38507	2783
38762	38738	38752	2783
39067	38998	39080	2783
39599	39565	39568	2783
39887	39833	39923	2783
40135	40115	40140	2783
40698	40645	40727	2783
40965	40939	40958	2783
41262	41206	41292	2783
41521	41488	41527	2783
42074	42028	42070	2783
42340	42330	42356	2783
42652	42597	42646	2783
43209	43164	43188	2783
43469	43420	43460	2783
43706	43712	43723	2783
44261	44226	44283	2783
44571	44524	44589	2782
44840	44789	44874	2783
45392	45353	45431	2783
45641	45590	45679	2783
45949	45915	45923	2783
46452	46451	46453	2783
46747	46695	46772	2782
46986	46968	47025	2783
47577	47530	47602	2783
47826	47818	47849	2783
48157	48093	48155	2783
48696	48659	48679	2783
48944	48895	48973	2783
49209	49190	49222	2783
49785	49738	49786	2783
50062	50041	50053	2783
50361	50290	50355	2783
50582	50604	50607	2783
51169	51117	51152	2784
51422	51423	51413	2783
51749	51678	51721	2783
52299	52216	52281	2783
52540	52486	52539	2783
52811	52809	52806	2783
53386	53346	53385	2783
53701	53641	53673	2783
53988	53945	54032	2783
54228	54214	54238	2783
54798	54768	54810	2783
55124	55089	55094	2783
55370	55337	55419	2783
55970	55885	55935	2783
56188	56161	56212	2783
56476	56443	56432	2783
56982	56968	57003	2783
57310	57244	57280	2783
57538	57525	57577	2783
58097	58068	58153	2783
58374	58333	58387	2783
58695	58606	58671	2783
59218	59174	59183	2783
59481	59418	59526	2783
59769	59716	59762	2783
60061	60000	60051	2783
60597	60587	60605	2783
60906	60833	60935	2783
61153	61119	61162	2783
61722	61677	61754	2783
61978	61951	61987	2783
62289	62206	62308	2783
62820	62815	62843	2784
63181	63090	63151	2783
63419	63379	63413	2783
63704	63686	63716	2783
64231	64228	64256	2783
64586	64515	64551	2783
64808	64757	64807	2783
65362	65303	65362	2783
65606	65598	65605	2783
65927	65857	65909	2783
66479	66458	66469	2783
66766	66708	66778	2783
67019	66999	67036	2783
67569	67539	67594	2783
67833	67811	67807	2783
68132	68070	68137	2783
68692	68616	68654	2783
68929	68897	68956	2783
69205	69206	69198	2783
69509	69439	69528	2783
70087	70031	70046	2783
70327	70282	70349	2783
70593	70589	70597	2783
71193	71147	71151	2784
71453	71419	71455	2783
71745	71677	71722	2783
72305	72217	72291	2783
72541	72511	72519	2783
72838	72812	72808	2783
73358	73358	73373	2783
73698	73613	73662	2784
73938	73901	73917	2783
74482	74442	74506	2783
74778	74724	74778	2783
75103	75037	75074	2784
75351	75313	75359	2784
75946	75870	75945	2783
76165	76121	76181	2783
76695	76695	76740	2784
76971	76941	76936	2783
77223	77217	77286	2783
77815	77762	77775	2784
78039	78036	78084	2783
78332	78297	78292	2783
78584	78559	78648	2784
79214	79197	79212	2784
79476	79428	79506	2783
79772	79741	79777	2784
80083	80044	80072	2783
80626	80617	80634	2784
80933	80882	80944	2784
81186	81156	81191	2784
81710	81677	81710	2783
81959	81974	81988	2783
82511	82487	82519	2783
82808	82786	82806	2784
83071	83030	83079	2784
83329	83342	83354	2784
83911	83888	83925	2783
84192	84193	84193	2784
84511	84472	84529	2784
85097	85058	85067	2783
85334	85302	85359	2783
85588	85592	85575	2783
85941	85860	85931	2783
86466	86415	86419	2783
86708	86684	86746	2783
86984	86967	86981	2784
87522	87542	87551	2783
87836	87799	87784	2784
88093	88068	88127	2784
88696	88629	88676	2783
88931	88910	88939	2783
89228	89194	89140	2783
89752	89735	89738	2784
90072	90004	90058	2783
90304	90291	90324	2784
90850	90821	90891	2784
91142	91109	91151	2784
91467	91426	91458	2784
91746	91706	91739	2783
92305	92248	92314	2783
92574	92545	92560	2783
92840	92831	92841	2784
93382	93388	93376	2784
93702	93654	93691	2784
93941	93923	93966	2783
94221	94234	94199	2783
94820	94779	94830	2783
95117	95092	95082	2783
95378	95338	95389	2784
95951	95905	95951	2784
96192	96159	96200	2783
96487	96468	96461	2783
97008	96999	96953	2784
97302	97263	97312	2783
97547	97529	97546	2783
98078	98065	98103	2784
98352	98347	98333	2783
98625	98608	98655	2784
99190	99182	99170	2784
99426	99426	99469	2783
99736	99757	99740	2784
100283	100295	100306	2784
100576	100589	100567	2784
100856	100840	100882	2784
101416	101407	101411	2784
101672	101664	101692	2783
101943	101956	101931	2784
102499	102517	102515	2784
102814	102782	102805	2784
103082	103051	103086	2783
103639	103581	103640	2784
103861	103884	103882	2784
104193	104163	104179	2784
104435	104420	104443	2784
105034	105010	105055	2783
105289	105296	105278	2784
105585	105580	105570	2784
106126	106128	106141	2784
106445	106394	106440	2784
106717	106722	106754	2784
107010	106972	106970	2784
107509	107494	107550	2783
107832	107797	107812	2784
108067	108088	108099	2784
108634	108614	108667	2784
108942	108914	108959	2784
109232	109210	109189	2783
109757	109727	109745	2784
110049	109984	110062	2784
110284	110261	110315	2784
110856	110839	110891	2784
111133	111111	111140	2784
111466	111435	111457	2784
111975	111993	111989	2783
112293	112226	112299	2784
112535	112506	112529	2784
112839	112789	112819	2784
113353	113360	113365	2784
113667	113606	113648	2784
113927	113900	113927	2786
114438	114445	114421	2787
114672	114716	114630	2796
114884	115066	114871	2815
115362	115595	115351	2824
115649	115861	115540	2830
115818	116051	115777	2844
116146	116497	115929	2870
116147	116725	115930	2878
116147	116968	115931	2888
116147	117210	115932	2895
116148	117446	115934	2906
116148	117448	115935	2907
116149	117450	115935	2907
116149	117452	115935	2907
116149	117453	115936	2907
116149	117454	115936	2907
116149	117455	115936	2907
116150	117455	115937	2908
116150	117456	115936	2907
116150	117456	115937	2908
116150	117457	115937	2907
116150	117457	115937	2908
116150	117457	115937	2908
116150	117457	115937	2908
116150	117457	115937	2908
116151	117457	115937	2908
116150	117458	115938	2908
116151	117457	115937	2908
116151	117458	115938	2908
116151	117458	115938	2908
116151	117458	115938	2909
116151	117459	115938	2909
116151	117458	115938	2908
116151	117458	115938	2908
116151	117458	115938	2909
116151	117459	115938	2909
116151	117458	115938	2909
116151	117458	115938	2909
116151	117459	115938	2909
116151	117458	115938	2909
116151	117459	115938	2909
116151	117459	115938	2909
116152	117459	115938	2909
116152	117459	115938	2909
116151	117459	115938	2909
116151	117459	115938	2909
116151	117459	115938	2909
116152	117459	115938	2909
116151	117459	115938	2909
116151	117459	115938	2909
116151	117459	115938	2909
116152	117460	115938	2909
116151	117460	115938	2909
116151	117459	115938	2909
116151	117460	115938	2909
116152	117460	115938	2909
116152	117460	115938	2909
116152	117460	115938	2909
116152	117460	115938	2909
116152	117460	115938	2909
116152	117460	115938	2909
116152	117461	115938	2909
116152	117460	115938	2909
116152	117460	115938	2909
116152	117461	115938	2909
116152	117461	115938	2909
116152	117461	115938	2909
116152	117461	115938	2909
116152	117461	115938	2909
116152	117461	115938	2909
116152	117461	115938	2909
116152	117461	115938	2909
116152	117461	115938	2909
116153	117461	115938	2909
116152	117461	115938	2909
116152	117461	115938	2909
116153	117461	115938	2909
116152	117461	115938	2909
116152	117461	115938	2909
116152	117461	115938	2909
116153	117461	115938	2909
116153	117461	115938	2909
116153	117462	115938	2909
116153	117461	115939	2909
116153	117461	115939	2909
116153	117462	115938	2909
116153	117462	115938	2909
116153	117462	115939	2909
116153	117462	115938	2909
116153	117461	115938	2909
116153	117462	115938	2909
116152	117462	115938	2909
116153	117462	115938	2909
116153	117462	115939	2909
116153	117462	115938	2909
116153	117462	115938	2909
116153	117462	115938	2909
116153	117462	115938	2909
116153	117462	115938	2909
116153	117462	115939	2909
116153	117462	115939	2909
116153	117462	115939	2909
116153	117462	115939	2909
116153	117462	115939	2909
116153	117462	115939	2909
116153	117462	115939	2909
116153	117462	115938	2909
116153	117462	115938	2909
116153	117462	115939	2909
116153	117462	115938	2909
116153	117462	115938	2909
116153	117462	115938	2909
113660	115811	113943	2883
108208	110055	108328	2729
105562	107307	105600	2781
102629	104367	102728	2783
97229	98934	97395	2782
94508	96256	94643	2782
91801	93498	91927	2783
86016	87682	86122	2780
83339	85019	83355	2780
80473	82156	80516	2781
77691	79394	77733	2783
72140	73773	72243	2782
69216	70884	69323	2781
66521	68124	66595	2781
61043	62726	61170	2782
58372	59973	58424	2783
55454	57115	55560	2782
50024	51676	50110	2781
47254	48975	47361	2781
44579	46234	44687	2781
38947	40680	39022	2782
35989	37734	36127	2781
33328	35007	33356	2781
30379	32174	30580	2782
24754	26473	24882	2783
21320	23009	21453	2783
18438	20171	18546	2782
15529	17265	15677	2781
10109	11818	10293	2782
7410	9093	7585	2783
4481	6192	4706	2783
24	594	127	2782
35	35	138	2785
-1000	-1000	-1000	-1000
36	37	138	2785
38	38	138	2786
38	38	138	2785
38	38	138	2785
38	38	138	2785
38	38	138	2864
38	38	138	2949
38	39	139	3118
38	39	139	3483
38	39	139	3621
38	39	138	3737
38	39	137	3981
38	39	138	4091
38	39	138	4168
38	39	137	4222
38	39	138	4183
38	39	138	4162
38	38	138	4162
38	39	138	4163
38	39	137	4162
38	39	138	4161
39	39	137	4163
38	39	137	4161
38	38	138	4162
530	509	267	4162
723	780	880	4161
1061	1064	942	4161
1609	1609	1599	4160
1878	1918	1847	4162
2212	2172	2256	4161
2445	2449	2435	4161
3031	3016	3015	4161
3268	3290	3286	4161
3622	3598	3599	4162
4149	4156	4127	4161
4424	4408	4446	4161
4693	4686	4706	4161
5245	5237	5265	4161
5503	5520	5501	4161
5801	5792	5816	4160
6369	6358	6327	4161
6594	6603	6615	4160
6883	6892	6855	4160
7424	7410	7416	4160
7722	7718	7699	4160
7966	7961	7969	4161
8523	8509	8542	4160
8767	8776	8765	4161
9084	9098	9079	4160
9389	9343	9357	4160
9960	9880	9930	4160
10142	10167	10163	4159
10450	10474	10470	4160
10951	11026	10994	4161
11316	11294	11293	4160
11536	11545	11540	4161
12097	12083	12085	4160
12330	12364	12346	4160
12657	12654	12640	4159
13180	13216	13181	4160
13461	13452	13475	4160
13702	13758	13732	4160
14279	14304	14313	4159
14577	14583	14561	4159
14823	14833	14884	4160
15390	15405	15409	4161
15640	15649	15688	4160
15939	15944	15901	4160
16460	16473	16452	4160
16732	16766	16767	4160
17013	17044	17055	4160
17588	17589	17618	4160
17836	17882	17861	4160
18183	18166	18155	4160
18413	18450	18443	4161
18995	18999	19006	4160
19283	19318	19297	4160
19593	19628	19561	4160
20092	20148	20109	4161
20428	20426	20416	4160
20651	20698	20658	4161
20938	20985	20942	4160
21493	21549	21545	4160
21835	21866	21843	4160
22082	22113	22104	4161
22668	22711	22696	4161
22919	22977	22946	4161
23216	23265	23215	4160
23756	23796	23783	4161
24058	24098	24067	4161
24322	24366	24375	4161
24592	24634	24582	4160
25139	25187	25167	4161
25465	25512	25457	4160
25690	25716	25725	4160
26229	26280	26280	4161
26500	26548	26525	4161
26829	26859	26817	4161
27369	27407	27382	4161
27630	27678	27674	4161
27935	27962	27938	4161
28475	28492	28487	4161
28727	28793	28760	4161
29043	29074	29050	4161
29571	29636	29574	4160
29846	29854	29857	4161
30077	30171	30098	4161
30458	30478	30439	4161
30956	31025	30966	4161
31299	31311	31304	4162
31512	31587	31538	4161
32095	32108	32113	4161
32332	32411	32343	4161
32661	32675	32687	4161
33224	33260	33178	4161
33498	33518	33537	4161
33757	33827	33775	4161
34092	34108	34073	4161
34610	34631	34580	4161
34894	34925	34936	4161
35137	35169	35157	4161
35698	35736	35689	4161
36014	36002	35973	4161
36294	36321	36318	4161
36548	36576	36556	4161
37122	37170	37161	4161
37408	37428	37392	4161
37683	37739	37720	4162
38265	38304	38248	4161
38521	38544	38562	4161
38799	38832	38777	4161
39369	39377	39368	4161
39625	39694	39600	4161
39916	39940	39942	4161
40488	40529	40463	4161
40767	40758	40769	4161
41007	41059	40998	4161
41570	41601	41559	4161
41853	41914	41848	4161
42159	42167	42147	4161
42723	42736	42705	4161
42982	43014	42965	4161
43244	43294	43217	4161
43777	43836	43776	4161
44116	44127	44092	4161
44370	44388	44354	4161
44617	44653	44632	4161
45202	45254	45222	4161
45532	45515	45474	4161
45783	45823	45833	4162
46057	46072	46077	4161
46652	46685	46653	4161
46925	46946	46897	4161
47208	47236	47229	4161
47787	47799	47749	4161
48038	48063	48059	4161
48299	48313	48272	4161
48856	48875	48869	4161
49161	49193	49126	4161
49407	49433	49427	4161
49999	50017	49998	4161
50213	50258	50233	4161
50514	50579	50518	4161
50839	50836	50842	4161
51401	51446	51405	4161
51670	51692	51671	4161
51928	52003	51938	4161
52245	52287	52266	4161
52795	52854	52807	4161
53077	53083	53112	4161
53651	53666	53649	4161
53902	53928	53919	4161
54172	54216	54177	4161
54710	54753	54739	4161
55036	55039	55026	4161
55280	55307	55321	4161
55858	55861	55875	4161
56081	56143	56118	4161
56428	56437	56384	4161
56916	56947	56916	4161
57234	57252	57251	4161
57504	57545	57539	4161
57811	57811	57764	4161
58346	58367	58364	4161
58685	58707	58666	4161
58932	58970	58964	4161
59228	59261	59196	4161
59799	59822	59795	4161
60079	60111	60061	4161
60357	60365	60374	4161
60952	60970	60945	4161
61193	61216	61213	4161
61463	61531	61482	4161
61761	61792	61801	4162
62334	62405	62340	4161
62632	62638	62654	4161
62871	62926	62898	4161
63410	63456	63415	4161
63705	63745	63711	4161
63974	64001	63974	4161
64574	64574	64556	4161
64816	64840	64834	4161
65097	65130	65098	4161
65386	65417	65400	4161
65994	65990	65942	4161
66226	66272	66255	4161
66508	66527	66500	4161
67068	67098	67100	4161
67390	67390	67326	4161
67622	67649	67681	4161
68217	68211	68200	4162
68451	68488	68475	4161
68763	68765	68716	4161
69036	69051	69075	4161
69628	69632	69609	4161
69860	69893	69894	4161
70144	70151	70119	4161
70661	70685	70681	4161
70976	70996	70977	4162
71250	71236	71203	4161
71838	71832	71844	4161
72054	72097	72039	4161
72355	72398	72351	4161
72890	72919	72858	4161
73177	73211	73196	4161
73427	73461	73438	4161
73978	73999	73975	4161
74248	74273	74235	4161
74569	74599	74577	4161
75104	75132	75079	4161
75357	75394	75376	4161
75626	75652	75615	4161
76158	76193	76181	4161
76488	76516	76458	4161
76741	76787	76797	4161
77347	77358	77320	4161
77576	77614	77604	4161
77875	77895	77851	4161
78408	78440	78421	4162
78712	78736	78694	4161
78975	78978	78993	4161
79259	79290	79265	4161
79832	79849	79837	4161
80100	80156	80098	4162
80398	80403	80415	4162
80973	81002	80968	4161
81225	81240	81241	4161
81480	81518	81474	4161
81771	81772	81775	4162
82370	82409	82377	4161
82638	82653	82684	4161
82885	82944	82915	4162
83488	83499	83500	4162
83754	83786	83750	4161
84042	84029	84071	4161
84615	84594	84590	4162
84835	84855	84853	4161
85127	85133	85089	4161
85667	85697	85699	4162
85996	85989	85953	4161
86235	86260	86279	4162
86783	86814	86844	4162
87045	87053	87079	4161
87375	87370	87345	4162
87898	87900	87860	4161
88189	88206	88218	4162
88466	88482	88489	4161
88784	88790	88749	4161
89318	89317	89281	4161
89630	89635	89628	4161
89875	89883	89877	4161
90416	90410	90455	4161
90683	90679	90676	4161
90998	91003	90989	4161
91509	91548	91513	4161
91832	91810	91827	4161
92081	92096	92066	4162
92644	92646	92645	4161
92899	92941	92890	4161
93242	93228	93217	4162
93491	93485	93468	4162
94038	94009	94044	4162
94293	94333	94288	4161
94638	94628	94589	4161
95145	95176	95114	4162
95432	95419	95421	4161
95656	95711	95666	4161
96262	96279	96290	4162
96554	96548	96526	4161
96850	96849	96845	4161
97104	97122	97084	4161
97642	97674	97683	4161
97922	97927	97926	4162
98231	98201	98223	4162
98783	98777	98731	4162
99015	99047	99078	4162
99302	99304	99298	4161
99851	99865	99864	4162
100171	100182	100136	4161
100427	100424	100464	4161
101013	100990	100984	4162
101274	101259	101288	4162
101533	101539	101493	4162
102062	102072	102071	4162
102384	102367	102352	4161
102624	102618	102626	4162
103201	103164	103212	4162
103463	103471	103465	4162
103744	103756	103744	4161
104036	104013	104023	4161
104587	104575	104590	4162
104851	104859	104838	4161
105140	105152	105112	4161
105684	105685	105667	4161
105985	105982	105989	4161
106249	106249	106254	4161
106796	106823	106842	4161
107108	107112	107133	4161
107409	107416	107383	4162
107643	107654	107673	4161
108241	108215	108238	4161
108511	108519	108520	4162
108798	108793	108774	4161
109332	109343	109341	4162
109653	109622	109614	4161
109886	109879	109910	4161
110168	110196	110156	4162
110749	110755	110762	4162
111047	111052	111015	4162
111299	111295	111316	4161
111882	111823	111875	4162
112126	112125	112133	4161
112414	112416	112366	4162
112932	112948	112944	4161
113269	113235	113261	4162
113516	113500	113492	4161
114057	114041	114061	4162
114310	114348	114328	4162
114641	114621	114620	4162
115182	115176	115142	4161
115446	115447	115454	4161
115691	115703	115690	4163
115999	115989	115978	4163
116526	116540	116447	4169
116767	116835	116745	4173
117026	117107	116944	4193
117483	117589	117399	4226
117637	117807	117659	4234
117933	118042	117790	4251
117981	118506	117874	4267
117981	118744	117874	4273
117981	118968	117876	4281
117982	119272	117890	4294
117982	119273	117891	4296
117982	119275	117891	4296
117982	119276	117891	4296
117982	119279	117892	4297
117982	119279	117892	4297
117982	119280	117892	4297
117983	119280	117893	4297
117982	119281	117893	4297
117983	119281	117893	4297
117983	119281	117893	4297
117983	119282	117893	4297
117983	119283	117893	4297
117983	119283	117893	4297
117983	119283	117894	4298
117983	119283	117894	4298
117983	119284	117894	4298
117983	119284	117894	4298
117983	119284	117894	4298
117984	119284	117894	4298
117983	119284	117894	4298
117984	119284	117894	4298
117983	119284	117894	4298
117983	119284	117894	4299
117983	119284	117894	4299
117984	119284	117895	4298
117984	119284	117895	4299
117984	119284	117895	4299
117984	119284	117895	4298
117984	119285	117895	4299
117984	119284	117895	4299
117984	119284	117895	4299
117984	119284	117895	4299
117984	119285	117895	4299
117984	119285	117895	4299
117984	119285	117895	4299
117984	119285	117895	4299
117984	119285	117895	4299
117984	119285	117895	4299
117984	119285	117895	4299
117984	119285	117895	4299
117984	119285	117895	4300
117984	119285	117895	4300
117984	119285	117895	4299
117984	119285	117895	4299
117984	119285	117895	4299
117984	119285	117895	4299
117984	119285	117895	4299
117984	119286	117895	4299
117984	119285	117895	4299
117984	119286	117895	4299
117984	119285	117895	4299
117984	119286	117895	4299
117984	119286	117895	4299
117984	119286	117895	4299
117984	119286	117895	4299
117984	119286	117895	4299
117984	119286	117895	4299
117985	119286	117895	4299
117984	119286	117895	4299
117984	119287	117895	4299
117984	119287	117895	4299
117985	119287	117895	4299
117984	119287	117895	4299
117984	119287	117895	4299
117984	119287	117895	4299
117985	119288	117895	4300
117985	119288	117895	4300
117984	119288	117895	4300
117985	119288	117895	4299
117984	119288	117895	4300
117984	119288	117895	4300
117984	119288	117895	4299
117984	119288	117895	4300
117985	119288	117895	4299
117984	119289	117895	4299
117984	119288	117895	4300
117985	119289	117895	4299
117985	119289	117896	4300
117985	119289	117895	4300
117984	119289	117896	4299
117985	119289	117895	4299
117985	119289	117896	4299
117985	119289	117895	4299
117985	119289	117896	4299
117985	119289	117896	4299
117985	119289	117895	4299
117984	119289	117896	4300
117984	119289	117895	4300
117984	119289	117896	4299
117985	119289	117896	4300
117985	119289	117895	4300
117984	119290	117896	4300
117985	119290	117896	4299
117985	119290	117895	4300
117985	119290	117895	4300
117985	119290	117895	4300
117985	119290	117895	4300
117985	119291	117896	4299
117985	119290	117896	4300
117985	119291	117896	4300
117985	119291	117895	4300
113006	114237	112888	4163
109607	111054	109760	4126
106985	108434	107124	4168
104246	105714	104428	4159
98589	100086	98777	4160
95969	97370	96114	4161
93226	94698	93359	4160
87782	89232	87922	4158
84887	86328	85012	4158
82220	83652	82262	4160
76770	78241	76928	4162
74010	75504	74126	4160
71364	72831	71411	4160
65900	67388	66001	4161
63152	64707	63287	4163
60515	61959	60605	4162
54891	56293	54931	4161
51941	53456	52044	4161
48853	50374	48935	4161
46146	47704	46259	4162
40686	42297	40798	4160
37962	39539	38068	4160
35051	36686	35267	4160
29634	31250	29848	4160
26948	28523	27067	4160
24028	25655	24169	4160
18629	20226	18745	4159
15889	17464	15989	4159
13180	14770	13279	4160
7364	8998	7479	4160
4435	6097	4596	4160
1757	3343	1875	4160
8	549	136	4161
17	30	144	4167
18	31	144	4166
18	31	145	4165
-1000	-1000	-1000	-1000
18	32	144	4165
18	32	144	4165
18	32	144	4165
18	32	144	4165
19	32	145	4165
18	32	144	4165
19	32	144	4329
19	32	144	4492
19	32	145	4701
19	32	145	4997
19	32	144	5110
18	32	144	5247
19	32	144	5346
19	32	144	5555
19	32	144	5613
19	32	144	5566
19	32	144	5546
19	32	144	5545
19	32	144	5545
41	44	160	5546
575	550	403	5546
685	771	842	5546
1356	1380	1335	5546
1594	1619	1641	5546
1863	1900	1832	5547
2388	2397	2387	5547
2722	2691	2719	5547
2972	2984	2983	5547
3240	3250	3232	5547
3825	3838	3840	5547
4163	4150	4134	5547
4425	4415	4451	5547
4990	4971	4966	5547
5250	5228	5262	5547
5492	5510	5504	5548
6047	6057	6062	5548
6392	6386	6372	5548
6667	6659	6707	5548
6925	6942	6955	5548
7488	7481	7508	5547
7752	7770	7744	5548
8059	8036	8086	5548
8343	8353	8361	5548
8934	8911	8956	5548
9150	9197	9166	5548
9518	9452	9492	5548
10021	10021	10007	5548
10294	10268	10290	5548
10500	10539	10537	5548
11117	11118	11114	5548
11400	11405	11387	5548
11704	11695	11735	5548
12070	12056	12074	5548
12675	12653	12668	5548
12917	12916	12915	5548
13185	13217	13185	5548
13739	13780	13772	5548
14093	14040	14068	5548
14300	14307	14340	5548
14599	14595	14585	5548
15129	15131	15154	5548
15439	15430	15427	5548
15680	15678	15726	5548
16261	16225	16301	5548
16512	16517	16524	5548
16849	16823	16806	5548
17363	17360	17382	5548
17695	17644	17690	5548
17923	17935	17948	5548
18475	18458	18512	5548
18714	18751	18748	5548
19057	19001	19042	5548
19584	19578	19550	5548
19840	19819	19882	5548
20081	20111	20083	5548
20453	20417	20449	5548
20975	21004	20983	5548
21311	21284	21340	5548
21547	21543	21557	5548
22111	22079	22118	5548
22335	22360	22356	5548
22666	22649	22691	5548
22921	22932	22946	5548
23510	23517	23556	5548
23777	23768	23787	5548
24090	24072	24081	5548
24615	24616	24589	5548
24899	24870	24928	5548
25155	25135	25155	5548
25714	25687	25733	5548
25994	26024	25995	5548
26316	26288	26316	5548
26560	26573	26584	5548
27127	27130	27156	5548
27390	27406	27399	5548
27698	27676	27679	5548
28229	28250	28246	5548
28545	28503	28550	5548
28790	28813	28827	5548
29360	29351	29384	5548
29611	29664	29631	5548
29960	29901	29970	5547
30495	30486	30477	5548
30760	30739	30784	5548
31000	31045	31027	5548
31356	31325	31346	5548
31894	31920	31887	5548
32198	32193	32239	5548
32428	32455	32459	5548
32989	33013	33041	5547
33263	33268	33242	5548
33564	33548	33605	5548
34118	34115	34095	5548
34369	34397	34402	5548
34639	34647	34622	5548
35154	35192	35190	5548
35498	35479	35430	5548
35715	35747	35739	5548
36313	36324	36348	5548
36558	36572	36587	5548
36873	36862	36852	5548
37095	37131	37162	5548
37679	37715	37722	5548
37935	37954	37976	5548
38239	38249	38218	5548
38754	38759	38760	5547
39068	39064	39097	5547
39327	39348	39367	5548
39942	39920	39963	5547
40205	40209	40238	5548
40499	40522	40497	5548
40757	40748	40783	5548
41338	41327	41345	5548
41574	41600	41601	5548
41852	41909	41868	5548
42373	42451	42418	5548
42714	42705	42712	5548
42945	42977	42976	5548
43505	43511	43544	5548
43760	43820	43789	5548
44102	44107	44104	5548
44610	44639	44640	5548
44942	44919	44966	5548
45165	45200	45217	5548
45485	45479	45468	5548
46026	46050	46067	5548
46351	46350	46363	5548
46593	46638	46652	5548
47171	47191	47233	5548
47422	47453	47481	5548
47749	47748	47739	5548
48266	48287	48285	5548
48581	48582	48631	5548
48830	48868	48883	5548
49156	49173	49140	5548
49675	49703	49678	5548
49948	49980	50004	5548
50197	50243	50234	5547
50777	50758	50790	5548
51006	51061	51016	5548
51331	51328	51371	5548
51864	51900	51890	5548
52127	52149	52151	5548
52387	52425	52404	5548
52961	52997	52995	5548
53243	53279	53261	5548
53514	53537	53565	5548
54075	54113	54122	5548
54340	54365	54385	5548
54625	54681	54631	5548
54895	54893	54957	5548
55519	55532	55515	5548
55760	55795	55823	5547
56015	56073	56070	5548
56567	56637	56633	5548
56891	56927	56876	5547
57150	57204	57212	5548
57438	57507	57492	5547
58017	58065	58096	5548
58299	58327	58320	5548
58611	58625	58644	5548
59191	59200	59180	5548
59451	59494	59549	5547
59710	59752	59766	5548
60039	60052	60047	5548
60557	60600	60589	5548
60871	60887	60934	5548
61099	61166	61170	5548
61693	61714	61770	5547
61934	61985	61989	5548
62244	62265	62319	5548
62798	62835	62839	5548
63079	63086	63131	5548
63309	63365	63374	5548
63876	63907	63915	5548
64183	64206	64219	5548
64450	64471	64519	5548
65030	65069	65053	5548
65266	65312	65336	5548
65550	65594	65581	5548
66077	66116	66149	5548
66421	66464	66424	5548
66673	66723	66752	5548
66960	67016	67037	5548
67523	67565	67617	5548
67833	67853	67858	5547
68080	68116	68175	5548
68649	68689	68673	5548
68922	68969	69029	5548
69192	69248	69238	5548
69722	69785	69803	5548
70034	70076	70059	5548
70277	70318	70367	5548
70580	70635	70656	5548
71125	71199	71186	5548
71442	71471	71484	5548
71736	71755	71803	5548
72327	72356	72362	5547
72569	72604	72620	5547
72843	72886	72862	5548
73104	73133	73188	5548
73710	73742	73725	5548
73963	73996	74020	5548
74240	74284	74296	5548
74802	74848	74885	5548
75101	75134	75115	5548
75361	75379	75453	5548
75931	75963	75978	5548
76148	76204	76244	5548
76466	76497	76476	5547
76987	77017	77069	5548
77306	77344	77332	5548
77547	77593	77645	5548
77867	77893	77927	5548
78405	78451	78496	5548
78720	78758	78749	5548
79003	79034	79116	5548
79600	79611	79631	5548
79835	79871	79928	5548
80114	80167	80173	5547
80409	80449	80484	5547
80996	81041	81007	5547
81233	81280	81332	5548
81495	81560	81537	5548
82042	82111	82099	5548
82367	82400	82394	5548
82622	82659	82722	5548
83190	83201	83253	5548
83411	83479	83492	5548
83726	83761	83742	5548
84232	84312	84321	5548
84592	84622	84604	5548
84814	84890	84905	5548
85391	85429	85487	5548
85611	85703	85727	5548
85998	86035	85978	5548
86260	86321	86362	5548
86782	86857	86860	5548
87065	87109	87161	5548
87385	87462	87397	5548
87893	87967	87976	5548
88212	88272	88250	5548
88459	88533	88554	5548
88783	88878	88864	5548
89345	89422	89437	5548
89648	89698	89685	5547
89891	89948	90000	5548
90169	90277	90281	5548
90748	90813	90865	5548
91044	91112	91121	5548
91338	91386	91434	5548
91915	91969	91953	5548
92187	92243	92303	5548
92440	92547	92545	5548
92812	92859	92846	5548
93323	93377	93366	5547
93603	93677	93693	5548
93829	93940	93956	5548
94409	94469	94512	5548
94688	94738	94739	5548
94959	95012	95056	5548
95552	95592	95566	5548
95785	95858	95901	5548
96050	96100	96112	5548
96578	96658	96684	5548
96901	96959	96897	5548
97173	97252	97298	5547
97729	97829	97816	5548
97983	98068	98098	5548
98300	98349	98333	5548
98818	98889	98907	5548
99072	99196	99164	5548
99367	99438	99487	5548
99671	99729	99724	5548
100230	100320	100327	5548
100538	100598	100587	5548
100798	100869	100906	5547
101374	101446	101429	5548
101627	101691	101743	5548
101940	102008	101983	5548
102218	102251	102319	5548
102461	102573	102569	5548
103120	103175	103238	5548
103339	103461	103463	5548
103691	103735	103748	5548
104220	104278	104280	5548
104513	104589	104614	5548
104751	104851	104857	5548
105316	105411	105414	5548
105617	105676	105682	5548
105874	105977	106008	5548
106480	106533	106521	5548
106708	106807	106842	5548
107018	107083	107102	5548
107259	107387	107370	5548
107862	107911	107914	5549
108107	108197	108230	5548
108387	108477	108489	5548
108930	109014	109023	5548
109238	109275	109285	5548
109455	109546	109581	5548
110095	110166	110128	5548
110331	110388	110447	5548
110606	110682	110689	5548
111144	111225	111238	5548
111442	111516	111498	5548
111742	111784	111841	5548
111989	112094	112100	5548
112596	112641	112727	5548
112854	112944	112961	5548
113183	113234	113285	5548
113421	113522	113529	5547
114038	114113	114170	5548
114298	114399	114423	5548
114649	114702	114710	5548
114899	114982	115019	5548
115474	115571	115568	5548
115705	115825	115844	5548
116044	116117	116112	5548
116572	116645	116669	5548
116894	116957	116955	5548
117124	117216	117229	5548
117454	117511	117522	5549
117966	118052	118015	5556
118235	118337	118267	5560
118488	118606	118532	5563
118977	119219	119031	5593
119242	119468	119186	5590
119412	119736	119551	5591
119753	120208	119827	5602
119753	120445	119827	5604
119753	120727	119827	5605
119753	120974	119832	5608
119754	121271	119874	5615
119754	121272	119875	5615
119754	121272	119875	5616
119754	121273	119875	5616
119754	121274	119876	5616
119754	121274	119875	5616
119754	121274	119875	5616
119755	121274	119875	5616
119755	121274	119876	5616
119755	121274	119876	5617
119756	121274	119876	5617
119756	121274	119876	5616
119756	121274	119876	5617
119756	121275	119876	5617
119757	121275	119876	5616
119757	121275	119876	5617
119757	121275	119876	5616
119757	121275	119876	5617
119758	121275	119876	5617
119758	121275	119876	5617
119758	121275	119876	5617
119757	121275	119876	5617
119758	121275	119876	5617
119758	121275	119876	5617
119758	121275	119876	5617
119758	121275	119876	5617
119758	121275	119876	5617
119759	121276	119876	5617
119759	121276	119876	5617
119759	121276	119876	5617
119759	121276	119876	5617
119759	121276	119876	5617
119759	121276	119876	5617
119759	121275	119876	5617
119759	121276	119876	5617
119759	121276	119876	5618
119759	121276	119876	5617
119759	121276	119876	5617
119759	121276	119876	5618
119759	121276	119876	5617
119759	121276	119876	5617
119759	121276	119876	5618
119759	121276	119876	5617
119759	121276	119877	5617
119759	121276	119876	5617
119759	121276	119876	5618
119759	121276	119877	5618
119759	121276	119877	5617
119760	121276	119876	5618
119759	121276	119876	5618
119760	121276	119876	5618
119759	121276	119876	5618
119760	121276	119876	5618
119759	121276	119877	5618
119759	121276	119876	5619
119760	121277	119876	5619
119760	121277	119877	5618
119759	121277	119884	5618
119760	121279	119892	5618
119760	121279	119893	5618
119760	121280	119893	5618
119760	121282	119893	5617
119760	121282	119893	5618
119760	121282	119893	5618
119760	121283	119893	5618
119761	121283	119893	5618
119760	121283	119893	5617
119760	121284	119893	5618
119760	121284	119894	5618
119760	121284	119893	5618
119760	121284	119893	5617
119761	121284	119894	5617
119761	121284	119893	5618
119761	121285	119893	5618
119761	121285	119893	5617
119760	121285	119893	5617
119760	121286	119894	5617
119760	121286	119893	5618
119761	121286	119894	5618
119760	121286	119893	5617
119761	121286	119893	5617
119761	121286	119893	5617
119761	121286	119893	5617
119761	121287	119893	5617
119761	121286	119894	5617
119761	121286	119894	5617
119761	121286	119894	5618
119761	121286	119893	5617
119761	121286	119893	5617
119761	121287	119893	5617
119761	121287	119894	5617
119761	121287	119893	5617
119761	121287	119893	5617
119761	121287	119894	5617
119761	121287	119893	5617
119761	121287	119894	5617
119761	121287	119894	5618
119761	121287	119893	5617
119761	121288	119894	5617
119761	121287	119894	5617
119761	121287	119894	5617
119761	121287	119893	5617
117413	118815	117336	5587
111844	113222	111889	5531
109223	110550	109163	5537
106325	107573	106207	5535
100907	102163	100858	5535
97978	99319	97948	5537
95274	96613	95220	5536
89820	91198	89820	5535
86967	88270	86863	5536
84039	85394	84018	5541
81322	82650	81292	5540
75810	77035	75687	5536
72861	74117	72773	5537
69936	71248	69883	5535
67243	68483	67148	5534
61444	62684	61370	5536
58775	59980	58670	5535
55997	57243	55961	5535
50669	51835	50515	5535
47879	49081	47859	5535
45157	46353	45078	5535
39688	40952	39754	5535
36989	38284	36996	5535
34289	35530	34253	5536
28668	29934	28626	5537
25776	27020	25687	5536
22896	24068	22819	5536
17259	18529	17162	5535
14522	15849	14492	5535
11984	13244	11933	5536
6213	7481	6170	5535
3458	4718	3483	5535
847	2079	782	5536
7	27	130	5536
9	29	130	5535
9	29	131	5536
10	30	131	5535
10	30	131	5535
10	30	131	5537
-1000	-1000	-1000	-1000
10	30	131	5536
10	30	131	5536
10	30	131	5535
10	30	131	5537
10	30	131	5535
10	30	131	5536
10	30	131	5605
10	30	131	5708
10	31	131	6099
10	31	132	6254
10	31	131	6385
10	31	131	6605
11	30	131	6736
10	30	131	6900
10	30	131	6999
10	31	131	6996
11	30	131	6950
11	30	131	6933
11	31	131	6932
11	30	131	6932
11	31	131	6931
29	42	148	6931
481	523	328	6931
678	769	833	6931
1301	1326	1338	6932
1549	1603	1595	6932
1853	1877	1811	6932
2135	2159	2250	6931
2732	2720	2726	6932
2960	2996	2998	6931
3236	3229	3231	6933
3784	3785	3817	6931
4108	4073	4083	6932
4317	4344	4373	6932
4884	4888	4932	6931
5142	5136	5175	6931
5471	5457	5448	6931
6026	6018	6050	6932
6345	6310	6332	6932
6581	6561	6606	6931
7116	7109	7174	6931
7395	7392	7404	6931
7698	7662	7701	6931
7948	7952	7987	6932
8584	8543	8599	6932
8815	8811	8849	6933
9091	9109	9102	6931
9607	9659	9658	6931
9989	9922	9982	6932
10228	10214	10227	6931
10469	10496	10500	6932
11048	11065	11071	6932
11364	11339	11340	6932
11843	11879	11856	6932
12167	12120	12174	6931
12391	12412	12410	6932
12963	12943	12976	6931
13208	13229	13218	6933
13531	13471	13541	6932
13743	13753	13779	6931
14332	14315	14370	6932
14587	14600	14592	6931
14891	14855	14932	6931
15470	15447	15427	6932
15712	15707	15791	6933
15982	15971	15968	6932
16540	16548	16593	6933
16849	16830	16800	6932
17070	17102	17165	6931
17691	17663	17688	6932
17920	17943	17951	6932
18231	18238	18189	6932
18492	18474	18535	6932
19092	19076	19067	6931
19340	19349	19362	6931
19622	19639	19612	6931
20149	20184	20157	6932
20473	20455	20464	6933
20722	20721	20727	6933
21308	21268	21334	6930
21527	21545	21547	6931
21835	21834	21846	6931
22361	22380	22373	6933
22701	22683	22721	6933
22934	22944	22959	6931
23482	23510	23537	6931
23753	23754	23746	6931
24056	24065	24072	6930
24316	24330	24363	6929
24893	24888	24936	6931
25164	25163	25181	6931
25468	25479	25450	6931
26004	26071	26008	6931
26309	26287	26310	6931
26549	26563	26573	6930
27095	27108	27126	6931
27383	27387	27371	6930
27658	27664	27666	6930
27949	27942	27933	6932
28536	28496	28547	6931
28784	28802	28796	6932
29124	29098	29094	6931
29619	29658	29624	6931
29970	29910	29962	6932
30172	30202	30193	6930
30772	30745	30774	6935
30978	31014	30998	6934
31344	31303	31322	6931
31566	31599	31587	6932
32175	32170	32214	6932
32420	32451	32442	6934
32747	32740	32728	6932
33256	33292	33233	6929
33564	33563	33598	6930
33800	33845	33832	6930
34382	34399	34403	6931
34653	34651	34641	6932
34962	34978	34983	6933
35196	35220	35218	6931
35750	35777	35783	6931
36041	36045	36033	6930
36372	36361	36366	6931
36897	36922	36917	6931
37227	37228	37249	6930
37471	37494	37510	6931
37784	37809	37787	6932
38333	38362	38361	6932
38642	38635	38633	6932
38887	38903	38923	6934
39437	39431	39481	6935
39696	39747	39745	6932
40024	40028	39988	6930
40535	40589	40556	6931
40854	40823	40874	6930
41061	41130	41113	6931
41393	41412	41377	6931
41875	41946	41915	6930
42231	42207	42243	6931
42441	42509	42474	6931
43020	43039	43033	6932
43248	43307	43257	6931
43800	43856	43830	6931
44136	44158	44140	6931
44400	44418	44417	6932
44625	44681	44672	6932
45196	45233	45240	6933
45516	45493	45474	6932
45766	45792	45832	6931
46391	46382	46371	6929
46613	46652	46646	6929
46912	46934	46896	6932
47440	47445	47474	6931
47782	47783	47761	6930
48027	48063	48066	6932
48332	48334	48327	6931
48876	48893	48901	6932
49182	49199	49166	6933
49442	49471	49474	6934
49727	49760	49728	6932
50430	50399	50414	6932
50653	50699	50673	6932
50964	50977	50938	6931
51457	51539	51486	6931
51826	51806	51819	6933
52033	52078	52036	6933
52590	52601	52608	6929
52832	52885	52845	6929
53161	53149	53172	6932
53418	53455	53411	6931
53973	53972	54006	6931
54196	54251	54220	6931
54534	54534	54545	6932
55095	55119	55082	6931
55384	55415	55422	6931
55644	55668	55685	6931
56218	56255	56260	6931
56484	56518	56484	6934
56795	56826	56819	6937
57338	57351	57312	6931
57563	57616	57623	6932
57864	57869	57842	6931
58383	58420	58427	6930
58711	58730	58684	6931
58964	58999	59021	6932
59237	59283	59244	6931
59777	59834	59809	6933
60074	60113	60070	6934
60332	60362	60381	6931
60893	60924	60939	6932
61121	61187	61166	6931
61432	61475	61447	6930
61943	61992	61971	6931
62244	62293	62301	6930
62783	62822	62811	6931
63069	63080	63090	6932
63311	63365	63357	6931
63664	63696	63678	6931
64187	64220	64193	6931
64470	64511	64507	6931
64712	64767	64745	6932
65267	65325	65303	6932
65566	65600	65570	6930
65818	65877	65882	6932
66413	66464	66421	6929
66649	66711	66692	6931
66934	66998	66947	6930
67467	67522	67509	6930
67767	67813	67770	6930
68026	68072	68084	6932
68315	68378	68364	6934
68879	68947	68935	6933
69178	69233	69175	6932
69444	69482	69510	6931
70030	70078	70039	6931
70279	70334	70330	6931
70555	70636	70580	6933
71068	71174	71119	6932
71419	71447	71437	6934
71663	71715	71677	6934
72207	72260	72247	6936
72466	72550	72504	6934
72788	72835	72777	6934
73024	73087	73051	6933
73621	73699	73642	6930
73869	73961	73884	6929
74163	74196	74155	6930
74662	74731	74682	6929
74963	75006	75000	6930
75203	75285	75247	6931
75749	75829	75812	6929
76039	76087	76040	6932
76290	76371	76358	6931
76874	76913	76866	6931
77120	77203	77200	6933
77411	77458	77415	6931
77941	78036	77989	6930
78290	78323	78254	6929
78517	78586	78602	6931
79113	79175	79147	6934
79372	79437	79423	6933
79673	79782	79682	6932
79957	80036	80027	6932
80541	80596	80543	6931
80785	80861	80842	6932
81071	81144	81108	6931
81592	81689	81646	6931
81920	82012	81973	6932
82195	82270	82276	6931
82459	82554	82529	6931
83042	83104	83103	6931
83297	83401	83350	6932
83601	83666	83671	6931
84178	84248	84202	6931
84439	84519	84514	6931
84694	84797	84756	6931
85028	85090	85051	6932
85577	85642	85592	6931
85853	85917	85923	6931
86084	86199	86163	6932
86651	86725	86733	6930
86946	87011	86961	6929
87201	87260	87281	6929
87806	87855	87789	6932
88025	88118	88106	6930
88309	88383	88327	6930
88848	88960	88893	6930
89154	89225	89124	6930
89393	89464	89450	6931
89975	90041	90027	6930
90249	90350	90305	6930
90560	90620	90542	6929
91069	91152	91110	6931
91387	91456	91434	6930
91644	91711	91686	6931
91926	92019	91945	6931
92449	92560	92511	6929
92785	92842	92810	6932
93018	93098	93072	6933
93603	93671	93660	6931
93822	93948	93902	6934
94164	94229	94171	6932
94722	94780	94738	6929
95007	95086	95064	6931
95253	95348	95324	6931
95575	95639	95579	6931
96098	96185	96151	6930
96424	96485	96448	6932
96675	96759	96737	6932
97226	97300	97301	6929
97503	97567	97539	6930
97834	97878	97837	6931
98088	98153	98144	6930
98748	98786	98723	6929
98996	99078	99083	6929
99269	99326	99296	6929
99818	99888	99870	6928
100147	100188	100133	6931
100398	100466	100472	6930
100972	101028	100974	6930
101210	101273	101263	6931
101505	101559	101491	6930
101760	101818	101833	6933
102342	102371	102346	6931
102588	102639	102619	6931
103131	103166	103184	6930
103366	103469	103430	6931
103718	103751	103731	6931
103984	104036	104003	6931
104631	104693	104624	6931
104878	104934	104915	6930
105162	105237	105174	6931
105436	105528	105461	6931
106031	106092	106032	6930
106303	106371	106323	6930
106573	106684	106592	6933
107128	107212	107122	6931
107424	107467	107376	6930
107678	107775	107673	6930
107974	108064	107941	6930
108533	108621	108502	6930
108809	108860	108720	6931
109088	109168	109020	6934
109667	109694	109561	6931
109900	109944	109836	6931
110167	110233	109922	6930
110699	110799	109922	6930
111011	111071	109922	6930
111276	111338	109921	6929
111856	111898	109921	6929
112084	112158	109922	6930
112411	112466	109921	6929
112711	112760	109922	6931
113265	113332	109921	6929
113508	113577	109921	6931
114048	114132	109922	6930
114287	114390	109921	6930
114617	114686	109922	6932
114881	114954	109922	6931
115444	115534	109922	6932
115693	115794	109922	6931
116019	116078	109922	6932
116567	116639	109923	6931
116833	116931	109924	6932
117093	117171	109924	6931
117649	117723	109925	6931
117922	117966	109925	6930
118252	118309	109926	6931
118797	118853	109926	6931
119022	119091	109926	6931
119312	119360	109927	6931
119592	119663	109928	6930
120166	120208	109938	6932
120419	120493	109939	6930
120685	120756	109938	6930
121279	121342	109939	6930
121597	121644	109939	6931
121852	121940	109938	6932
122374	122470	109939	6930
122621	122721	109939	6932
122876	123032	109938	6932
123105	123299	109938	6955
123544	123804	109938	6974
123767	124007	109939	6986
123988	124280	109939	6988
124375	124684	109938	6994
124524	124888	109938	6996
124612	125088	109938	6998
124613	125412	109938	6999
124614	125600	109938	7000
124614	126051	109938	7000
124614	126239	109937	7000
124615	126239	109938	7000
124615	126240	109937	7000
124615	126241	109937	7000
124615	126241	109938	7000
124615	126241	109938	7001
124615	126241	109937	7000
124615	126241	109937	7000
124616	126242	109937	7000
124615	126242	109938	7000
124616	126243	109938	7000
124616	126243	109937	7000
124616	126243	109937	7001
124616	126243	109937	7000
124616	126243	109938	7000
124616	126244	109937	7001
124616	126244	109938	7000
124616	126244	109937	7001
124616	126245	109937	7000
124616	126245	109937	7000
124617	126246	109937	7001
124617	126245	109938	7000
124617	126246	109937	7000
124617	126246	109938	7000
124617	126246	109937	7000
124617	126246	109938	7000
124617	126247	109937	7000
124617	126246	109937	7000
124617	126247	109938	7000
124617	126247	109938	7000
124617	126247	109937	7000
124617	126247	109937	7000
124617	126247	109937	7000
124617	126247	109938	7000
124617	126247	109937	7000
124617	126247	109937	7000
124617	126247	109937	7001
124617	126247	109937	7001
124618	126247	109937	7000
124617	126247	109938	7000
124617	126247	109938	7000
124618	126247	109937	7000
124618	126247	109937	7000
124617	126247	109938	7001
124617	126247	109937	7000
124618	126247	109938	7000
124618	126247	109938	7000
124618	126248	109937	7000
124618	126248	109937	7000
124618	126247	109938	7000
124617	126248	109937	7000
124618	126248	109937	7000
124618	126248	109937	7000
124618	126247	109937	7001
124618	126248	109938	7000
124618	126247	109937	7001
124618	126248	109937	7000
124618	126248	109937	7001
124618	126248	109937	7000
124618	126248	109938	7000
124618	126248	109937	7000
124618	126248	109937	7000
124618	126248	109937	7000
124618	126248	109937	7000
124618	126248	109938	7000
124618	126247	109937	7000
124618	126248	109937	7000
124618	126248	109937	7000
124618	126248	109937	7000
124618	126248	109937	7000
124618	126248	109937	7000
124618	126248	109937	7000
124618	126248	109937	7000
124618	126248	109937	7000
124618	126248	109938	7000
124618	126248	109937	7000
124618	126248	109938	7000
124618	126248	109937	7000
124618	126248	109937	7000
124618	126248	109937	7001
124618	126248	109938	7001
124618	126248	109937	7000
124618	126248	109937	7000
124618	126248	109937	7000
124618	126248	109937	7000
124618	126248	109937	7000
124618	126248	109937	7001
124618	126248	109937	7000
124618	126248	109937	7000
124618	126248	109937	7001
124618	126248	109937	7000
124618	126248	109937	7000
124618	126248	109938	7000
124619	126248	109937	7001
124618	126248	109937	7000
124618	126248	109938	7000
124619	126248	109937	7000
124619	126248	109938	7000
124618	126248	109937	7000
124618	126248	109937	7000
124618	126248	109937	7000
122664	124628	107475	6966
119784	121451	104967	6933
114121	115898	99118	6931
111450	113132	96434	6931
108487	110245	93464	6931
102851	104626	87901	6930
100195	101866	85132	6932
96892	98602	81917	6931
94185	95941	79171	6930
88827	90516	73737	6931
85900	87655	70815	6931
83203	84892	68100	6930
77755	79462	62646	6931
75026	76769	59902	6931
72317	74131	57202	6931
66861	68595	51770	6933
64032	65778	48929	6930
61294	63018	46240	6932
55709	57423	40677	6930
52972	54665	37971	6931
50071	51853	35107	6930
44655	46388	29673	6931
41768	43498	26836	6931
39039	40782	24080	6929
36334	38024	21376	6932
31080	32790	16079	6934
28088	29742	13023	6929
25376	26966	10298	6930
19920	21513	4869	6932
17285	18830	2161	6931
14553	16135	86	6930
9155	10675	98	6934
6398	7942	98	6937
3491	5035	98	6936
13	226	98	6933
14	217	98	6930
15	218	98	6931
-1000	-1000	-1000	-1000
16	218	98	6931
17	218	98	6931
16	218	98	6930
