10	2	2	53
10	2	2	53
10	3	2	53
11	3	2	52
453	317	455	53
835	870	857	53
947	983	953	53
1323	1351	1372	53
1877	1905	1865	53
2149	2153	2231	53
2441	2435	2410	54
2956	2991	3006	53
3331	3299	3248	53
3559	3546	3615	53
3855	3840	3866	53
4398	4427	4442	53
4720	4683	4670	53
4945	4960	4958	53
5515	5520	5486	53
5808	5824	5847	53
6125	6110	6117	54
6349	6392	6375	54
6984	6996	6964	53
7220	7240	7240	54
7518	7520	7525	54
8025	8056	8076	53
8361	8377	8341	53
8623	8652	8635	53
9218	9239	9171	54
9468	9472	9520	54
9770	9809	9776	54
10085	10082	10063	54
10630	10646	10594	53
10880	10862	10897	54
11123	11166	11133	54
11665	11702	11706	53
12003	12015	11965	53
12259	12254	12253	54
12873	12866	12802	54
13092	13123	13126	54
13389	13412	13393	54
13711	13704	13661	53
14296	14265	14222	54
14510	14542	14546	53
14770	14800	14799	53
15338	15383	15396	54
15660	15652	15631	54
15885	15927	15895	54
16434	16488	16412	54
16719	16772	16768	53
17031	17037	17002	53
17553	17610	17598	53
17897	17916	17834	54
18188	18205	18179	54
18475	18523	18496	54
19009	19038	19027	54
19331	19387	19334	54
19763	19785	19734	54
20014	20047	19988	54
20258	20308	20275	54
20810	20861	20843	54
21134	21188	21154	54
21557	21607	21537	53
21830	21830	21826	54
22069	22162	22120	53
22660	22699	22712	54
22943	22995	22958	53
23216	23257	23208	54
23833	23827	23790	54
24056	24128	24094	53
24359	24377	24371	54
24636	24676	24599	54
25225	25213	25174	53
25444	25519	25454	53
25708	25731	25742	54
26268	26322	26311	53
26583	26578	26557	54
26808	26877	26824	53
27418	27446	27373	53
27653	27712	27665	54
27965	27968	27884	53
28503	28567	28516	54
28840	28872	28801	54
29078	29120	29082	54
29663	29713	29617	53
29901	29936	29921	54
30211	30249	30166	53
30721	30765	30714	54
31020	31065	30972	53
31250	31308	31266	53
31820	31860	31812	54
32097	32141	32111	53
32402	32440	32340	53
32649	32692	32693	54
33258	33297	33193	53
33514	33562	33535	54
33820	33846	33741	54
34330	34411	34349	54
34679	34701	34599	54
34898	34971	34931	54
35478	35539	35410	54
35738	35810	35726	54
36022	36090	35967	54
36587	36616	36555	54
36823	36866	36825	53
37097	37160	37108	53
37657	37713	37702	54
37962	37960	37915	53
38227	38305	38218	54
38520	38584	38558	54
39080	39145	39107	54
39360	39420	39373	54
39709	39726	39630	54
40246	40268	40219	54
40498	40531	40476	54
40741	40787	40793	54
41336	41365	41356	54
41622	41650	41617	54
41887	41933	41867	54
42456	42488	42400	54
42692	42720	42719	54
42960	43006	42963	54
43248	43292	43200	54
43862	43881	43807	54
44088	44127	44114	54
44362	44393	44363	54
44868	44941	44937	54
45238	45226	45213	54
45452	45513	45477	54
45988	46070	45989	54
46258	46317	46310	54
46581	46601	46562	54
47112	47150	47142	53
47376	47459	47385	54
47650	47688	47684	54
48220	48291	48226	54
48522	48537	48540	54
48825	48862	48780	54
49361	49395	49357	53
49590	49659	49597	53
49881	49920	49909	54
50165	50223	50144	54
50704	50786	50730	54
51042	51051	50972	54
51256	51315	51326	54
51840	51863	51888	54
52087	52158	52097	54
52399	52431	52371	54
52951	52973	52924	54
53185	53232	53219	54
53466	53540	53505	54
54037	54089	54105	54
54335	54346	54334	54
54587	54634	54609	53
55184	55208	55149	54
55403	55467	55468	54
55720	55720	55716	54
55944	56007	55971	54
56552	56590	56543	54
56793	56855	56836	54
57091	57112	57104	54
57612	57681	57670	53
57894	57946	57902	54
58159	58219	58213	53
58693	58756	58712	54
59018	59072	59089	54
59339	59349	59325	53
59852	59889	59878	53
60132	60176	60135	54
60376	60424	60443	54
60965	60970	60986	53
61197	61262	61265	54
61555	61571	61526	54
61809	61826	61852	54
62379	62427	62368	54
62592	62660	62681	54
62959	62998	62934	54
63475	63545	63511	54
63773	63835	63764	54
64007	64069	64076	54
64576	64626	64587	54
64848	64910	64906	54
65144	65218	65150	54
65707	65721	65717	54
65943	65998	65945	54
66225	66252	66246	54
66737	66787	66809	54
67083	67100	67075	54
67332	67384	67329	54
67619	67636	67669	54
68163	68206	68211	54
68469	68474	68476	54
68697	68745	68706	54
69269	69311	69262	54
69519	69549	69578	54
69823	69845	69844	54
70332	70377	70403	54
70642	70671	70614	54
71171	71220	71163	54
71504	71503	71489	54
71705	71773	71774	54
72048	72068	72017	54
72548	72595	72561	53
72852	72907	72838	54
73111	73135	73155	54
73687	73695	73699	54
73953	74013	73956	54
74256	74291	74237	54
74810	74812	74803	54
75066	75079	75069	54
75313	75366	75352	54
75876	75910	75946	54
76186	76201	76173	54
76421	76461	76433	54
76976	77024	76958	54
77238	77276	77302	54
77540	77555	77541	54
78051	78101	78104	54
78326	78376	78299	54
78586	78637	78658	54
79136	79161	79174	54
79404	79464	79439	54
79689	79721	79670	54
80283	80319	80266	54
80528	80579	80545	54
80797	80858	80826	54
81091	81142	81067	54
81651	81671	81626	54
81929	81943	81942	54
82155	82231	82188	54
82717	82761	82774	54
83002	83035	82993	54
83278	83298	83291	54
83881	83894	83841	54
84113	84156	84164	54
84375	84431	84397	54
84915	85006	84997	54
85258	85259	85236	54
85495	85537	85534	54
86057	86082	86022	54
86279	86368	86373	54
86632	86635	86607	54
87134	87191	87202	54
87452	87480	87437	54
87673	87755	87748	54
88228	88309	88271	54
88510	88554	88549	54
88774	88848	88804	54
89073	89128	89117	54
89627	89698	89670	54
89902	89962	89953	54
90239	90271	90224	54
90788	90824	90822	54
91065	91116	91048	54
91297	91353	91361	54
91869	91894	91898	54
92136	92182	92165	54
92418	92469	92413	54
93009	93022	92980	54
93247	93280	93257	54
93533	93590	93602	54
93844	93898	93823	54
94394	94448	94426	54
94661	94701	94641	54
94917	94960	94987	54
95460	95496	95510	54
95758	95802	95777	54
96027	96069	96019	54
96608	96622	96581	54
96835	96896	96854	54
97159	97195	97136	54
97694	97748	97722	54
97998	98020	97988	54
98235	98278	98266	54
98532	98584	98564	54
99079	99126	99130	54
99386	99391	99387	54
99655	99704	99660	54
100242	100287	100210	54
100487	100524	100531	54
100770	100810	100760	54
101286	101356	101335	54
101614	101638	101555	54
101851	101879	101877	54
102414	102457	102398	54
102658	102718	102700	54
102971	103013	102934	54
103499	103536	103513	54
103799	103860	103789	54
104036	104109	104098	54
104570	104655	104609	55
104865	104937	104872	54
105090	105225	105119	56
105565	105761	105609	58
105854	106039	105860	59
106050	106310	106043	63
106346	106621	106331	78
106806	107157	106819	87
106979	107438	106936	91
107107	107709	107067	93
107108	108222	107068	94
107108	108500	107069	94
107108	108776	107069	95
107109	109027	107069	95
107110	109560	107069	96
107111	109817	107069	98
107112	110040	107069	100
107113	110099	107070	101
107114	110099	107069	101
107114	110100	107069	101
107114	110101	107069	101
107115	110103	107070	101
107115	110103	107070	101
107115	110104	107069	102
107116	110104	107070	102
107115	110105	107070	102
107116	110105	107070	102
107116	110106	107070	102
107116	110106	107070	102
107116	110106	107070	102
107116	110106	107070	102
107116	110107	107070	102
107117	110107	107070	102
107116	110107	107070	102
107116	110108	107070	102
107117	110108	107070	102
107116	110108	107070	102
107117	110109	107070	102
107116	110109	107070	102
107117	110109	107070	102
107116	110109	107070	102
107117	110109	107070	102
107117	110110	107070	102
107117	110110	107070	103
107117	110110	107070	102
107117	110111	107070	102
107117	110111	107070	102
107117	110111	107070	103
107117	110111	107070	102
107117	110111	107070	102
107117	110111	107070	102
107117	110112	107070	102
107117	110112	107070	102
107117	110111	107070	102
107117	110112	107070	102
107117	110112	107070	102
107117	110112	107070	102
107117	110113	107070	102
107117	110112	107070	102
107117	110113	107070	102
107117	110113	107070	102
107117	110113	107070	102
107117	110113	107070	103
107117	110113	107070	102
107117	110114	107070	102
107117	110113	107070	102
107117	110114	107070	102
107117	110114	107070	102
107117	110114	107070	102
107117	110115	107070	102
107118	110115	107070	102
107117	110115	107070	102
107118	110115	107070	102
107118	110116	107070	102
107118	110116	107070	102
107117	110117	107070	102
107118	110118	107070	102
107117	110118	107070	102
107118	110119	107070	102
107117	110119	107070	102
107118	110119	107070	102
107117	110119	107070	102
107118	110120	107070	102
107118	110120	107070	102
107117	110119	107070	102
107118	110120	107070	102
107118	110120	107070	102
107117	110120	107070	102
107118	110120	107070	102
107118	110120	107070	102
107118	110120	107070	102
107118	110121	107070	102
107118	110121	107070	102
107118	110120	107070	102
107118	110120	107070	102
107118	110121	107070	102
107118	110121	107070	102
107117	110121	107070	102
107117	110121	107070	102
107118	110121	107070	102
107118	110121	107070	102
107118	110121	107070	102
107117	110121	107070	102
107118	110121	107070	102
107118	110122	107070	102
107118	110122	107070	102
107118	110122	107070	102
107118	110122	107070	103
107118	110122	107070	102
107118	110122	107070	102
107118	110122	107070	102
107118	110122	107070	102
107117	110122	107070	102
107118	110122	107070	102
107118	110122	107070	102
107118	110123	107070	102
107118	110123	107070	102
104652	107804	105185	100
102089	105022	102302	78
99165	102181	99542	70
96549	99528	96808	68
90893	93915	91193	67
88244	91115	88470	66
85398	88257	85551	65
82461	85317	82643	64
76506	79347	76689	61
73583	76455	73883	61
70916	73730	71094	61
65272	68104	65481	60
62507	65383	62723	60
59652	62460	59874	59
54215	57040	54436	59
51487	54296	51677	59
48777	51574	48979	58
42979	45805	43186	58
40284	43136	40454	59
37564	40371	37695	59
34684	37497	34842	59
29126	31879	29206	58
26372	29159	26504	58
23674	26468	23814	58
18065	20802	18160	58
15111	17926	15256	58
12444	15180	12617	57
7023	9734	7179	58
4310	7036	4401	58
1412	4165	1475	57
46	86	67	57
46	92	68	58
48	93	68	58
58	93	68	58
-1000	-1000	-1000	-1000
58	93	68	58
58	93	68	58
58	93	68	58
58	93	68	59
58	93	68	58
58	93	68	100
58	93	68	185
58	93	69	285
58	93	69	475
58	93	69	823
58	93	69	972
58	93	69	1114
58	93	69	1305
58	93	69	1399
58	93	69	1451
58	93	69	1429
58	93	69	1424
58	93	69	1424
58	93	69	1424
58	93	69	1423
58	93	69	1423
70	95	87	1423
786	843	854	1423
1047	1038	963	1423
1290	1305	1359	1423
1851	1897	1850	1423
2138	2145	2228	1423
2432	2417	2401	1423
2931	2954	2972	1422
3257	3223	3206	1422
3470	3491	3569	1422
4025	4028	4054	1422
4329	4298	4341	1422
4582	4586	4567	1422
5164	5132	5145	1422
5413	5396	5424	1422
5690	5676	5713	1422
6229	6240	6282	1421
6545	6503	6513	1421
6804	6794	6817	1422
7070	7092	7118	1422
7680	7645	7701	1422
7944	7934	7955	1422
8244	8191	8210	1422
8802	8759	8744	1421
9023	8997	9054	1421
9594	9517	9573	1421
9784	9814	9815	1421
10165	10081	10093	1421
10649	10631	10623	1421
11021	10929	10972	1421
11244	11232	11277	1421
11563	11524	11520	1421
12060	12042	12065	1422
12386	12328	12337	1421
12611	12607	12633	1422
13166	13142	13182	1422
13440	13421	13477	1421
13799	13742	13751	1422
14071	14024	14082	1421
14672	14617	14615	1422
14882	14859	14952	1422
15217	15181	15221	1422
15754	15711	15809	1422
16038	16010	16010	1422
16282	16271	16321	1422
16614	16574	16617	1421
17146	17110	17200	1421
17434	17422	17406	1421
17684	17663	17712	1421
18260	18206	18223	1421
18511	18517	18562	1421
18827	18804	18793	1421
19344	19337	19364	1421
19653	19630	19610	1421
19896	19864	19936	1421
20447	20402	20474	1421
20707	20740	20736	1421
21048	21012	21013	1421
21571	21569	21564	1421
21834	21787	21866	1422
22105	22112	22148	1422
22424	22402	22390	1421
22950	22959	22966	1421
23247	23221	23232	1422
23541	23541	23592	1421
23867	23824	23854	1421
24395	24373	24462	1421
24714	24679	24680	1421
24973	24979	24988	1421
25512	25542	25512	1422
25773	25781	25843	1421
26102	26064	26086	1421
26363	26362	26379	1421
26948	26943	26932	1421
27190	27198	27242	1421
27507	27494	27521	1421
28079	28072	28124	1422
28374	28362	28341	1421
28618	28600	28653	1421
29216	29203	29187	1421
29472	29456	29532	1421
29760	29757	29752	1421
30253	30292	30305	1421
30619	30578	30565	1421
30841	30826	30888	1421
31134	31131	31136	1421
31651	31658	31702	1421
32001	31970	31949	1421
32240	32206	32280	1421
32835	32806	32805	1421
33062	33082	33128	1421
33386	33365	33358	1421
33871	33890	33930	1421
34191	34163	34149	1421
34404	34447	34493	1421
34769	34726	34746	1421
35286	35286	35344	1421
35634	35597	35574	1421
35873	35878	35916	1421
36419	36436	36427	1421
36673	36685	36721	1421
37023	36986	37001	1421
37246	37262	37280	1422
37858	37869	37861	1422
38100	38114	38172	1421
38420	38401	38423	1421
38963	38953	39007	1421
39238	39243	39238	1421
39501	39501	39549	1421
40065	40056	40044	1421
40335	40326	40405	1421
40637	40632	40615	1421
41158	41188	41192	1421
41450	41439	41430	1421
41715	41722	41798	1421
42288	42266	42313	1421
42555	42589	42602	1421
42881	42867	42835	1421
43410	43397	43389	1421
43667	43666	43685	1421
43917	43924	43937	1421
44469	44480	44540	1421
44773	44747	44767	1421
45018	45019	45054	1421
45293	45291	45339	1421
45837	45854	45918	1421
46151	46129	46156	1422
46382	46373	46416	1421
46955	46938	46941	1421
47197	47203	47265	1421
47502	47490	47526	1422
48024	48033	48097	1422
48315	48335	48338	1422
48600	48600	48655	1422
49147	49169	49183	1422
49434	49467	49511	1421
49745	49769	49756	1421
50262	50299	50308	1421
50603	50589	50590	1421
50812	50855	50900	1421
51408	51425	51446	1421
51648	51678	51697	1421
51985	51973	51969	1421
52227	52246	52302	1421
52775	52784	52812	1422
53014	53066	53111	1422
53336	53349	53356	1421
53884	53881	53917	1422
54183	54228	54220	1421
54428	54465	54547	1421
55024	55037	55061	1421
55298	55305	55376	1421
55569	55606	55596	1421
56158	56140	56161	1421
56367	56414	56400	1421
56673	56658	56729	1421
56973	57001	56986	1421
57527	57535	57563	1421
57752	57791	57778	1421
58050	58055	58128	1421
58588	58611	58652	1421
58901	58914	58921	1421
59137	59173	59159	1421
59728	59761	59739	1421
60000	60005	60053	1421
60274	60312	60311	1420
60809	60854	60908	1421
61157	61181	61175	1421
61407	61407	61456	1421
61650	61700	61726	1421
62214	62241	62311	1421
62525	62565	62557	1421
62810	62823	62845	1421
63399	63392	63403	1421
63626	63670	63706	1421
63914	63935	63964	1421
64439	64511	64534	1421
64780	64781	64790	1421
65029	65076	65079	1421
65321	65348	65395	1421
65873	65911	65929	1421
66186	66167	66209	1421
66403	66473	66431	1421
67036	67050	67047	1421
67265	67294	67305	1421
67572	67558	67599	1421
68078	68092	68141	1421
68409	68416	68437	1421
68642	68664	68676	1421
68954	68972	69021	1421
69501	69531	69590	1421
69824	69839	69847	1421
70073	70106	70096	1421
70674	70678	70684	1421
70909	70915	70978	1421
71188	71212	71211	1421
71707	71744	71803	1420
72038	72038	72029	1421
72313	72299	72359	1420
72560	72605	72615	1421
73130	73150	73212	1421
73428	73450	73456	1421
73700	73721	73731	1421
74281	74304	74301	1421
74535	74570	74609	1420
74822	74830	74859	1421
75324	75379	75432	1421
75656	75663	75660	1421
75871	75930	75969	1421
76185	76184	76224	1421
76738	76775	76821	1421
77026	77055	77061	1420
77291	77335	77347	1421
77825	77880	77878	1421
78126	78167	78215	1421
78468	78458	78508	1421
78988	79014	79072	1420
79300	79319	79317	1420
79531	79563	79600	1421
80086	80129	80128	1420
80343	80395	80426	1420
80683	80706	80710	1420
80939	80970	80990	1420
81483	81537	81501	1421
81709	81781	81832	1420
82059	82083	82081	1420
82563	82601	82652	1420
82845	82891	82874	1420
83072	83137	83198	1420
83697	83699	83743	1420
83950	83990	84060	1421
84272	84315	84308	1420
84837	84852	84898	1420
85074	85129	85121	1420
85370	85406	85493	1420
85688	85721	85734	1420
86227	86273	86330	1420
86505	86549	86529	1420
86753	86820	86869	1420
87318	87348	87362	1420
87595	87665	87689	1420
87871	87932	87910	1420
88141	88217	88240	1420
88703	88774	88765	1420
88992	89042	89093	1420
89533	89576	89644	1421
89836	89855	89872	1420
90080	90108	90146	1420
90350	90408	90456	1421
90913	90949	91004	1420
91206	91241	91264	1420
91487	91512	91535	1420
92077	92096	92105	1420
92308	92333	92385	1420
92568	92625	92650	1420
93102	93169	93223	1420
93440	93474	93494	1420
93702	93711	93752	1420
94257	94302	94297	1420
94498	94571	94600	1420
94825	94835	94880	1420
95326	95369	95418	1420
95615	95667	95667	1420
95866	95944	95983	1420
96217	96217	96274	1420
96726	96772	96818	1420
97008	97059	97052	1420
97595	97596	97646	1420
97808	97907	97905	1420
98094	98150	98193	1420
98403	98451	98476	1420
98961	98961	99049	1420
99195	99292	99292	1420
99480	99535	99603	1420
100047	100101	100124	1420
100340	100399	100477	1420
100649	100710	100723	1420
100916	100963	101006	1420
101471	101531	101528	1420
101731	101779	101864	1420
102048	102098	102130	1420
102595	102645	102696	1420
102855	102923	102932	1420
103138	103190	103265	1420
103702	103728	103774	1420
103961	104051	104088	1420
104248	104315	104309	1420
104831	104874	104908	1420
105084	105136	105135	1420
105374	105468	105496	1420
105702	105757	105783	1420
106220	106298	106325	1422
106446	106595	106499	1424
106694	106866	106773	1426
107179	107422	107279	1445
107370	107692	107462	1449
107627	107975	107723	1452
107825	108238	107870	1452
108298	108805	108271	1451
108426	109058	108409	1450
108427	109317	108410	1450
108428	109820	108410	1451
108428	110072	108410	1451
108429	110331	108411	1452
108429	110790	108411	1452
108431	110955	108411	1453
108433	111262	108411	1454
108435	111305	108411	1456
108436	111306	108411	1457
108437	111306	108411	1458
108437	111307	108411	1459
108437	111307	108411	1459
108438	111308	108411	1458
108438	111308	108411	1459
108438	111308	108411	1459
108439	111309	108411	1459
108439	111309	108411	1459
108439	111310	108411	1459
108439	111310	108411	1459
108439	111310	108411	1459
108439	111310	108411	1459
108439	111311	108411	1459
108439	111311	108411	1459
108439	111311	108411	1459
108439	111311	108411	1459
108439	111311	108411	1459
108439	111312	108412	1459
108439	111312	108412	1459
108439	111312	108411	1459
108439	111312	108412	1459
108439	111312	108412	1459
108439	111312	108411	1459
108440	111312	108411	1459
108440	111312	108411	1459
108439	111313	108411	1459
108440	111312	108411	1459
108440	111313	108411	1459
108440	111313	108412	1459
108439	111313	108411	1459
108440	111313	108411	1459
108440	111313	108411	1459
108440	111313	108411	1459
108440	111313	108411	1459
108440	111313	108411	1459
108440	111313	108411	1459
108440	111313	108411	1459
108440	111313	108412	1459
108440	111314	108411	1459
108440	111314	108411	1459
108440	111314	108411	1459
108440	111314	108412	1459
108440	111314	108412	1459
108440	111314	108411	1459
108440	111314	108411	1459
108440	111314	108411	1459
108440	111314	108412	1459
108440	111314	108412	1459
108440	111314	108412	1459
108440	111314	108411	1459
108440	111314	108412	1459
108440	111314	108411	1459
108440	111314	108411	1459
108440	111314	108411	1459
108440	111314	108411	1459
108440	111315	108411	1459
108440	111315	108412	1459
108440	111315	108412	1459
108440	111315	108412	1459
108440	111315	108412	1459
108440	111315	108412	1459
108440	111315	108412	1459
108440	111315	108411	1459
108440	111315	108412	1459
108440	111315	108411	1459
108440	111315	108412	1459
108440	111315	108412	1459
108440	111315	108411	1459
108440	111315	108412	1459
108440	111315	108411	1459
108441	111315	108411	1459
108441	111315	108411	1459
108440	111315	108412	1459
108440	111315	108412	1459
108440	111315	108411	1459
108441	111315	108411	1459
108440	111315	108412	1459
108440	111315	108411	1459
108440	111315	108411	1459
108440	111315	108412	1459
108440	111315	108412	1459
108441	111315	108412	1459
108440	111315	108412	1459
108441	111315	108411	1459
108441	111315	108412	1459
108441	111315	108412	1459
108440	111315	108411	1459
108441	111315	108412	1459
108441	111315	108412	1459
108441	111315	108412	1459
108441	111315	108411	1459
108441	111315	108411	1459
108441	111316	108412	1459
108440	111316	108412	1459
108441	111316	108412	1459
108440	111316	108412	1459
108440	111316	108411	1459
108441	111316	108412	1459
108441	111316	108412	1459
106145	109458	106712	1452
103552	106440	103791	1412
97785	100817	98161	1405
95070	98055	95437	1407
92367	95369	92654	1408
86986	89932	87246	1408
84245	87283	84590	1407
81131	84220	81437	1407
75760	78738	76031	1408
73014	76030	73305	1408
70282	73295	70561	1408
64891	67859	65161	1408
62123	65128	62417	1408
59427	62426	59678	1408
53858	56865	54189	1407
50920	53862	51163	1407
48000	50985	48326	1407
45232	48284	45611	1407
39656	42689	39971	1408
36951	39970	37214	1407
34052	37052	34378	1408
28599	31614	28955	1408
25791	28790	26020	1408
23032	26089	23319	1407
17484	20462	17727	1408
14681	17723	14952	1408
11637	14646	11875	1407
6249	9247	6477	1407
3503	6505	3758	1407
792	3794	1074	1407
55	136	78	1412
56	140	79	1414
57	140	79	1415
-1000	-1000	-1000	-1000
57	140	79	1414
58	140	79	1414
58	141	79	1414
58	140	79	1414
58	140	79	1414
58	140	79	1482
58	141	79	1577
59	140	80	1724
59	140	80	2110
59	141	80	2243
59	140	80	2365
59	141	79	2606
59	141	79	2710
59	140	79	2789
59	140	79	2841
59	140	79	2805
59	141	80	2785
59	140	79	2786
59	140	79	2786
59	141	79	2786
79	144	96	2785
441	297	385	2785
792	867	852	2785
1028	1039	966	2786
1616	1627	1633	2785
1841	1916	1853	2785
2164	2185	2249	2785
2450	2433	2420	2786
2997	3044	3073	2784
3373	3326	3309	2784
3583	3593	3633	2784
4159	4153	4133	2785
4402	4438	4458	2783
4727	4700	4690	2784
5230	5208	5248	2783
5510	5505	5493	2785
5750	5786	5807	2783
6316	6347	6339	2784
6603	6592	6622	2783
6983	6972	6956	2784
7218	7218	7242	2784
7784	7810	7777	2784
8037	8058	8101	2783
8368	8353	8340	2784
8870	8867	8899	2783
9197	9186	9153	2784
9413	9434	9478	2784
9753	9776	9740	2784
10298	10330	10334	2784
10633	10620	10581	2785
10878	10851	10890	2784
11435	11440	11390	2784
11649	11664	11683	2784
11981	11974	11926	2783
12485	12494	12482	2784
12787	12800	12754	2783
13049	13082	13092	2783
13604	13606	13622	2783
13865	13908	13915	2784
14199	14189	14154	2782
14738	14717	14716	2783
14973	14972	14990	2784
15238	15254	15294	2783
15789	15788	15864	2783
16089	16072	16068	2783
16322	16323	16357	2783
16943	16945	16915	2782
17201	17199	17250	2782
17499	17483	17481	2783
18025	18065	18064	2782
18356	18323	18308	2784
18597	18596	18625	2784
18887	18905	18903	2783
19491	19478	19515	2783
19779	19766	19774	2783
20034	20025	20017	2783
20616	20588	20566	2784
20835	20850	20885	2783
21131	21127	21148	2784
21634	21668	21715	2783
21982	21965	21955	2783
22217	22211	22266	2784
22771	22781	22784	2783
23002	23030	23075	2784
23338	23326	23322	2784
23591	23599	23617	2783
24134	24155	24154	2782
24382	24397	24474	2783
24714	24683	24713	2782
25260	25224	25306	2783
25487	25544	25513	2783
25777	25791	25855	2782
26343	26364	26376	2784
26645	26650	26721	2783
26910	26935	26948	2783
27198	27215	27262	2784
27748	27778	27748	2783
28046	28045	28114	2785
28394	28391	28412	2783
28923	28943	28983	2783
29218	29223	29228	2782
29483	29479	29565	2783
29767	29793	29828	2783
30292	30340	30412	2783
30646	30629	30653	2783
30870	30877	30936	2783
31438	31431	31453	2784
31656	31699	31766	2783
31990	31980	32008	2782
32509	32529	32605	2783
32827	32830	32852	2783
33061	33097	33165	2783
33626	33632	33665	2782
33879	33899	33996	2782
34209	34200	34227	2783
34439	34475	34528	2784
35014	35047	35060	2783
35274	35280	35368	2783
35597	35579	35577	2783
36144	36104	36175	2783
36369	36400	36423	2784
36930	36930	36971	2782
37183	37207	37263	2784
37519	37476	37566	2783
37739	37759	37791	2783
38317	38316	38357	2783
38553	38572	38632	2783
38883	38858	38938	2783
39397	39398	39489	2783
39727	39699	39774	2785
39953	39953	40009	2784
40526	40516	40571	2784
40777	40781	40885	2783
41106	41089	41123	2783
41621	41619	41711	2783
41900	41900	41943	2783
42115	42157	42257	2782
42732	42726	42770	2783
42979	43001	43081	2783
43294	43296	43295	2784
43511	43538	43625	2783
44110	44102	44169	2783
44362	44368	44453	2784
44670	44682	44714	2783
45249	45244	45346	2783
45504	45526	45558	2782
45772	45780	45902	2785
46302	46328	46399	2782
46631	46617	46702	2783
46877	46883	46932	2782
47470	47468	47542	2784
47731	47727	47803	2782
48015	48010	48102	2783
48556	48555	48643	2783
48859	48847	48896	2783
49109	49098	49174	2782
49665	49689	49713	2783
49930	49925	50025	2782
50228	50240	50265	2782
50721	50776	50826	2785
51051	51019	51048	2783
51295	51308	51397	2784
51602	51632	51656	2783
52136	52193	52270	2783
52484	52474	52520	2783
52765	52749	52814	2783
53329	53302	53364	2782
53556	53588	53663	2783
53871	53853	53938	2781
54367	54384	54495	2783
54719	54698	54754	2783
54931	54962	55042	2783
55275	55236	55339	2783
55794	55791	55907	2783
56128	56093	56156	2783
56340	56356	56399	2782
56899	56919	56970	2782
57174	57191	57279	2782
57492	57489	57558	2783
58043	58018	58149	2782
58289	58325	58369	2785
58568	58579	58667	2782
59148	59165	59187	2783
59419	59428	59543	2783
59746	59744	59779	2783
60280	60296	60365	2783
60557	60563	60607	2782
60805	60828	60936	2783
61119	61119	61169	2783
61641	61672	61751	2783
61961	61966	62007	2783
62204	62207	62325	2783
62784	62765	62851	2783
63024	63075	63133	2783
63379	63360	63405	2783
63899	63903	63955	2783
64201	64187	64247	2783
64439	64469	64562	2783
64807	64775	64855	2783
65322	65342	65438	2782
65679	65667	65739	2782
65914	65926	65977	2783
66213	66171	66290	2782
66736	66764	66855	2782
67089	67067	67165	2783
67335	67341	67388	2782
67894	67910	67982	2783
68155	68148	68233	2783
68457	68440	68537	2783
68989	68964	69106	2783
69252	69272	69339	2783
69510	69512	69611	2783
70080	70087	70140	2783
70349	70345	70478	2783
70663	70643	70695	2783
71177	71181	71233	2783
71462	71407	71504	2783
71681	71698	71828	2783
72259	72243	72346	2783
72543	72551	72625	2783
72824	72807	72876	2784
73069	73068	73206	2782
73649	73631	73729	2783
73933	73931	74030	2783
74250	74238	74302	2783
74816	74784	74892	2783
75071	75036	75124	2783
75328	75351	75469	2783
75890	75887	75988	2783
76196	76164	76287	2783
76437	76420	76510	2784
76992	76986	77080	2782
77254	77242	77350	2783
77553	77527	77635	2783
77789	77769	77869	2783
78421	78381	78508	2782
78666	78643	78752	2783
78933	78907	79050	2784
79482	79491	79605	2783
79825	79786	79905	2783
80061	80035	80130	2783
80322	80601	80703	2783
80882	80895	80986	2783
81190	81164	81274	2783
81680	81694	81815	2783
82008	81955	82063	2783
82239	82258	82368	2783
82553	82548	82659	2783
83053	83065	83233	2782
83416	83395	83490	2783
83657	83631	83738	2783
84209	84186	84307	2783
84453	84449	84607	2783
84790	84748	84857	2783
85321	85281	85467	2783
85602	85599	85704	2783
85851	85853	85962	2783
86193	86140	86295	2783
86735	86716	86870	2783
87034	87013	87138	2782
87300	87273	87384	2785
87597	87590	87722	2782
88158	88144	88268	2783
88469	88430	88561	2783
88708	88685	88800	2783
89260	89241	89353	2783
89550	89531	89662	2782
89860	89826	89961	2783
90375	90369	90511	2783
90686	90647	90765	2783
90963	90934	91057	2783
91231	91229	91381	2783
91801	91780	91926	2783
92111	92091	92239	2783
92409	92343	92494	2783
92994	92946	93060	2784
93230	93202	93313	2783
93495	93475	93641	2783
94018	94023	94164	2783
94368	94328	94470	2783
94624	94600	94694	2782
95171	95143	95271	2782
95408	95403	95542	2783
95746	95705	95824	2783
95971	95958	96059	2783
96294	96262	96442	2784
96885	96887	96943	2783
97181	97147	97317	2783
97435	97438	97551	2782
98032	97989	98119	2783
98262	98247	98373	2783
98566	98551	98690	2783
99125	99090	99228	2784
99409	99371	99537	2783
99671	99632	99782	2783
100240	100198	100340	2783
100489	100456	100593	2784
100780	100757	100901	2783
101303	101294	101425	2783
101635	101585	101718	2784
101884	101836	101959	2783
102443	102369	102530	2783
102668	102662	102811	2783
102985	102970	103073	2783
103303	103270	103396	2783
103873	103817	103961	2783
104118	104100	104210	2783
104410	104380	104546	2783
104948	104952	105088	2783
105273	105244	105352	2783
105524	105491	105617	2783
106061	106034	106171	2783
106299	106301	106436	2783
106626	106605	106733	2784
106886	106902	106978	2785
107400	107484	107545	2799
107632	107735	107781	2809
107883	108011	108025	2815
108342	108533	108484	2832
108573	108833	108683	2834
108801	109114	108939	2835
108903	109658	109014	2836
108903	109941	109014	2836
108903	110267	109014	2836
108903	110492	109015	2836
108903	111114	109015	2836
108904	111350	109015	2836
108904	111632	109015	2836
108904	112119	109015	2836
108904	112322	109015	2835
108905	112608	109015	2836
108906	113123	109015	2837
108907	113171	109015	2837
108907	113171	109014	2837
108908	113173	109015	2838
108908	113174	109015	2838
108908	113173	109015	2838
108909	113175	109015	2838
108908	113175	109015	2838
108908	113175	109015	2838
108909	113175	109015	2838
108909	113176	109015	2838
108908	113176	109015	2838
108909	113176	109015	2838
108909	113176	109015	2838
108909	113176	109015	2838
108909	113177	109015	2838
108909	113177	109015	2838
108909	113177	109015	2838
108909	113178	109015	2838
108909	113177	109015	2838
108909	113178	109015	2838
108909	113178	109015	2838
108909	113178	109015	2838
108909	113178	109015	2838
108909	113178	109015	2838
108909	113178	109015	2838
108909	113178	109015	2838
108909	113179	109015	2838
108909	113179	109015	2838
108909	113179	109015	2838
108909	113179	109015	2838
108909	113179	109015	2838
108909	113179	109016	2838
108909	113179	109015	2838
108909	113180	109015	2838
108909	113180	109015	2838
108909	113180	109015	2838
108909	113180	109015	2838
108909	113180	109015	2838
108909	113180	109015	2838
108909	113180	109015	2838
108909	113180	109015	2838
108910	113180	109015	2838
108909	113180	109015	2838
108909	113180	109015	2838
108909	113180	109015	2838
108909	113180	109015	2838
108909	113180	109015	2838
108909	113180	109015	2838
108909	113180	109015	2838
108909	113180	109015	2838
108909	113180	109015	2838
108909	113180	109015	2838
108909	113180	109015	2838
108909	113180	109015	2837
108909	113181	109015	2837
108909	113180	109015	2837
108910	113180	109015	2838
108909	113181	109015	2837
108909	113181	109015	2837
108909	113181	109015	2838
108909	113181	109015	2837
108909	113181	109015	2838
108909	113181	109015	2838
108909	113181	109015	2838
108909	113181	109015	2838
108909	113181	109015	2838
108909	113181	109015	2838
108909	113181	109015	2838
108909	113181	109015	2838
108909	113181	109015	2837
108909	113181	109015	2838
108909	113181	109015	2837
108909	113182	109015	2838
108909	113181	109015	2838
108909	113181	109015	2837
108909	113181	109015	2837
108909	113181	109015	2838
108909	113182	109015	2837
108909	113181	109015	2837
108909	113181	109015	2838
108909	113182	109015	2837
108909	113182	109015	2837
108909	113181	109015	2837
108909	113181	109015	2838
108909	113182	109015	2837
108909	113182	109015	2837
108909	113182	109015	2838
108909	113182	109015	2837
108909	113181	109015	2837
108909	113182	109015	2837
108909	113181	109015	2837
108909	113182	109015	2837
108909	113182	109015	2837
108909	113182	109015	2838
108909	113182	109015	2838
108909	113182	109015	2837
108909	113182	109015	2837
108909	113182	109015	2837
108909	113182	109015	2838
108909	113182	109015	2837
108909	113182	109015	2838
106833	110788	106408	2829
101057	105015	100831	2783
98120	102209	98008	2782
95435	99426	95271	2784
89840	93840	89640	2783
87119	91107	86880	2785
84421	88382	84188	2784
81685	85703	81465	2783
75953	79942	75642	2784
73212	77218	72890	2784
70562	74503	70193	2782
64866	68908	64602	2782
62160	66144	61824	2783
59250	63245	58953	2784
53643	57647	53308	2782
50683	54628	50343	2783
47633	51658	47331	2784
44927	48946	44611	2783
39491	43547	39206	2783
36802	40776	36464	2783
33916	37888	33543	2783
28450	32421	28162	2783
25714	29686	25434	2783
20127	24050	19837	2784
17429	21362	17125	2784
14691	18630	14400	2784
11788	15727	11524	2784
5818	9734	5564	2783
3125	7023	2801	2783
484	4321	402	2783
47	1582	84	2784
51	105	86	2784
52	106	85	2784
-1000	-1000	-1000	-1000
53	106	86	2784
54	106	86	2784
55	106	86	2784
56	106	86	2784
56	106	86	2785
56	106	86	2784
57	106	86	2858
57	106	86	3111
56	106	86	3320
57	106	86	3489
57	106	86	3747
57	106	85	3880
57	106	85	3978
57	106	85	4108
58	106	85	4254
58	106	85	4246
58	106	85	4202
58	107	85	4173
58	106	85	4173
58	106	85	4173
58	106	85	4173
75	108	103	4173
386	271	274	4173
964	957	903	4172
1275	1267	1365	4172
1566	1594	1512	4172
2084	2090	2115	4172
2368	2359	2334	4173
2618	2612	2687	4172
3195	3160	3170	4172
3413	3419	3471	4173
3781	3749	3693	4173
4304	4273	4280	4172
4529	4527	4510	4173
4832	4785	4845	4173
5390	5381	5402	4171
5678	5652	5668	4172
5932	5932	5900	4172
6512	6485	6456	4172
6785	6769	6789	4172
7047	7065	7060	4172
7346	7332	7291	4172
7917	7905	7867	4172
8173	8149	8163	4173
8445	8454	8458	4172
9024	9005	9039	4172
9302	9299	9271	4171
9623	9555	9563	4171
10190	10125	10080	4172
10392	10381	10394	4171
10666	10678	10624	4172
11023	10965	10950	4172
11561	11526	11460	4172
11793	11791	11789	4172
12055	12048	12020	4172
12613	12633	12604	4171
12939	12893	12837	4172
13164	13174	13164	4172
13777	13747	13675	4171
14016	14008	14025	4171
14310	14289	14248	4172
14823	14837	14848	4172
15161	15124	15065	4172
15431	15427	15416	4172
15713	15697	15719	4172
16266	16273	16277	4173
16580	16548	16511	4172
16806	16830	16795	4172
17398	17416	17330	4171
17645	17653	17651	4171
17955	17943	17885	4172
18473	18497	18438	4171
18799	18795	18708	4172
19031	19033	19007	4172
19582	19581	19543	4172
19847	19846	19821	4172
20148	20148	20054	4172
20681	20690	20629	4171
20966	20947	20923	4171
21213	21228	21203	4172
21546	21537	21463	4172
22051	22076	22019	4172
22342	22321	22297	4172
22588	22606	22591	4172
23148	23147	23142	4172
23444	23444	23420	4172
23736	23752	23675	4172
24330	24305	24262	4172
24573	24568	24546	4172
24878	24908	24890	4172
25213	25171	25102	4172
25700	25685	25684	4172
25997	25979	25932	4172
26260	26284	26253	4172
26819	26842	26808	4172
27084	27088	27074	4172
27378	27398	27322	4171
27935	27929	27843	4172
28194	28212	28200	4171
28451	28487	28426	4171
28772	28779	28702	4171
29337	29372	29311	4172
29618	29645	29582	4172
29861	29888	29861	4172
30468	30466	30441	4171
30722	30735	30694	4172
31025	31034	30965	4171
31579	31585	31531	4172
31846	31829	31819	4172
32087	32120	32089	4172
32652	32665	32678	4172
32957	32967	32924	4173
33215	33209	33173	4172
33776	33786	33693	4172
34018	34019	34026	4171
34315	34312	34263	4171
34604	34601	34557	4171
35152	35155	35085	4172
35374	35402	35394	4171
35690	35685	35618	4171
36242	36258	36247	4171
36532	36547	36496	4171
36779	36779	36788	4171
37331	37354	37314	4171
37618	37618	37642	4171
37932	37924	37890	4171
38455	38458	38459	4171
38755	38752	38683	4172
39005	39025	39038	4171
39316	39315	39266	4171
39834	39870	39851	4171
40207	40192	40122	4171
40437	40414	40453	4171
40723	40736	40708	4171
41304	41315	41329	4171
41606	41611	41567	4171
41870	41860	41859	4172
42465	42447	42393	4171
42697	42689	42695	4171
42980	42996	42959	4171
43518	43540	43547	4172
43859	43843	43784	4171
44094	44104	44098	4171
44653	44668	44634	4172
44876	44904	44906	4172
45226	45193	45163	4171
45743	45713	45716	4171
45985	46026	45973	4171
46237	46261	46263	4172
46804	46803	46813	4171
47087	47063	47065	4171
47342	47371	47321	4172
47938	47906	47872	4171
48157	48174	48171	4171
48481	48464	48460	4172
48993	49017	49022	4171
49324	49328	49269	4171
49542	49559	49551	4171
49838	49862	49850	4171
50363	50390	50383	4171
50683	50703	50634	4171
50958	50933	50926	4171
51548	51555	51474	4171
51778	51786	51787	4171
52061	52090	52028	4172
52579	52603	52601	4171
52926	52925	52860	4171
53155	53157	53166	4171
53436	53449	53420	4171
54005	54023	54048	4171
54326	54322	54279	4171
54585	54574	54586	4171
55204	55183	55132	4171
55432	55449	55455	4171
55750	55715	55713	4171
56275	56300	56285	4172
56594	56573	56513	4171
56822	56837	56828	4171
57387	57404	57345	4171
57667	57688	57684	4171
58006	57990	57979	4171
58233	58259	58231	4171
58887	58887	58833	4171
59112	59115	59114	4170
59423	59434	59405	4170
59687	59714	59654	4170
60268	60270	60233	4172
60514	60517	60503	4172
60772	60791	60792	4171
61381	61378	61408	4170
61641	61668	61648	4170
61941	61962	61906	4171
62511	62520	62465	4170
62774	62746	62773	4170
63005	63053	63010	4170
63339	63329	63274	4170
63883	63880	63838	4170
64151	64143	64135	4171
64380	64435	64391	4171
64957	64983	64989	4171
65258	65276	65238	4171
65783	65822	65815	4171
66099	66098	66029	4170
66357	66380	66369	4171
66646	66631	66632	4170
67171	67206	67207	4170
67489	67487	67416	4171
67727	67755	67739	4171
68322	68341	68278	4171
68593	68618	68623	4171
68905	68906	68866	4170
69414	69436	69426	4171
69725	69723	69668	4171
69944	69980	69995	4171
70503	70518	70525	4171
70756	70787	70761	4171
71083	71062	71044	4171
71619	71616	71558	4171
71877	71870	71888	4171
72099	72149	72109	4170
72647	72689	72678	4171
72991	72987	72950	4171
73227	73247	73250	4171
73812	73830	73774	4171
74097	74120	74115	4171
74390	74386	74377	4170
74669	74706	74657	4170
75271	75266	75222	4171
75490	75511	75512	4171
75779	75777	75791	4171
76298	76328	76343	4170
76656	76637	76629	4170
76879	76913	76869	4170
77461	77487	77437	4170
77700	77733	77750	4170
78042	78048	78055	4170
78298	78311	78274	4170
78879	78872	78829	4170
79136	79126	79161	4170
79420	79454	79428	4170
80017	80012	80044	4170
80288	80300	80272	4171
80557	80565	80550	4171
80838	80855	80848	4170
81398	81372	81418	4170
81655	81681	81641	4170
81948	81913	81945	4170
82544	82531	82504	4171
82818	82804	82822	4170
83038	83069	83072	4171
83622	83637	83660	4171
83920	83912	83910	4170
84216	84209	84202	4171
84452	84469	84497	4170
85044	85057	85068	4170
85333	85310	85349	4171
85600	85617	85590	4171
86194	86164	86174	4171
86426	86422	86424	4171
86694	86685	86736	4171
87211	87232	87265	4170
87546	87520	87525	4170
87806	87809	87811	4170
88390	88398	88378	4170
88630	88645	88671	4171
88918	88911	88923	4170
89447	89447	89456	4172
89701	89740	89706	4171
89958	89988	90016	4171
90514	90520	90537	4170
90790	90801	90822	4171
91054	91107	91069	4171
91327	91349	91408	4171
91940	91929	91944	4171
92173	92207	92256	4171
92494	92516	92483	4171
93030	93028	93046	4171
93298	93314	93288	4171
93554	93586	93643	4171
94118	94129	94151	4171
94397	94413	94443	4170
94668	94688	94659	4171
95228	95264	95243	4171
95492	95498	95540	4170
95779	95825	95833	4170
96095	96114	96082	4170
96671	96654	96674	4170
96895	96942	96897	4171
97195	97223	97254	4171
97752	97793	97813	4171
98055	98038	98066	4171
98284	98323	98323	4171
98875	98897	98906	4171
99148	99181	99196	4171
99429	99426	99483	4170
99978	100020	100056	4170
100314	100316	100335	4171
100567	100591	100602	4171
100827	100858	100890	4171
101393	101394	101429	4171
101679	101687	101700	4172
101920	101943	101958	4171
102544	102547	102536	4171
102782	102776	102828	4171
103060	103059	103106	4171
103571	103614	103661	4170
103914	103908	103910	4170
104179	104178	104197	4170
104751	104774	104730	4170
104991	105015	105069	4171
105306	105309	105313	4171
105562	105587	105607	4171
106175	106181	106182	4170
106421	106423	106466	4170
106703	106715	106754	4171
107231	107226	107311	4171
107544	107547	107564	4171
107783	107794	107813	4171
108305	108346	108339	4173
108564	108638	108649	4175
108831	108898	108898	4184
109309	109453	109365	4193
109539	109719	109569	4207
109749	109994	109840	4216
109870	110309	110052	4219
109869	110869	110556	4223
109869	111169	110874	4224
109869	111438	111073	4224
109870	111967	111172	4228
109870	112270	111173	4228
109869	112539	111173	4228
109870	112798	111173	4228
109869	113329	111173	4229
109869	113552	111173	4230
109870	113855	111173	4231
109870	114104	111173	4233
109870	114105	111173	4234
109870	114106	111173	4234
109870	114107	111173	4235
109870	114109	111173	4235
109870	114109	111173	4235
109870	114110	111173	4235
109870	114111	111173	4236
109870	114112	111173	4236
109870	114112	111173	4236
109870	114113	111173	4235
109870	114113	111173	4236
109870	114114	111173	4236
109870	114114	111173	4236
109871	114115	111173	4236
109870	114115	111173	4236
109870	114116	111173	4236
109870	114116	111173	4236
109870	114117	111173	4236
109870	114117	111173	4236
109870	114117	111173	4236
109870	114117	111173	4236
109870	114118	111173	4235
109870	114118	111174	4236
109870	114118	111174	4235
109870	114118	111173	4236
109870	114118	111174	4236
109870	114118	111173	4236
109870	114119	111173	4236
109871	114119	111173	4236
109870	114119	111173	4236
109870	114119	111173	4236
109871	114119	111173	4236
109870	114119	111173	4236
109870	114119	111173	4236
109870	114119	111174	4235
109870	114119	111173	4236
109870	114120	111173	4235
109871	114120	111173	4236
109870	114120	111173	4235
109870	114120	111173	4236
109870	114120	111173	4235
109871	114120	111173	4235
109870	114120	111173	4235
109870	114120	111173	4236
109870	114120	111174	4236
109871	114120	111173	4236
109871	114120	111173	4235
109870	114120	111174	4235
109870	114120	111173	4235
109870	114121	111173	4235
109871	114121	111174	4235
109870	114121	111173	4235
109871	114121	111173	4235
109870	114121	111173	4235
109870	114121	111173	4236
109870	114121	111173	4235
109870	114121	111174	4235
109870	114122	111173	4235
109870	114121	111174	4235
109870	114121	111173	4236
109870	114121	111173	4235
109871	114122	111173	4235
109870	114122	111174	4235
109870	114122	111173	4235
109870	114122	111173	4235
109870	114122	111173	4235
109870	114122	111174	4235
109870	114122	111174	4235
109870	114122	111174	4235
109870	114122	111173	4236
109870	114122	111174	4235
109870	114122	111173	4235
109870	114122	111173	4235
109871	114122	111173	4236
109870	114122	111173	4236
109870	114122	111174	4235
109870	114122	111173	4235
109870	114122	111174	4235
109870	114122	111173	4235
109870	114123	111173	4235
109870	114122	111174	4235
109871	114122	111174	4235
109870	114123	111174	4236
109870	114123	111174	4235
109871	114123	111174	4235
109870	114123	111174	4236
109870	114123	111174	4235
109871	114123	111174	4235
109870	114123	111174	4235
109870	114123	111174	4235
109870	114123	111174	4236
109870	114123	111174	4235
109870	114123	111174	4235
109870	114123	111174	4235
109870	114123	111174	4236
109870	114123	111173	4235
109870	114123	111173	4236
109871	114123	111174	4235
109870	114123	111173	4235
109871	114123	111173	4235
109870	114123	111174	4235
104789	109033	106280	4181
101789	106262	103222	4172
99149	103605	100584	4170
93339	97775	94698	4173
90412	94900	91894	4173
87510	91938	88933	4172
84837	89234	86274	4172
78789	83307	80265	4173
76161	80610	77496	4172
73375	77876	74751	4172
70516	74924	71908	4172
64364	68789	65677	4172
61432	65871	62808	4172
58746	63155	60125	4172
55975	60484	57433	4172
50020	54509	51445	4172
47294	51772	48695	4172
44635	49120	45969	4172
38833	43311	40182	4172
36053	40585	37470	4172
33151	37736	34598	4172
27747	32366	29141	4172
25008	29621	26409	4172
22187	26776	23529	4172
16713	21340	18101	4172
14016	18594	15347	4172
11256	15735	12534	4172
8417	12997	9770	4171
2857	7373	4181	4171
338	4681	1465	4172
72	1919	77	4172
73	108	86	4173
74	110	86	4172
-1000	-1000	-1000	-1000
74	110	86	4172
74	110	86	4172
74	109	86	4172
74	110	86	4172
74	109	86	4171
74	110	86	4252
74	110	86	4350
75	110	86	4539
75	110	87	4896
75	110	86	5035
75	110	86	5148
75	110	86	5374
75	110	86	5511
75	109	86	5607
75	110	86	5640
75	110	86	5602
75	110	86	5578
75	110	86	5578
76	110	86	5578
76	110	86	5578
76	110	86	5578
419	328	379	5579
798	835	836	5578
1053	1072	986	5578
1302	1337	1363	5578
1867	1912	1847	5578
2146	2153	2241	5578
2441	2432	2399	5578
2952	2980	2980	5578
3311	3282	3202	5578
3535	3539	3591	5578
4084	4072	4072	5578
4354	4355	4360	5578
4646	4632	4575	5578
5188	5146	5150	5578
5464	5454	5441	5578
5738	5740	5750	5579
6291	6282	6311	5578
6582	6549	6540	5578
6864	6849	6830	5578
7442	7414	7357	5578
7675	7649	7691	5578
7946	7944	7897	5578
8503	8513	8508	5579
8809	8795	8738	5579
9087	9062	9073	5578
9311	9333	9305	5578
9854	9883	9864	5578
10203	10163	10117	5578
10461	10430	10452	5579
11057	11004	10969	5579
11267	11273	11267	5578
11578	11562	11528	5579
12069	12096	12080	5579
12431	12395	12333	5579
12649	12656	12655	5579
13222	13212	13184	5579
13471	13471	13484	5579
13834	13807	13783	5579
14104	14062	14078	5579
14661	14643	14584	5579
14892	14881	14927	5579
15211	15179	15163	5579
15760	15724	15773	5579
16043	16027	15964	5579
16295	16279	16305	5579
16866	16878	16820	5579
17153	17134	17156	5579
17454	17432	17364	5579
17978	17972	17927	5579
18256	18212	18186	5579
18526	18523	18508	5579
18845	18815	18737	5579
19372	19364	19335	5579
19705	19660	19593	5579
19940	19890	19917	5579
20490	20426	20444	5579
20739	20752	20708	5579
21074	21040	20975	5579
21584	21591	21534	5579
21888	21821	21844	5579
22124	22131	22100	5579
22709	22677	22700	5579
22955	22954	22919	5579
23255	23237	23205	5579
23825	23795	23718	5579
24057	24044	24057	5579
24345	24311	24285	5579
24868	24862	24861	5579
25180	25137	25062	5579
25407	25400	25425	5579
25961	25920	25921	5579
26267	26272	26264	5579
26584	26531	26495	5579
26805	26822	26808	5579
27368	27363	27322	5579
27640	27651	27652	5579
27944	27921	27856	5579
28452	28465	28422	5579
28780	28753	28730	5579
29018	29016	29023	5579
29334	29328	29309	5579
29870	29871	29898	5579
30206	30178	30137	5579
30444	30412	30447	5579
30985	30976	30957	5579
31218	31233	31239	5579
31552	31516	31495	5579
32105	32096	32136	5579
32403	32398	32351	5579
32656	32652	32699	5579
33223	33196	33191	5579
33497	33499	33533	5579
33833	33822	33764	5579
34075	34051	34069	5579
34712	34669	34624	5579
34933	34947	34963	5579
35241	35200	35195	5579
35744	35774	35741	5579
36075	36062	35985	5579
36312	36322	36329	5579
36845	36842	36851	5579
37133	37134	37131	5579
37414	37415	37356	5579
37965	37932	37915	5579
38214	38216	38203	5579
38484	38491	38485	5579
38800	38808	38733	5579
39364	39350	39342	5579
39649	39630	39587	5579
39883	39912	39930	5579
40270	40250	40242	5579
40760	40778	40789	5579
41110	41081	41025	5579
41330	41318	41336	5579
41897	41897	41855	5579
42147	42174	42182	5579
42489	42481	42414	5579
42981	43004	42964	5579
43296	43276	43220	5579
43502	43536	43528	5579
44088	44092	44084	5579
44354	44347	44320	5579
44655	44669	44635	5579
45236	45192	45175	5579
45466	45491	45469	5579
45818	45815	45844	5579
46120	46104	46065	5579
46369	46372	46378	5579
46956	46964	46895	5579
47255	47267	47273	5579
47532	47531	47538	5579
48081	48120	48114	5579
48389	48383	48349	5579
48628	48652	48653	5579
49179	49202	49162	5579
49436	49472	49468	5579
49751	49761	49695	5579
50263	50307	50266	5579
50590	50561	50535	5579
50812	50846	50840	5579
51144	51142	51081	5578
51623	51675	51629	5579
51963	51952	51922	5579
52176	52215	52211	5579
52788	52806	52796	5579
53051	53102	53098	5579
53385	53384	53347	5579
53903	53912	53906	5579
54175	54219	54164	5579
54428	54473	54496	5579
54774	54775	54736	5579
55307	55292	55323	5579
55646	55651	55609	5579
55875	55916	55917	5579
56412	56477	56414	5579
56706	56710	56744	5579
57061	57049	57035	5579
57303	57339	57315	5579
57885	57920	57857	5579
58168	58180	58201	5579
58467	58463	58456	5579
58987	59025	59023	5579
59310	59315	59258	5579
59559	59588	59591	5579
60149	60165	60101	5579
60384	60420	60422	5579
60701	60706	60678	5579
61214	61248	61223	5579
61505	61512	61476	5579
61724	61780	61792	5579
62302	62309	62333	5579
62551	62601	62591	5579
62885	62915	62858	5579
63095	63151	63157	5579
63676	63703	63703	5579
63924	63955	63951	5579
64249	64260	64201	5579
64802	64790	64762	5579
65034	65075	65052	5579
65322	65356	65363	5579
65917	65959	65926	5579
66218	66215	66244	5579
66491	66559	66467	5579
66765	66809	66821	5579
67337	67384	67331	5579
67637	67658	67683	5579
67956	67959	67937	5579
68500	68531	68529	5579
68737	68797	68746	5579
69027	69062	69092	5578
69598	69614	69619	5579
69878	69919	69928	5579
70193	70234	70175	5579
70459	70476	70513	5579
71027	71023	71034	5579
71261	71325	71327	5579
71621	71629	71571	5579
72119	72169	72148	5579
72469	72481	72435	5579
72701	72740	72729	5579
73005	73005	72998	5579
73508	73556	73538	5579
73869	73891	73836	5579
74104	74132	74134	5579
74676	74721	74670	5579
74917	74962	74975	5579
75293	75290	75279	5579
75532	75567	75534	5579
76097	76116	76087	5579
76324	76371	76391	5579
76675	76703	76695	5579
77192	77232	77269	5579
77467	77521	77470	5579
77743	77782	77778	5579
78067	78107	78115	5579
78596	78633	78668	5579
78904	78906	78882	5579
79139	79173	79176	5579
79755	79772	79724	5579
80002	80033	80039	5579
80283	80315	80293	5579
80820	80875	80867	5579
81115	81166	81108	5579
81376	81400	81425	5579
81944	81962	81959	5579
82206	82265	82275	5579
82557	82575	82551	5579
82814	82841	82834	5579
83399	83427	83371	5579
83672	83702	83708	5579
83959	83995	83997	5578
84282	84323	84267	5579
84835	84861	84826	5579
85064	85112	85086	5579
85345	85379	85399	5579
85868	85923	85942	5579
86201	86198	86197	5579
86708	86725	86770	5579
86996	87048	86998	5579
87242	87287	87300	5579
87566	87592	87572	5579
88089	88121	88149	5579
88395	88427	88408	5579
88639	88696	88686	5579
89208	89287	89184	5579
89525	89568	89582	5578
89843	89866	89840	5579
90350	90419	90403	5579
90715	90734	90697	5579
90961	90977	91003	5579
91221	91260	91255	5579
91763	91826	91842	5579
92093	92108	92089	5579
92357	92372	92385	5579
92922	92937	92907	5579
93181	93218	93235	5579
93480	93496	93500	5578
93751	93779	93763	5579
94342	94353	94339	5579
94596	94632	94616	5579
95140	95187	95157	5579
95387	95444	95465	5579
95723	95741	95721	5579
95952	95994	95993	5579
96565	96609	96575	5579
96808	96853	96859	5579
97132	97143	97126	5579
97657	97683	97694	5579
97911	97967	97945	5579
98171	98220	98239	5579
98715	98756	98734	5579
99013	99049	99097	5579
99312	99362	99345	5579
99574	99599	99628	5579
100156	100205	100162	5579
100462	100493	100523	5579
100759	100785	100773	5579
101285	101342	101352	5579
101619	101636	101616	5579
101886	101915	101924	5579
102167	102189	102212	5579
102691	102745	102769	5579
103013	103017	103009	5579
103285	103309	103306	5579
103844	103853	103830	5579
104053	104120	104138	5579
104388	104389	104386	5579
104906	104937	104974	5579
105208	105245	105205	5579
105481	105513	105534	5579
106019	106061	106066	5579
106289	106324	106334	5579
106593	106615	106595	5579
107141	107129	107142	5579
107415	107485	107441	5579
107690	107720	107753	5579
108008	108010	108009	5579
108544	108575	108575	5579
108815	108870	108817	5579
109107	109146	109143	5580
109407	109438	109394	5581
109935	109988	109908	5595
110107	110301	110115	5600
110395	110537	110380	5608
110857	111102	110850	5632
111004	111364	111027	5630
111315	111670	111331	5631
111350	112208	111373	5631
111351	112496	111374	5630
111351	112751	111374	5631
111352	113302	111374	5630
111352	113593	111374	5630
111353	113857	111374	5630
111354	114356	111374	5630
111354	114568	111374	5630
111355	114833	111374	5631
111356	115332	111373	5631
111357	115554	111374	5633
111359	115663	111373	5633
111360	115664	111374	5634
111360	115664	111374	5634
111361	115664	111374	5634
111361	115665	111374	5634
111362	115666	111374	5634
111362	115666	111374	5635
111362	115666	111374	5634
111362	115666	111374	5635
111363	115666	111374	5635
111363	115666	111374	5635
111363	115667	111374	5635
111363	115667	111374	5635
111363	115667	111374	5635
111363	115667	111374	5635
111363	115667	111374	5634
111363	115667	111374	5634
111364	115668	111374	5635
111363	115668	111374	5634
111363	115668	111374	5635
111364	115668	111374	5634
111364	115668	111374	5635
111364	115668	111374	5634
111364	115668	111374	5635
111364	115668	111374	5635
111364	115668	111374	5635
111364	115668	111374	5634
111364	115668	111374	5635
111364	115668	111374	5635
111364	115668	111374	5634
111364	115668	111374	5634
111364	115668	111374	5635
111364	115669	111374	5634
111364	115668	111374	5635
111364	115668	111374	5634
111364	115669	111374	5635
111364	115669	111374	5634
111364	115669	111374	5635
111364	115669	111374	5634
111364	115669	111374	5635
111364	115669	111374	5635
111364	115669	111374	5634
111364	115669	111374	5634
111364	115669	111374	5634
111364	115669	111374	5634
111364	115669	111374	5635
111364	115669	111374	5635
111364	115669	111374	5635
111364	115669	111374	5634
111364	115669	111374	5635
111364	115669	111374	5634
111364	115669	111374	5634
111364	115669	111374	5634
111364	115669	111374	5634
111364	115669	111374	5635
111364	115669	111374	5634
111364	115669	111374	5634
111364	115670	111374	5634
111364	115669	111374	5634
111364	115670	111374	5635
111364	115669	111374	5634
111364	115669	111374	5635
111364	115669	111374	5634
111364	115670	111374	5634
111364	115670	111374	5635
111364	115670	111374	5635
111364	115670	111374	5634
111364	115670	111374	5634
111364	115670	111374	5634
111364	115669	111374	5634
111364	115670	111374	5634
111364	115670	111374	5634
111364	115670	111374	5634
111364	115670	111374	5635
111364	115670	111374	5634
111364	115670	111374	5635
111364	115670	111374	5634
111364	115670	111374	5634
111364	115670	111374	5634
111364	115670	111374	5635
111364	115670	111374	5634
111364	115670	111374	5634
111364	115670	111374	5634
111364	115670	111374	5634
111364	115670	111374	5634
111364	115670	111374	5634
111364	115671	111374	5635
111364	115670	111374	5634
111364	115670	111374	5635
111364	115670	111374	5635
111364	115670	111374	5634
111364	115670	111374	5634
111364	115670	111374	5634
111364	115670	111374	5634
111364	115670	111374	5635
111364	115670	111374	5634
111364	115670	111374	5634
111364	115670	111374	5634
111364	115671	111374	5635
111364	115671	111374	5634
111364	115671	111374	5635
108341	112752	108390	5624
105797	110067	106070	5571
100019	104286	100133	5571
97301	101515	97385	5571
94529	98829	94701	5571
89139	93380	89272	5571
86409	90681	86552	5570
83644	87893	83774	5571
78080	82367	78220	5570
75412	79660	75526	5571
72309	76603	72461	5571
66625	70970	66863	5570
63939	68282	64124	5569
61180	65562	61428	5570
58483	62795	58661	5570
52479	56854	52721	5570
49783	54149	50032	5570
47013	51482	47316	5570
44144	48584	44411	5570
38198	42547	38440	5570
35451	39855	35757	5569
32753	37167	33012	5570
27322	31703	27572	5568
24601	29000	24862	5570
21756	26070	21949	5570
18143	22493	18343	5571
12536	16875	12717	5571
9797	14148	10007	5571
7070	11437	7297	5572
1634	5994	1906	5570
75	3260	73	5570
85	594	83	5569
86	109	85	5570
86	110	85	5569
-1000	-1000	-1000	-1000
87	109	85	5569
86	109	84	5569
86	110	84	5570
87	109	85	5570
87	109	85	5570
87	109	84	5637
87	109	85	5752
87	109	85	5937
87	109	85	6278
87	109	85	6419
87	110	85	6532
87	109	84	6769
87	110	84	6949
87	110	84	7055
87	110	84	7048
87	110	84	7003
87	109	84	6979
87	110	84	6977
87	110	84	6976
87	110	84	6976
87	110	84	6976
268	289	382	6976
839	842	827	6975
989	996	968	6975
1613	1626	1613	6975
1874	1901	1839	6976
2151	2150	2236	6975
2699	2671	2697	6975
2949	2960	2990	6975
3278	3254	3196	6975
3828	3791	3747	6974
4082	4071	4086	6975
4347	4369	4378	6974
4660	4653	4613	6975
5202	5180	5202	6974
5462	5458	5476	6975
5734	5742	5769	6975
6273	6297	6327	6975
6582	6552	6584	6975
6836	6846	6854	6974
7436	7430	7415	6974
7676	7672	7710	6974
7979	7989	8016	6975
8519	8542	8578	6975
8826	8809	8814	6974
9105	9094	9112	6974
9330	9358	9384	6974
9897	9912	9975	6974
10215	10210	10194	6975
10480	10467	10497	6974
11078	11051	11032	6975
11293	11297	11332	6974
11590	11584	11614	6974
12123	12151	12191	6975
12472	12460	12448	6974
12715	12718	12732	6974
12996	12996	13035	6974
13557	13573	13611	6974
13848	13868	13895	6974
14140	14121	14128	6974
14705	14687	14674	6974
14923	14938	14982	6974
15218	15203	15256	6974
15761	15758	15851	6975
16063	16051	16053	6974
16307	16301	16346	6974
16602	16589	16625	6974
17181	17181	17241	6975
17495	17483	17489	6974
17738	17732	17750	6974
18385	18376	18357	6975
18616	18594	18632	6975
18872	18904	18918	6974
19411	19444	19481	6975
19772	19761	19765	6975
20040	20033	20016	6974
20276	20296	20318	6975
20870	20859	20911	6975
21143	21133	21149	6974
21422	21409	21419	6975
21993	21980	21952	6975
22226	22208	22260	6975
22492	22503	22511	6975
22992	23043	23069	6974
23339	23335	23310	6974
23562	23604	23610	6974
24178	24215	24167	6974
24415	24457	24501	6975
24755	24719	24723	6974
25281	25287	25357	6975
25569	25595	25556	6974
25843	25853	25891	6974
26148	26164	26186	6975
26671	26693	26743	6974
26993	26988	26996	6974
27234	27246	27272	6974
27792	27832	27770	6975
28081	28094	28141	6974
28378	28377	28366	6974
28636	28647	28681	6975
29225	29232	29224	6974
29465	29473	29550	6974
29767	29770	29765	6975
30282	30322	30365	6974
30625	30600	30585	6975
30843	30853	30919	6975
31432	31406	31435	6974
31658	31688	31747	6975
31993	31983	31961	6975
32503	32513	32528	6974
32781	32766	32790	6975
33041	33068	33125	6974
33613	33594	33639	6974
33869	33879	33919	6974
34187	34153	34175	6974
34756	34705	34735	6974
35004	35012	35044	6975
35297	35296	35359	6974
35634	35596	35599	6975
36160	36139	36179	6974
36400	36405	36444	6975
36669	36681	36753	6975
37251	37247	37298	6974
37544	37499	37612	6974
37866	37856	37886	6974
38121	38102	38194	6974
38677	38657	38703	6974
38959	38955	39051	6974
39315	39306	39338	6974
39547	39521	39586	6974
40130	40112	40156	6974
40384	40369	40465	6975
40705	40697	40736	6975
41203	41211	41305	6975
41515	41506	41527	6974
42045	42043	42084	6974
42308	42264	42336	6975
42550	42590	42638	6975
43102	43113	43180	6975
43401	43392	43429	6974
43700	43680	43716	6975
43941	43979	44026	6975
44527	44528	44601	6974
44802	44800	44888	6974
45164	45142	45192	6974
45390	45439	45482	6974
45932	45978	45999	6975
46207	46208	46300	6974
46507	46522	46548	6974
47066	47031	47115	6975
47303	47315	47345	6975
47575	47575	47665	6974
48162	48177	48205	6974
48457	48449	48520	6975
48720	48747	48767	6975
49329	49321	49355	6974
49570	49584	49617	6974
49849	49865	49949	6975
50164	50169	50186	6974
50704	50718	50738	6974
50963	50938	50986	6975
51216	51226	51330	6974
51757	51773	51870	6975
52059	52056	52087	6974
52317	52321	52358	6974
52889	52903	52928	6974
53115	53142	53232	6974
53426	53435	53483	6974
53947	53981	54096	6975
54247	54276	54309	6974
54482	54519	54598	6974
55049	55074	55124	6975
55325	55335	55445	6974
55629	55654	55705	6975
56190	56191	56269	6975
56440	56484	56502	6974
56718	56751	56832	6974
57037	57032	57093	6974
57572	57599	57676	6974
57897	57922	57978	6974
58162	58192	58223	6974
58458	58472	58556	6974
59001	59048	59107	6974
59317	59334	59369	6974
59570	59615	59652	6974
60153	60164	60188	6975
60391	60429	60489	6974
60719	60735	60778	6974
61220	61270	61344	6974
61559	61583	61603	6975
61797	61833	61889	6974
62366	62421	62422	6974
62619	62675	62754	6975
62973	62990	63007	6974
63220	63234	63282	6974
63783	63815	63825	6975
64008	64064	64120	6975
64344	64349	64374	6974
64908	64957	65025	6974
65213	65247	65272	6974
65461	65506	65525	6974
66007	66062	66054	6974
66279	66347	66386	6975
66590	66602	66650	6974
66856	66892	66906	6974
67445	67482	67514	6975
67732	67765	67792	6974
68028	68040	68110	6974
68552	68603	68653	6975
68833	68864	68912	6975
69135	69177	69199	6975
69698	69731	69768	6975
69946	69987	70048	6974
70262	70278	70315	6975
70764	70797	70862	6974
71083	71080	71111	6974
71285	71332	71431	6974
71882	71906	71946	6975
72133	72189	72265	6975
72481	72506	72522	6975
72720	72765	72791	6975
73259	73314	73323	6975
73510	73569	73634	6975
73837	73857	73872	6975
74373	74374	74434	6974
74621	74671	74683	6975
74867	74933	74995	6975
75443	75484	75531	6975
75749	75759	75837	6975
76091	76121	76162	6975
76335	76375	76423	6974
76876	76932	76934	6975
77175	77208	77300	6974
77519	77517	77592	6974
77763	77799	77842	6975
78337	78367	78424	6975
78597	78628	78701	6975
78920	78915	78993	6975
79424	79480	79556	6974
79724	79734	79800	6975
79981	80012	80081	6974
80565	80606	80643	6975
80810	80869	80947	6975
81129	81161	81205	6975
81653	81682	81742	6974
81930	81942	82010	6975
82158	82235	82312	6975
82748	82763	82846	6975
83009	83047	83123	6974
83301	83321	83384	6975
83560	83637	83714	6975
84139	84164	84232	6975
84446	84490	84594	6975
84808	84814	84883	6974
85332	85331	85468	6975
85577	85650	85696	6974
85902	85936	85996	6975
86214	86216	86319	6974
86764	86783	86881	6975
87062	87053	87152	6974
87358	87339	87433	6974
87614	87661	87752	6975
88178	88217	88271	6974
88494	88471	88591	6974
88733	88767	88850	6974
89306	89317	89396	6974
89573	89578	89680	6975
89858	89862	89965	6975
90137	90139	90239	6975
90727	90720	90807	6974
90970	90962	91050	6974
91216	91248	91364	6974
91819	91832	91930	6975
92112	92126	92242	6975
92380	92386	92472	6974
92977	92969	93061	6974
93223	93236	93298	6974
93505	93519	93665	6975
93788	93810	93892	6975
94371	94374	94484	6974
94613	94624	94693	6974
94888	94895	95039	6975
95424	95448	95562	6975
95763	95750	95867	6975
96013	96021	96102	6974
96564	96570	96667	6975
96825	96872	96904	6975
97141	97125	97245	6975
97376	97415	97468	6975
97948	97974	98065	6974
98205	98224	98298	6974
98503	98506	98631	6975
99058	99078	99189	6975
99348	99358	99462	6974
99592	99606	99707	6974
100155	100188	100285	6975
100452	100479	100574	6975
100760	100768	100883	6975
101023	101029	101124	6975
101610	101619	101715	6975
101847	101856	101956	6975
102131	102143	102257	6974
102673	102718	102822	6975
103000	103013	103099	6975
103248	103225	103343	6975
103801	103769	103896	6975
104018	104072	104180	6975
104381	104365	104482	6975
104886	104905	105041	6975
105163	105176	105284	6974
105425	105463	105559	6974
105979	106005	106076	6975
106261	106270	106412	6975
106551	106554	106660	6975
107115	107082	107220	6974
107344	107369	107446	6975
107633	107617	107762	6975
108180	108208	108269	6974
108490	108460	108582	6975
108723	108735	108801	6975
109275	109278	109382	6975
109567	109582	109661	6975
109875	109852	109965	6974
110372	110389	110463	6974
110635	110688	110703	6975
110899	110956	110970	6977
111169	111221	111227	6986
111651	111771	111692	7020
111826	112042	111898	7022
112125	112581	112351	7025
112125	112851	112612	7025
112125	113116	112831	7026
112125	113418	113127	7026
112125	113958	113422	7027
112125	114226	113423	7027
112125	114515	113423	7027
112125	114786	113423	7028
112125	115362	113424	7029
112125	115613	113424	7029
112125	115854	113424	7029
112125	116354	113424	7029
112125	116389	113424	7030
112125	116390	113424	7030
112125	116391	113424	7030
112125	116392	113424	7030
112125	116392	113424	7030
112125	116392	113424	7030
112125	116393	113424	7030
112126	116393	113425	7030
112125	116394	113425	7030
112126	116395	113424	7030
112125	116395	113425	7030
112126	116396	113425	7031
112125	116397	113425	7031
112125	116397	113425	7030
112125	116397	113425	7030
112126	116397	113425	7031
112125	116398	113425	7030
112125	116398	113425	7031
112125	116398	113425	7031
112125	116398	113425	7031
112126	116398	113425	7031
112126	116398	113425	7030
112125	116399	113425	7031
112125	116399	113425	7031
112126	116399	113426	7030
112125	116399	113425	7030
112125	116399	113426	7030
112125	116399	113425	7031
112126	116399	113426	7030
112125	116399	113426	7031
112125	116399	113426	7031
112126	116399	113426	7031
112126	116400	113426	7031
112125	116399	113426	7031
112126	116399	113426	7031
112125	116400	113425	7031
112125	116400	113426	7031
112125	116400	113426	7031
112125	116400	113426	7031
112126	116400	113426	7030
112125	116400	113426	7031
112125	116401	113426	7031
112125	116400	113426	7030
112125	116400	113426	7030
112125	116401	113426	7031
112125	116400	113426	7030
112125	116400	113426	7030
112126	116401	113426	7031
112125	116400	113426	7030
112125	116401	113426	7031
112126	116401	113426	7031
112125	116401	113426	7030
112125	116401	113426	7030
112125	116401	113426	7030
112125	116401	113426	7030
112125	116401	113426	7030
112125	116402	113426	7030
112125	116401	113426	7030
112125	116401	113426	7030
112125	116401	113426	7030
112126	116401	113426	7030
112125	116402	113426	7030
112125	116401	113426	7030
112126	116402	113426	7030
112126	116402	113426	7030
112125	116402	113426	7030
112125	116402	113426	7030
112126	116402	113426	7030
112125	116402	113426	7030
112125	116402	113426	7030
112125	116402	113426	7030
112125	116402	113426	7030
112125	116402	113426	7030
112125	116403	113426	7030
112126	116403	113426	7030
112125	116403	113426	7030
112125	116402	113426	7030
112125	116403	113426	7030
112126	116403	113426	7030
112125	116403	113426	7030
112125	116403	113426	7030
112125	116403	113426	7030
112125	116403	113426	7030
112125	116403	113426	7030
112125	116403	113426	7029
112125	116404	113426	7030
112126	116404	113426	7030
112125	116404	113426	7030
112126	116404	113426	7030
112126	116404	113426	7030
112125	116404	113426	7030
112126	116404	113426	7030
112126	116404	113426	7030
112126	116404	113426	7030
112125	116404	113426	7030
112125	116404	113426	7029
112125	116405	113426	7030
112125	116405	113426	7030
112125	116404	113426	7029
112126	116405	113426	7030
112126	116405	113426	7030
109722	113892	111129	7024
107176	111186	108723	6989
104397	108591	105808	6977
98976	103094	100441	6976
96286	100437	97664	6974
93513	97692	94955	6974
88119	92269	89523	6973
85181	89302	86529	6973
82328	86484	83746	6973
76870	81077	78272	6974
74138	78363	75567	6976
71224	75419	72574	6974
68352	72600	69818	6973
62760	66961	64189	6975
60036	64296	61496	6974
57123	61338	58557	6974
51682	55920	53195	6975
48947	53238	50449	6975
46290	50468	47689	6975
40857	45035	42305	6974
38089	42434	39579	6973
35456	39669	36829	6975
29684	33843	31100	6974
26963	31108	28460	6974
24242	28405	25729	6975
18950	22978	20297	6974
16147	20241	17544	6975
13470	17532	14869	6974
7811	11921	9257	6974
5130	9199	6542	6974
2372	6488	3835	6974
100	3783	1079	6975
89	113	90	6976
-1000	-1000	-1000	-1000
90	116	90	6974
90	116	90	6974
90	116	91	6975
90	116	90	6973
