120	123	109	63
121	123	109	63
120	123	109	63
143	128	125	63
860	822	860	63
949	1025	945	63
1309	1294	1355	63
1615	1631	1614	63
2162	2142	2239	63
2450	2453	2439	63
2766	2713	2724	63
3338	3288	3251	63
3563	3553	3613	63
3852	3829	3833	63
4388	4412	4440	63
4726	4671	4685	62
4959	4979	4982	63
5238	5202	5267	62
5784	5784	5824	63
6106	6055	6059	63
6328	6327	6344	63
6919	6906	6887	63
7190	7197	7220	62
7486	7459	7456	63
8018	8014	8033	63
8340	8304	8274	63
8567	8562	8591	63
9134	9086	9113	63
9353	9364	9376	63
9715	9661	9638	62
10235	10223	10205	62
10570	10532	10523	63
10780	10787	10793	63
11364	11339	11360	63
11613	11589	11613	63
11926	11916	11872	62
12139	12147	12173	63
12745	12730	12728	63
13042	13024	13047	62
13357	13336	13310	62
13632	13592	13631	63
14288	14231	14213	62
14518	14525	14542	62
14802	14758	14825	63
15093	15084	15060	62
15670	15618	15651	62
15910	15910	15912	63
16185	16176	16236	62
16771	16791	16777	62
17069	17024	17079	62
17344	17390	17326	63
17691	17695	17710	62
18117	18110	18135	63
18531	18532	18549	62
18818	18812	18770	63
19340	19354	19343	63
19703	19683	19618	63
20234	20238	20204	63
20529	20508	20509	63
20743	20783	20775	62
21349	21323	21373	63
21579	21607	21604	63
21915	21866	21878	63
22451	22431	22401	63
22697	22686	22736	62
22949	22969	22984	63
23533	23572	23589	63
23869	23827	23841	63
24100	24128	24113	62
24672	24669	24612	63
24925	24943	24967	63
25257	25217	25251	63
25485	25530	25478	63
26090	26082	26050	62
26305	26335	26340	62
26617	26632	26664	63
26904	26938	26883	62
27490	27488	27488	63
27739	27799	27731	62
28068	28070	28099	62
28619	28630	28655	63
28907	28940	28932	62
29196	29212	29169	63
29754	29761	29736	62
29999	29987	30014	63
30253	30304	30302	63
30640	30632	30579	63
31146	31173	31158	63
31478	31480	31440	63
31715	31756	31775	63
32060	32047	32060	63
32573	32618	32635	62
32918	32914	32885	63
33168	33170	33169	63
33465	33476	33518	63
34059	34042	34083	62
34328	34346	34362	62
34648	34645	34604	63
35235	35201	35207	62
35466	35480	35442	62
35755	35753	35753	62
36021	36047	35988	62
36621	36599	36612	62
36888	36896	36884	63
37147	37183	37192	62
37711	37725	37741	62
38010	37985	38034	62
38290	38298	38266	62
38874	38859	38852	62
39125	39121	39126	62
39398	39414	39429	62
39963	39965	39981	62
40264	40254	40258	62
40511	40536	40507	63
41102	41087	41035	62
41309	41333	41342	62
41619	41612	41595	62
41887	41888	41870	63
42476	42480	42424	63
42742	42732	42747	62
42986	43011	43008	62
43558	43587	43608	63
43869	43876	43846	63
44114	44142	44145	63
44406	44418	44419	63
44984	44997	45015	62
45280	45291	45314	63
45554	45573	45531	63
46097	46094	46086	63
46335	46348	46373	62
46636	46633	46654	62
47148	47173	47218	62
47450	47466	47454	62
47716	47727	47739	63
48270	48322	48280	62
48574	48584	48624	62
48888	48874	48878	62
49399	49421	49449	62
49698	49720	49672	62
49952	49971	50004	62
50510	50494	50513	63
50723	50795	50787	63
51087	51082	51007	62
51290	51330	51357	63
51890	51886	51900	63
52117	52167	52144	62
52438	52456	52401	62
52988	53014	53002	62
53290	53299	53279	63
53517	53588	53599	63
54108	54136	54134	62
54378	54405	54441	62
54719	54718	54678	62
55263	55228	55238	62
55484	55525	55514	62
55803	55831	55861	62
56162	56138	56130	62
56371	56419	56391	62
56954	57006	56949	62
57228	57254	57272	62
57559	57566	57572	62
58077	58086	58145	62
58366	58389	58359	62
58636	58647	58670	62
59184	59216	59172	62
59474	59494	59547	62
59793	59788	59784	62
60050	60059	60067	62
60645	60658	60623	62
60876	60890	60945	62
61164	61193	61174	62
61681	61747	61770	62
62011	62041	61993	62
62286	62296	62326	63
62834	62848	62830	62
63053	63133	63157	63
63419	63431	63400	63
63916	63971	63971	63
64227	64276	64227	62
64447	64546	64540	62
64804	64803	64800	62
65325	65382	65392	62
65643	65681	65653	62
65890	65961	65937	62
66430	66529	66457	62
66706	66783	66812	62
67036	67062	67060	62
67589	67632	67671	62
67844	67930	67895	63
68115	68179	68196	62
68432	68453	68487	62
68958	69018	69062	62
69250	69323	69308	62
69496	69557	69599	62
70125	70193	70157	62
70370	70435	70491	62
70705	70732	70739	62
70961	70983	71010	62
71191	71282	71271	62
71868	71905	71932	62
72111	72190	72198	62
72445	72494	72460	62
73023	73056	73077	63
73283	73366	73329	62
73524	73599	73628	63
74096	74140	74152	62
74402	74438	74474	62
74676	74764	74724	62
74943	75014	75043	63
75518	75593	75569	62
75795	75867	75907	62
76067	76141	76134	62
76658	76697	76728	62
76870	76978	76927	62
77188	77277	77298	62
77488	77535	77560	62
78038	78103	78140	62
78294	78388	78342	62
78625	78705	78704	62
79188	79270	79241	62
79446	79540	79558	62
79789	79827	79823	62
80074	80161	80133	63
80635	80718	80692	62
80879	80971	80974	62
81205	81261	81268	62
81716	81801	81838	62
82050	82097	82078	62
82272	82374	82371	62
82869	82948	82892	62
83068	83177	83233	62
83428	83481	83453	62
83683	83759	83734	62
84308	84369	84342	62
84529	84616	84618	62
84842	84923	84930	62
85106	85209	85155	62
85743	85785	85813	62
86002	86090	86032	62
86237	86366	86364	62
86589	86642	86634	62
87141	87246	87269	62
87476	87533	87503	62
87692	87792	87780	62
88033	88089	88095	62
88559	88672	88669	62
88904	88949	88950	62
89141	89259	89163	62
89695	89806	89758	62
89998	90097	90099	62
90306	90376	90368	62
90814	90906	90941	62
91124	91191	91149	62
91412	91487	91486	62
91967	92055	91989	62
92187	92305	92321	62
92531	92590	92556	62
92807	92911	92856	62
93378	93468	93406	62
93632	93722	93718	62
93914	93999	93978	62
94423	94573	94574	62
94766	94836	94804	62
94996	95084	95088	62
95586	95680	95625	62
95814	95944	95946	62
96154	96204	96175	62
96678	96733	96733	62
96925	97031	96946	62
97235	97335	97341	62
97541	97588	97579	62
98072	98160	98144	62
98346	98446	98392	62
98624	98721	98696	62
99200	99331	99254	62
99476	99563	99570	62
99786	99846	99812	62
100047	100135	100104	62
100591	100704	100628	62
100845	100954	100938	62
101197	101256	101219	62
101739	101822	101827	62
102048	102126	102075	62
102285	102370	102362	62
102858	102972	102875	62
103102	103209	103218	62
103452	103510	103479	62
103725	103815	103776	62
104294	104351	104280	61
104505	104618	104600	62
104845	104891	104853	62
105372	105397	105343	63
105658	105633	105550	65
105953	105875	105827	69
106223	106129	105977	71
106752	106570	106411	75
106992	106817	106723	78
107304	107080	106848	81
107805	107105	106878	83
108065	107106	106878	85
108263	107107	106878	89
108754	107111	106878	100
109086	107115	106878	103
109260	107121	106878	105
109566	107164	106878	108
109567	107175	106878	108
109567	107177	106878	109
109568	107179	106878	109
109569	107179	106878	109
109569	107179	106879	109
109569	107180	106878	109
109570	107181	106878	110
109570	107181	106879	109
109570	107182	106879	109
109570	107182	106878	110
109570	107182	106879	110
109571	107182	106879	110
109571	107182	106879	110
109571	107182	106879	110
109571	107182	106879	109
109572	107183	106879	110
109572	107183	106879	110
109572	107183	106879	110
109572	107183	106879	109
109572	107183	106879	110
109572	107183	106879	110
109572	107183	106879	110
109573	107183	106879	110
109573	107183	106879	110
109573	107183	106879	109
109573	107183	106879	110
109573	107183	106879	110
109573	107183	106879	109
109573	107183	106879	110
109573	107183	106879	110
109573	107183	106879	110
109573	107183	106879	110
109573	107183	106879	110
109573	107183	106879	110
109573	107183	106879	109
109573	107183	106879	109
109573	107183	106879	109
109574	107183	106879	110
109574	107184	106879	110
109573	107183	106879	110
109573	107184	106879	110
109574	107184	106879	110
109574	107184	106879	110
109574	107184	106879	109
109574	107184	106879	110
109574	107184	106879	109
109574	107184	106879	110
109574	107183	106879	109
109574	107184	106879	110
109574	107184	106878	110
109574	107184	106879	110
109574	107184	106879	109
109574	107184	106879	109
109574	107184	106879	109
109574	107184	106879	109
109574	107184	106879	109
109574	107184	106879	110
109574	107184	106879	109
109574	107184	106879	109
109574	107184	106879	109
109574	107184	106879	109
109574	107184	106879	110
109574	107184	106879	109
109574	107184	106879	109
109574	107184	106879	109
109574	107184	106879	109
109574	107184	106879	109
109574	107184	106879	110
109574	107184	106879	109
109574	107184	106879	109
109574	107185	106879	109
109574	107185	106879	109
109574	107185	106879	109
109574	107185	106879	109
109574	107185	106879	109
109575	107185	106879	109
109574	107185	106879	110
109574	107185	106879	109
109574	107185	106879	109
109574	107185	106879	110
109574	107185	106879	109
109574	107185	106879	109
109574	107185	106879	110
109574	107185	106880	109
109574	107185	106879	109
109574	107185	106879	109
109574	107185	106879	109
109574	107185	106879	109
109574	107185	106879	110
109574	107185	106879	109
109574	107185	106879	109
109574	107185	106879	110
109574	107185	106879	109
109575	107185	106879	109
109575	107186	106879	110
109574	107185	106879	109
109574	107186	106879	110
109574	107186	106880	109
109574	107185	106879	109
109575	107186	106879	109
107229	105040	105094	106
101681	99370	99322	73
99083	96690	96683	70
96167	93768	93607	70
93428	91051	90969	69
87646	85274	85155	67
85131	82753	82625	66
79728	77239	77202	66
76669	74297	74218	65
73953	71488	71476	64
71231	68723	68695	65
65842	63321	63290	63
63070	60589	60592	62
60439	57891	57844	61
54969	52454	52458	60
52222	49713	49779	60
49318	46733	46833	60
43804	41222	41297	59
40953	38311	38409	60
38137	35451	35584	60
35349	32649	32779	59
29708	26998	27262	60
26997	24280	24457	59
24145	21430	21567	59
21214	18504	18703	59
15034	12395	12512	59
12341	9611	9815	59
9433	6761	6911	60
3798	1074	1271	59
918	106	97	60
115	107	103	59
-1000	-1000	-1000	-1000
117	108	103	59
118	108	103	59
118	108	103	59
118	108	103	59
118	108	103	59
118	108	103	59
118	108	103	109
118	108	103	288
118	108	103	477
118	108	103	693
118	108	104	959
118	108	103	1092
118	108	103	1201
118	108	103	1304
118	108	103	1445
118	108	104	1443
118	108	103	1429
118	108	103	1426
118	108	103	1426
118	108	103	1425
118	108	103	1425
144	113	121	1424
244	368	412	1424
950	1065	938	1424
1307	1273	1368	1424
1575	1619	1567	1423
2115	2122	2203	1423
2421	2418	2381	1423
2695	2672	2727	1423
2944	2956	2969	1423
3541	3536	3618	1423
3857	3820	3842	1423
4094	4083	4106	1423
4644	4641	4623	1423
4900	4921	4964	1423
5195	5160	5197	1423
5696	5714	5758	1423
6003	6006	5980	1422
6249	6275	6316	1422
6798	6828	6844	1423
7097	7126	7166	1422
7418	7422	7408	1422
7665	7664	7719	1422
8235	8249	8239	1422
8491	8517	8571	1422
8803	8794	8794	1422
9296	9338	9358	1422
9686	9648	9642	1422
9893	9912	9976	1422
10470	10469	10495	1422
10687	10739	10770	1422
11079	11055	11035	1422
11270	11298	11339	1422
11865	11891	11860	1422
12104	12148	12195	1422
12469	12455	12454	1422
12988	12979	13016	1422
13249	13287	13267	1422
13523	13537	13590	1422
14086	14080	14097	1422
14340	14346	14430	1422
14677	14668	14644	1422
14913	14933	14980	1422
15452	15483	15472	1422
15741	15727	15841	1422
16041	16053	16058	1422
16307	16317	16360	1422
16912	16946	16923	1422
17181	17209	17249	1422
17488	17455	17483	1422
18030	18057	18091	1422
18348	18330	18326	1422
18576	18582	18629	1422
19134	19143	19148	1422
19399	19426	19468	1422
19725	19720	19708	1422
20235	20259	20258	1422
20548	20543	20547	1422
20807	20842	20867	1422
21116	21108	21114	1422
21604	21637	21675	1422
21966	21933	21935	1422
22177	22194	22245	1422
22770	22755	22788	1422
23004	23031	23097	1422
23364	23338	23327	1422
23884	23850	23898	1422
24128	24154	24155	1422
24380	24415	24466	1422
24991	25003	25011	1422
25283	25265	25355	1422
25551	25578	25539	1422
25807	25828	25870	1422
26422	26447	26419	1422
26677	26709	26759	1422
26999	26978	26993	1422
27526	27517	27563	1422
27793	27826	27774	1422
28096	28092	28163	1422
28639	28625	28676	1422
28923	28928	28957	1422
29197	29203	29192	1422
29766	29750	29744	1422
30004	29972	30045	1422
30258	30294	30311	1422
30831	30828	30891	1422
31123	31112	31123	1421
31387	31377	31408	1422
31637	31649	31689	1422
32207	32204	32274	1421
32500	32503	32511	1421
32754	32747	32763	1422
33317	33326	33288	1422
33566	33564	33620	1422
33866	33877	33901	1422
34414	34452	34491	1422
34760	34719	34725	1422
34975	34995	35018	1422
35562	35562	35516	1422
35822	35837	35892	1422
36144	36117	36142	1422
36392	36395	36412	1422
36995	36969	36989	1422
37217	37229	37267	1422
37533	37492	37545	1422
38051	38054	38106	1422
38386	38358	38373	1422
38615	38614	38639	1422
39195	39201	39189	1421
39452	39462	39514	1422
39773	39753	39759	1421
40005	39992	40009	1422
40660	40639	40632	1422
40883	40861	40934	1422
41177	41171	41189	1421
41717	41710	41795	1422
42015	42006	42005	1422
42262	42234	42294	1422
42836	42805	42800	1422
43046	43051	43141	1422
43394	43359	43346	1422
43889	43891	43911	1421
44216	44179	44203	1422
44470	44453	44541	1422
45031	45002	45057	1422
45285	45267	45350	1422
45584	45560	45570	1422
46150	46107	46156	1422
46393	46367	46416	1422
46666	46642	46711	1422
47192	47187	47263	1422
47506	47472	47523	1422
47774	47744	47780	1422
48035	48025	48105	1422
48608	48588	48651	1422
48901	48878	48902	1421
49148	49115	49163	1422
49744	49726	49718	1422
50011	49981	50042	1422
50266	50266	50282	1422
50804	50819	50882	1422
51154	51141	51123	1422
51410	51361	51428	1422
51650	51674	51702	1421
52247	52228	52295	1421
52530	52509	52542	1421
52810	52772	52809	1422
53372	53337	53335	1422
53620	53613	53663	1422
53912	53882	53943	1422
54423	54434	54517	1422
54781	54748	54766	1421
55023	55007	55047	1422
55603	55585	55597	1422
55828	55832	55899	1421
56174	56129	56154	1422
56691	56655	56735	1422
56968	56964	56953	1421
57208	57207	57268	1422
57761	57744	57768	1422
58038	58004	58112	1422
58377	58364	58371	1421
58630	58606	58672	1422
59186	59156	59179	1421
59451	59430	59532	1422
59775	59736	59745	1421
60292	60296	60345	1421
60596	60574	60579	1422
60828	60837	60920	1421
61405	61374	61437	1422
61663	61674	61723	1422
61962	61944	61956	1421
62518	62520	62531	1421
62797	62752	62811	1421
63047	63062	63102	1421
63382	63356	63349	1422
63894	63893	63900	1421
64194	64177	64198	1422
64404	64443	64490	1421
64980	64980	65046	1421
65289	65275	65311	1421
65550	65554	65569	1422
66164	66130	66158	1421
66388	66398	66409	1421
66688	66673	66742	1421
67217	67223	67279	1421
67536	67506	67538	1421
67759	67781	67794	1421
68078	68057	68123	1421
68618	68619	68653	1421
68916	68898	68942	1421
69171	69191	69194	1421
69795	69785	69793	1421
70048	70063	70073	1421
70319	70315	70376	1421
70647	70663	70639	1421
71174	71205	71179	1421
71455	71433	71480	1421
71683	71710	71764	1421
72034	72034	72016	1421
72614	72652	72685	1421
72937	72961	72947	1421
73206	73205	73257	1421
73481	73509	73531	1421
74033	74079	74115	1421
74373	74367	74392	1421
74632	74670	74658	1421
75225	75217	75214	1421
75430	75461	75509	1421
75744	75740	75785	1421
76246	76280	76342	1421
76539	76570	76580	1421
76785	76835	76867	1421
77319	77377	77369	1420
77613	77628	77696	1421
77875	77940	77943	1421
78470	78455	78537	1421
78720	78768	78780	1420
78978	79013	79101	1421
79560	79585	79633	1420
79855	79865	79927	1420
80131	80160	80191	1420
80712	80740	80762	1420
80973	81017	81035	1420
81248	81268	81349	1420
81522	81579	81555	1420
82105	82133	82168	1420
82377	82423	82428	1420
82619	82665	82758	1420
83162	83196	83272	1420
83465	83499	83522	1420
83737	83768	83775	1420
84313	84351	84350	1420
84576	84599	84639	1420
84856	84893	84938	1420
85142	85193	85178	1420
85750	85736	85807	1420
85995	86016	86015	1420
86241	86311	86367	1421
86787	86846	86885	1420
87103	87100	87165	1420
87365	87372	87406	1420
87941	87974	87992	1420
88180	88233	88255	1420
88486	88493	88549	1420
89039	89091	89140	1420
89353	89364	89382	1420
89590	89615	89676	1420
90134	90183	90204	1420
90435	90468	90520	1420
90748	90764	90804	1420
90989	91025	91028	1420
91605	91629	91626	1420
91864	91886	91919	1420
92134	92164	92210	1420
92444	92487	92458	1420
93018	93044	93065	1420
93339	93387	93351	1420
93614	93643	93698	1420
93926	93960	93974	1420
94449	94527	94560	1420
94788	94813	94824	1420
95030	95052	95088	1420
95606	95624	95623	1420
95838	95913	95941	1420
96175	96164	96195	1419
96697	96720	96769	1420
96957	97008	96977	1420
97249	97300	97350	1419
97779	97830	97845	1420
98084	98095	98140	1419
98332	98384	98382	1420
98932	98934	98978	1420
99160	99198	99214	1419
99451	99479	99545	1420
99743	99777	99787	1420
100302	100295	100360	1419
100568	100595	100614	1419
100814	100865	100931	1419
101372	101407	101434	1419
101699	101719	101776	1420
101941	102019	102005	1420
102553	102573	102579	1420
102787	102803	102841	1420
103066	103086	103118	1420
103552	103639	103684	1420
103923	103939	103949	1420
104190	104222	104214	1419
104460	104522	104566	1419
105020	105074	105102	1420
105327	105373	105380	1419
105582	105664	105642	1420
106178	106203	106203	1420
106412	106454	106432	1420
106701	106724	106683	1422
106899	106961	106904	1427
107472	107519	107352	1431
107718	107733	107610	1438
107992	107988	107780	1439
108487	108441	108204	1445
108528	108529	108212	1447
108529	108530	108215	1448
108529	108530	108216	1449
108529	108531	108217	1449
108530	108531	108218	1449
108529	108531	108217	1449
108530	108532	108218	1449
108530	108532	108218	1449
108530	108532	108218	1449
108530	108532	108219	1450
108530	108533	108219	1449
108530	108533	108219	1449
108530	108533	108219	1449
108530	108533	108219	1450
108530	108534	108219	1450
108530	108533	108219	1450
108530	108534	108219	1450
108530	108534	108219	1450
108531	108535	108219	1450
108530	108535	108220	1450
108531	108534	108219	1450
108531	108534	108220	1450
108530	108535	108220	1450
108530	108535	108220	1450
108530	108535	108220	1450
108531	108536	108220	1450
108530	108536	108220	1450
108531	108536	108220	1450
108531	108536	108220	1450
108531	108536	108220	1450
108531	108536	108220	1449
108531	108536	108220	1449
108531	108536	108220	1449
108531	108536	108220	1450
108531	108537	108220	1450
108531	108536	108220	1450
108531	108536	108220	1450
108531	108536	108220	1449
108531	108537	108220	1450
108531	108536	108220	1450
108531	108537	108220	1450
108531	108537	108220	1450
108531	108537	108220	1449
108531	108537	108220	1449
108531	108537	108220	1449
108531	108537	108220	1450
108531	108537	108220	1450
108531	108537	108220	1450
108531	108537	108220	1449
108531	108537	108220	1449
108531	108537	108220	1450
108531	108537	108220	1450
108531	108537	108220	1450
108531	108537	108220	1450
108531	108538	108220	1450
108531	108537	108221	1449
108531	108537	108220	1449
108531	108537	108220	1450
108531	108538	108220	1450
108531	108537	108220	1449
108531	108537	108220	1449
108531	108538	108221	1450
108531	108538	108221	1450
108531	108538	108220	1450
108531	108538	108220	1449
108531	108537	108220	1449
108532	108538	108221	1449
108531	108538	108220	1450
108531	108538	108221	1450
108531	108538	108221	1450
108531	108538	108220	1450
108531	108538	108220	1450
108531	108538	108221	1450
108531	108538	108221	1450
108532	108538	108221	1449
108531	108538	108221	1450
108531	108538	108221	1450
108531	108538	108221	1449
108532	108538	108220	1450
108531	108538	108221	1450
108532	108538	108221	1449
108531	108538	108221	1450
108531	108538	108221	1449
108532	108538	108221	1449
108531	108538	108221	1450
108531	108539	108221	1450
108531	108538	108221	1449
108531	108538	108221	1450
108532	108539	108221	1449
108531	108538	108221	1449
108532	108539	108221	1449
108532	108539	108221	1450
108531	108538	108221	1449
108531	108539	108221	1449
108532	108539	108221	1450
108531	108539	108221	1449
108532	108539	108220	1449
108532	108539	108221	1449
108531	108539	108220	1449
108531	108539	108220	1450
108531	108538	108220	1449
108532	108539	108221	1450
103533	103585	103579	1412
100520	100750	100770	1405
97699	97858	97841	1410
92316	92464	92465	1411
89599	89730	89734	1412
86825	87002	86987	1412
81410	81539	81578	1412
78718	78835	78907	1413
75813	75933	75976	1413
70356	70483	70539	1413
67645	67743	67782	1413
64740	64847	64918	1413
61816	61955	61985	1412
56359	56530	56606	1413
53668	53827	53896	1413
50968	51053	51154	1413
45497	45598	45768	1413
42821	42932	43023	1413
39712	39810	39961	1413
34272	34373	34519	1413
31348	31494	31617	1413
28646	28854	28910	1412
23036	23252	23271	1411
20310	20485	20551	1411
17638	17769	17818	1411
14712	14926	14932	1410
8806	8943	9049	1411
5883	6016	6103	1411
3146	3238	3391	1411
566	559	726	1411
128	115	101	1419
128	115	102	1420
-1000	-1000	-1000	-1000
128	115	102	1419
128	115	102	1419
129	115	102	1419
129	115	103	1419
128	115	102	1418
128	115	102	1419
129	116	102	1479
128	115	102	1710
128	115	103	1902
128	115	103	2118
128	115	103	2243
128	116	103	2510
128	116	102	2613
128	115	102	2740
128	116	102	2881
128	116	102	2869
128	115	102	2818
129	116	102	2797
128	116	102	2796
128	115	102	2797
128	115	102	2797
149	121	121	2797
231	334	322	2796
837	813	838	2796
1295	1304	1337	2796
1598	1620	1597	2797
1834	1889	1808	2796
2418	2416	2353	2796
2714	2692	2699	2795
2945	2975	2978	2796
3476	3506	3560	2796
3831	3803	3761	2795
4068	4055	4066	2796
4345	4361	4371	2795
4899	4928	4957	2794
5189	5160	5182	2794
5456	5456	5449	2795
6049	6025	5989	2795
6281	6303	6317	2794
6587	6603	6601	2795
7129	7157	7175	2795
7447	7445	7398	2795
7703	7700	7711	2794
7969	7995	7980	2795
8557	8573	8586	2795
8849	8821	8822	2795
9117	9107	9105	2794
9730	9703	9668	2795
9965	9949	9980	2795
10221	10212	10198	2795
10732	10765	10765	2796
11096	11063	11023	2796
11314	11316	11328	2795
11893	11897	11850	2795
12112	12139	12156	2795
12460	12438	12399	2795
12986	12963	12976	2795
13280	13271	13222	2795
13503	13510	13550	2796
13847	13829	13805	2794
14354	14329	14357	2795
14667	14629	14604	2794
14884	14875	14928	2796
15435	15409	15432	2795
15735	15700	15766	2794
16005	16008	15964	2795
16608	16565	16578	2794
16834	16836	16819	2794
17124	17100	17150	2794
17686	17660	17697	2795
17970	17949	17957	2795
18262	18222	18202	2795
18514	18513	18536	2795
19078	19054	19084	2795
19332	19352	19344	2795
19669	19661	19601	2796
20203	20201	20150	2796
20457	20423	20468	2795
20700	20726	20703	2795
21280	21263	21326	2795
21567	21574	21556	2795
21860	21794	21866	2795
22436	22405	22380	2795
22675	22669	22718	2795
22939	22940	22938	2795
23263	23242	23239	2795
23885	23846	23862	2795
24119	24128	24126	2795
24396	24421	24450	2794
24950	24964	24971	2794
25253	25219	25241	2794
25540	25561	25496	2794
25809	25816	25859	2795
26371	26370	26363	2794
26638	26647	26676	2794
26932	26949	26914	2794
27512	27496	27497	2795
27743	27779	27721	2795
28039	28037	28045	2795
28325	28335	28283	2795
28892	28885	28873	2794
29145	29156	29135	2795
29405	29406	29459	2795
29982	29952	30007	2795
30253	30275	30275	2795
30580	30552	30525	2795
31127	31118	31103	2795
31401	31380	31390	2795
31651	31683	31679	2795
32021	31998	31953	2795
32551	32562	32571	2795
32871	32847	32802	2795
33106	33111	33142	2794
33651	33638	33646	2794
33920	33948	33958	2795
34253	34226	34186	2794
34497	34496	34526	2795
35097	35106	35065	2794
35322	35345	35369	2794
35681	35655	35616	2795
36195	36175	36193	2795
36480	36500	36463	2794
36754	36749	36784	2794
37066	37039	37043	2794
37611	37599	37654	2794
37930	37914	37892	2794
38168	38149	38193	2795
38716	38711	38683	2795
38988	38987	39026	2794
39301	39279	39243	2794
39816	39835	39842	2796
40129	40112	40060	2795
40386	40381	40426	2795
40940	40906	40944	2795
41185	41208	41199	2795
41501	41498	41436	2795
42041	42047	42012	2795
42323	42280	42300	2795
42542	42595	42576	2796
43143	43154	43171	2795
43417	43419	43402	2794
43705	43696	43689	2795
43940	43974	43955	2795
44563	44566	44586	2795
44832	44843	44862	2795
45171	45136	45111	2795
45702	45663	45671	2794
45954	45975	45956	2795
46220	46225	46252	2795
46780	46789	46812	2794
47080	47063	47070	2794
47320	47347	47318	2795
47908	47904	47880	2795
48150	48164	48166	2795
48461	48436	48463	2795
48761	48788	48740	2795
49045	49062	49079	2794
49612	49637	49601	2794
49881	49901	49915	2794
50419	50426	50460	2794
50700	50736	50693	2795
50989	50983	50962	2795
51244	51273	51293	2795
51847	51845	51873	2795
52109	52147	52118	2795
52419	52438	52371	2795
52673	52680	52720	2795
53275	53300	53266	2795
53530	53583	53588	2795
53859	53854	53823	2795
54359	54400	54416	2796
54676	54686	54652	2794
54904	54951	54975	2795
55460	55507	55492	2795
55754	55758	55782	2795
56050	56078	56026	2795
56617	56607	56592	2794
56835	56875	56849	2795
57149	57196	57201	2795
57467	57480	57450	2794
58006	57995	58018	2794
58235	58291	58246	2795
58497	58539	58573	2794
59093	59121	59122	2795
59384	59403	59430	2795
59647	59695	59647	2796
60235	60250	60232	2795
60485	60501	60509	2795
60739	60791	60817	2795
61058	61095	61039	2795
61637	61699	61692	2795
61935	61967	61932	2795
62187	62232	62292	2796
62817	62840	62828	2795
63037	63123	63124	2795
63384	63404	63359	2795
63898	63924	63912	2795
64175	64228	64187	2795
64425	64511	64496	2795
64761	64782	64748	2795
65281	65293	65316	2794
65564	65599	65576	2795
65817	65877	65886	2794
66370	66407	66407	2794
66657	66670	66699	2795
66933	66995	66946	2794
67545	67546	67567	2794
67778	67848	67817	2795
68078	68117	68153	2795
68392	68413	68404	2794
68951	68972	69020	2794
69205	69266	69229	2795
69496	69526	69576	2794
70064	70097	70089	2794
70333	70363	70418	2794
70659	70679	70659	2794
70891	70917	70962	2795
71463	71469	71480	2796
71698	71745	71770	2796
72024	72051	72012	2796
72548	72578	72572	2796
72815	72885	72842	2795
73082	73111	73163	2795
73652	73680	73703	2795
73933	73963	73960	2795
74209	74243	74214	2795
74803	74808	74826	2794
75061	75084	75076	2795
75331	75387	75412	2795
75662	75673	75661	2796
76200	76194	76232	2794
76450	76509	76476	2796
76727	76782	76817	2795
77317	77334	77340	2795
77590	77619	77640	2793
77852	77908	77867	2794
78450	78443	78467	2794
78682	78715	78725	2794
78953	78976	78997	2794
79257	79296	79276	2793
79841	79845	79852	2795
80094	80119	80123	2795
80340	80394	80421	2795
80930	80955	80974	2794
81234	81249	81277	2795
81482	81552	81496	2795
82069	82092	82071	2795
82303	82333	82352	2794
82583	82608	82643	2795
83072	83144	83185	2795
83432	83451	83420	2795
83681	83702	83724	2795
83949	83991	84038	2795
84517	84560	84598	2795
84840	84858	84873	2795
85108	85173	85125	2795
85688	85705	85699	2794
85908	85959	85964	2794
86217	86253	86309	2795
86737	86797	86850	2793
87094	87099	87131	2794
87336	87357	87371	2794
87598	87673	87671	2794
88141	88203	88222	2795
88451	88452	88483	2795
88679	88737	88731	2794
89231	89313	89266	2795
89534	89582	89629	2794
89837	89854	89872	2794
90352	90405	90434	2795
90664	90711	90699	2794
90919	90951	90995	2794
91523	91551	91531	2794
91741	91809	91847	2794
92076	92103	92080	2795
92566	92628	92629	2795
92864	92919	92887	2795
93127	93203	93219	2795
93443	93471	93462	2794
93953	94032	94035	2794
94294	94346	94294	2795
94550	94609	94603	2794
94846	94882	94907	2795
95417	95483	95515	2794
95754	95775	95774	2794
95986	96043	96018	2794
96558	96609	96588	2794
96798	96886	96863	2794
97133	97155	97131	2794
97404	97497	97440	2795
97973	98027	98015	2795
98257	98327	98295	2795
98547	98629	98633	2794
98854	98907	98895	2793
99417	99448	99473	2794
99681	99746	99723	2794
99936	100008	100033	2794
100497	100534	100564	2794
100777	100826	100834	2794
101044	101089	101054	2794
101635	101663	101655	2795
101872	101909	101931	2795
102148	102179	102201	2795
102670	102738	102770	2794
102995	103018	103008	2794
103254	103287	103301	2794
103852	103888	103865	2795
104070	104137	104170	2795
104392	104412	104427	2795
104906	104980	105013	2797
105225	105274	105244	2799
105462	105526	105559	2800
106002	106087	106073	2800
106282	106362	106388	2802
106591	106640	106632	2802
107138	107142	107187	2810
107356	107447	107398	2815
107628	107679	107648	2823
108133	108168	108121	2842
108401	108426	108272	2846
108670	108676	108562	2850
108949	108912	108695	2861
109442	109378	109106	2868
109602	109457	109117	2872
109945	109458	109118	2874
109995	109459	109119	2876
109995	109460	109119	2876
109995	109460	109119	2876
109995	109461	109119	2876
109995	109461	109120	2877
109995	109461	109119	2877
109995	109461	109120	2877
109995	109462	109120	2877
109996	109462	109120	2876
109995	109462	109120	2876
109996	109462	109120	2876
109996	109462	109120	2876
109995	109462	109120	2876
109995	109463	109120	2876
109996	109462	109120	2876
109996	109463	109120	2876
109995	109463	109120	2876
109995	109463	109120	2876
109996	109463	109120	2876
109996	109463	109120	2876
109995	109463	109120	2876
109995	109463	109120	2876
109995	109463	109120	2876
109996	109463	109121	2876
109995	109463	109121	2876
109996	109464	109121	2876
109995	109463	109120	2876
109996	109464	109121	2876
109996	109464	109121	2876
109996	109464	109121	2876
109996	109464	109120	2876
109996	109464	109121	2876
109996	109464	109121	2876
109995	109464	109121	2876
109995	109464	109121	2876
109995	109464	109121	2876
109996	109464	109121	2876
109995	109464	109121	2876
109996	109464	109121	2876
109996	109464	109121	2876
109996	109465	109121	2876
109996	109464	109121	2876
109996	109464	109121	2876
109996	109464	109121	2876
109996	109465	109121	2876
109996	109464	109121	2876
109996	109464	109121	2876
109996	109465	109121	2876
109996	109465	109121	2876
109996	109464	109121	2876
109996	109465	109121	2876
109996	109464	109121	2876
109996	109465	109121	2876
109996	109465	109121	2876
109996	109465	109121	2876
109996	109465	109121	2876
109996	109465	109121	2876
109996	109465	109121	2876
109996	109465	109121	2876
109996	109465	109121	2876
109996	109465	109121	2876
109996	109465	109121	2876
109996	109465	109121	2876
109996	109465	109121	2876
109996	109465	109121	2875
109996	109465	109121	2876
109996	109465	109121	2876
109996	109465	109121	2876
109996	109465	109121	2876
109995	109465	109121	2876
109996	109465	109121	2876
109996	109465	109121	2876
109996	109465	109121	2876
109995	109465	109121	2876
109996	109465	109121	2876
109996	109465	109121	2876
109996	109465	109121	2875
109996	109465	109121	2876
109996	109465	109121	2876
109996	109465	109121	2876
109996	109465	109121	2876
109996	109465	109121	2876
109996	109465	109121	2876
109995	109465	109121	2876
109996	109466	109121	2876
109996	109466	109121	2876
109996	109466	109121	2876
109996	109465	109121	2876
109996	109465	109121	2876
109996	109466	109121	2876
109996	109466	109121	2876
109996	109465	109121	2876
109996	109465	109121	2876
109996	109465	109122	2876
109996	109466	109122	2876
109996	109466	109121	2876
109996	109465	109121	2876
109996	109466	109121	2876
109996	109466	109121	2876
109996	109466	109121	2876
109996	109465	109121	2876
107346	107114	107199	2861
104856	104377	104509	2810
99237	98827	98915	2796
96525	96077	96125	2795
93593	93175	93186	2796
88235	87704	87728	2796
85491	84972	84980	2794
82573	82115	82132	2796
77209	76669	76675	2796
74492	74025	73963	2795
71763	71246	71229	2796
66135	65590	65602	2796
63489	62850	62926	2795
60740	60211	60188	2796
55363	54738	54783	2796
52594	52033	52038	2796
49934	49265	49343	2796
44337	43737	43730	2795
41621	40981	40966	2796
38740	38141	38135	2796
33311	32695	32646	2796
30588	29934	29931	2796
27902	27231	27199	2796
22305	21649	21559	2796
19547	18976	18881	2796
16825	16295	16177	2795
11177	10644	10508	2796
8502	7980	7795	2796
5779	5238	5113	2795
497	172	109	2796
115	113	91	2797
116	113	91	2799
116	113	91	2800
-1000	-1000	-1000	-1000
116	113	91	2800
116	113	92	2800
116	113	91	2801
116	113	91	2800
116	113	92	2800
116	113	91	2800
116	113	91	2875
116	113	91	3150
116	113	92	3346
116	113	91	3496
116	113	91	3753
116	113	91	3890
116	113	91	3993
116	113	90	4203
116	113	91	4263
116	113	91	4243
116	113	91	4190
116	113	91	4172
116	113	91	4175
117	113	91	4172
116	113	91	4172
140	118	115	4174
229	323	373	4175
941	1031	936	4171
1275	1250	1349	4173
1557	1591	1550	4173
2074	2074	2164	4170
2378	2379	2326	4173
2606	2619	2691	4173
3202	3180	3176	4172
3422	3426	3510	4172
3768	3742	3700	4171
4309	4285	4294	4169
4552	4540	4533	4170
4821	4807	4878	4172
5114	5099	5072	4172
5678	5652	5676	4171
5947	5933	5932	4171
6211	6210	6266	4172
6798	6789	6806	4172
7054	7065	7093	4172
7378	7375	7342	4172
7929	7910	7901	4172
8219	8197	8213	4172
8482	8486	8519	4172
8808	8787	8744	4172
9310	9302	9302	4172
9680	9623	9616	4172
9880	9889	9921	4171
10454	10426	10467	4172
10684	10715	10694	4172
11070	11017	10989	4172
11276	11279	11313	4173
11846	11834	11834	4172
12085	12106	12110	4171
12437	12407	12374	4171
12959	12920	12926	4173
13235	13241	13206	4171
13470	13476	13528	4172
14070	14043	14078	4171
14336	14317	14366	4171
14645	14612	14592	4172
14859	14872	14938	4172
15487	15513	15476	4172
15767	15752	15830	4171
16063	16059	16025	4172
16602	16594	16596	4172
16836	16849	16822	4171
17144	17124	17180	4171
17665	17656	17698	4171
17961	17952	17947	4172
18214	18211	18198	4171
18794	18784	18720	4171
19019	19027	19044	4172
19314	19296	19287	4171
19807	19827	19817	4172
20127	20117	20046	4172
20349	20351	20361	4172
20946	20919	20934	4172
21189	21203	21220	4172
21522	21512	21469	4172
21779	21755	21804	4172
22413	22399	22343	4172
22664	22662	22713	4171
22936	22937	22920	4171
23479	23491	23520	4172
23806	23791	23753	4172
24032	24048	24081	4172
24576	24571	24565	4172
24839	24879	24893	4172
25138	25149	25090	4172
25697	25689	25701	4171
25974	25972	25960	4171
26234	26290	26280	4172
26575	26554	26540	4171
27078	27081	27095	4172
27356	27400	27346	4172
27635	27677	27679	4171
28178	28202	28218	4172
28453	28476	28475	4171
28745	28767	28732	4172
29320	29326	29307	4171
29581	29605	29590	4172
29840	29877	29905	4172
30408	30410	30452	4173
30696	30708	30690	4172
30965	30973	30962	4172
31191	31250	31252	4172
31803	31817	31813	4172
32079	32119	32141	4173
32405	32431	32380	4172
32947	32957	32961	4172
33223	33247	33209	4171
33468	33505	33550	4172
34016	34040	34075	4171
34319	34345	34335	4170
34588	34608	34570	4171
35133	35171	35118	4172
35373	35414	35405	4172
35715	35714	35686	4172
36221	36252	36270	4172
36514	36546	36508	4172
36756	36788	36801	4172
37060	37080	37078	4172
37600	37651	37696	4172
37894	37924	37906	4171
38149	38189	38184	4171
38715	38769	38706	4172
38980	39031	39043	4171
39315	39317	39302	4172
39823	39895	39889	4171
40171	40198	40123	4172
40395	40425	40463	4172
40703	40735	40717	4172
41247	41311	41325	4171
41597	41627	41588	4171
41884	41916	41869	4172
42428	42447	42386	4172
42636	42688	42701	4172
42981	43000	42998	4171
43294	43338	43242	4172
43858	43875	43831	4172
44103	44162	44140	4172
44382	44408	44407	4172
44694	44735	44688	4172
45262	45272	45266	4172
45498	45556	45513	4172
45826	45872	45894	4172
46362	46406	46403	4172
46651	46691	46674	4172
46919	46968	46918	4172
47483	47497	47481	4171
47798	47851	47809	4172
48064	48120	48120	4172
48370	48396	48360	4171
48920	48947	48925	4172
49192	49236	49182	4172
49446	49506	49483	4172
49758	49779	49720	4172
50290	50359	50323	4173
50642	50663	50592	4172
50857	50890	50887	4171
51452	51482	51441	4171
51662	51738	51701	4172
52034	52055	51978	4172
52549	52592	52552	4172
52892	52930	52855	4171
53103	53162	53165	4172
53421	53455	53411	4171
53953	54012	54009	4172
54329	54356	54319	4172
54613	54629	54597	4172
54845	54915	54908	4171
55396	55435	55448	4172
55711	55702	55678	4171
56235	56245	56225	4171
56511	56554	56483	4172
56780	56809	56816	4172
57311	57336	57316	4171
57585	57624	57612	4172
57863	57905	57845	4171
58133	58167	58177	4172
58736	58781	58724	4171
58990	59040	59043	4171
59337	59328	59290	4172
59831	59873	59847	4171
60124	60135	60090	4172
60370	60425	60447	4171
60944	60961	60966	4172
61214	61282	61297	4171
61580	61588	61534	4171
61837	61841	61856	4171
62386	62409	62368	4171
62613	62668	62681	4172
62959	62982	62937	4171
63469	63497	63481	4171
63774	63806	63758	4172
64004	64072	64060	4172
64579	64626	64590	4171
64843	64868	64875	4171
65131	65195	65137	4171
65416	65472	65461	4171
65996	66061	65995	4171
66276	66303	66312	4171
66569	66597	66539	4171
67115	67159	67130	4171
67385	67453	67372	4171
67668	67730	67725	4171
67994	68000	67990	4172
68505	68563	68553	4171
68783	68841	68776	4171
69035	69073	69091	4171
69627	69669	69637	4170
69898	69966	69956	4171
70223	70260	70209	4171
70489	70521	70526	4170
71110	71141	71087	4170
71340	71380	71407	4170
71635	71658	71630	4171
72125	72202	72181	4171
72464	72498	72442	4171
72707	72768	72771	4171
73259	73344	73293	4171
73501	73579	73578	4171
73821	73877	73823	4171
74369	74393	74391	4171
74612	74702	74655	4171
74878	74961	74980	4170
75461	75521	75513	4171
75764	75791	75812	4171
76006	76095	76051	4170
76615	76639	76644	4171
76854	76928	76883	4171
77149	77189	77231	4171
77658	77727	77753	4171
77974	78027	78009	4171
78210	78276	78246	4171
78752	78842	78795	4172
78993	79082	79126	4171
79367	79418	79400	4171
79600	79655	79657	4171
80157	80239	80207	4171
80401	80481	80503	4172
80725	80780	80746	4171
81254	81323	81335	4171
81531	81621	81557	4171
81800	81865	81910	4171
82367	82451	82412	4172
82601	82700	82739	4172
82931	82989	82955	4171
83462	83540	83532	4171
83756	83815	83788	4171
83974	84075	84120	4171
84563	84632	84639	4172
84851	84928	84954	4171
85132	85211	85184	4172
85397	85481	85511	4172
85961	86023	86016	4172
86217	86316	86349	4171
86528	86584	86561	4172
87090	87117	87159	4172
87345	87411	87414	4172
87631	87740	87756	4171
88190	88283	88271	4171
88486	88531	88559	4171
88719	88845	88814	4172
89295	89366	89362	4172
89551	89632	89674	4172
89864	89922	89944	4171
90395	90487	90527	4171
90711	90763	90785	4171
90956	91049	91044	4172
91220	91317	91366	4171
91861	91926	91946	4171
92123	92206	92258	4171
92413	92505	92485	4171
92990	93048	93059	4172
93233	93325	93312	4172
93505	93572	93641	4171
93785	93891	93876	4171
94370	94430	94470	4172
94662	94748	94724	4172
94947	95022	95070	4171
95273	95334	95352	4171
95778	95857	95891	4171
96058	96143	96148	4171
96358	96454	96461	4172
96891	97005	96942	4172
97184	97271	97318	4172
97496	97562	97596	4172
98044	98100	98133	4172
98284	98383	98383	4171
98558	98657	98687	4171
99108	99191	99204	4172
99412	99459	99518	4171
99660	99771	99777	4171
99929	100022	100067	4171
100497	100591	100591	4172
100778	100851	100919	4172
101056	101151	101157	4172
101661	101701	101750	4171
101896	101997	101980	4172
102160	102243	102291	4172
102741	102821	102844	4172
103066	103135	103208	4171
103357	103449	103438	4171
103592	103697	103750	4172
104204	104295	104271	4172
104491	104615	104636	4172
104818	104883	104886	4172
105081	105180	105160	4172
105622	105731	105725	4171
105953	106030	106045	4171
106250	106309	106370	4171
106516	106613	106621	4171
107124	107137	107206	4171
107346	107440	107435	4171
107633	107699	107766	4171
108180	108262	108266	4174
108490	108534	108535	4180
108713	108807	108719	4188
109221	109304	109179	4201
109469	109537	109461	4209
109691	109799	109587	4228
110184	110250	110028	4236
110301	110474	110035	4236
110300	110722	110035	4237
110301	111177	110036	4238
110301	111367	110036	4239
110301	111413	110036	4239
110301	111416	110036	4240
110302	111418	110037	4240
110301	111419	110037	4240
110302	111419	110037	4240
110302	111420	110037	4240
110302	111421	110037	4240
110302	111421	110037	4240
110302	111422	110037	4240
110302	111422	110037	4240
110302	111422	110037	4240
110302	111423	110037	4240
110302	111423	110037	4240
110302	111423	110037	4240
110302	111423	110037	4240
110302	111423	110038	4240
110302	111424	110037	4239
110302	111424	110037	4239
110302	111424	110038	4240
110302	111424	110038	4240
110302	111424	110038	4240
110302	111424	110038	4240
110302	111424	110038	4240
110302	111425	110038	4240
110302	111425	110038	4239
110302	111425	110038	4240
110302	111425	110038	4239
110303	111425	110038	4239
110302	111425	110038	4239
110303	111425	110038	4239
110302	111425	110038	4239
110302	111425	110038	4240
110302	111425	110038	4239
110302	111425	110037	4239
110302	111425	110038	4239
110302	111425	110038	4239
110302	111425	110038	4239
110302	111425	110038	4239
110302	111425	110038	4239
110302	111426	110038	4239
110302	111426	110038	4239
110302	111426	110038	4239
110302	111426	110038	4239
110302	111425	110038	4239
110302	111426	110038	4239
110303	111426	110038	4239
110302	111426	110038	4239
110303	111426	110038	4239
110302	111426	110038	4239
110302	111426	110038	4239
110302	111426	110038	4239
110302	111426	110038	4240
110302	111426	110038	4239
110302	111426	110038	4239
110303	111426	110038	4239
110302	111426	110038	4239
110302	111427	110038	4239
110302	111426	110038	4239
110302	111427	110038	4239
110302	111426	110038	4239
110302	111426	110038	4239
110302	111426	110038	4239
110302	111426	110038	4239
110303	111426	110038	4239
110303	111427	110038	4239
110302	111427	110038	4239
110302	111426	110038	4239
110302	111427	110039	4239
110302	111427	110038	4239
110303	111426	110038	4239
110302	111427	110039	4239
110302	111427	110039	4239
110303	111427	110038	4239
110302	111427	110038	4239
110303	111427	110038	4239
110302	111427	110038	4239
110303	111427	110038	4239
110303	111427	110039	4239
110303	111427	110039	4239
110303	111427	110038	4239
110302	111427	110038	4239
110303	111427	110038	4239
110303	111427	110038	4239
110303	111427	110038	4239
110303	111426	110038	4239
110303	111427	110038	4239
110303	111427	110039	4239
110303	111427	110039	4239
110303	111427	110038	4239
110303	111427	110039	4239
110302	111427	110038	4238
110302	111427	110038	4239
110303	111427	110038	4239
110303	111427	110039	4239
110303	111427	110038	4239
110302	111427	110038	4239
110303	111427	110038	4239
110303	111427	110039	4239
110303	111427	110039	4239
110303	111427	110039	4239
110303	111427	110038	4239
107759	109788	108028	4231
105195	106607	105381	4195
102309	103926	102344	4176
97103	98640	97128	4179
94185	95740	94240	4178
91495	93027	91515	4178
86090	87560	86068	4178
83291	84778	83267	4178
80399	81956	80493	4177
77581	79065	77574	4177
71942	73460	71955	4177
69075	70621	69206	4176
66282	67826	66374	4176
60688	62224	60772	4176
57985	59512	57987	4176
54996	56475	55074	4176
49461	50937	49559	4176
46768	48251	46820	4176
44033	45499	44084	4176
41194	42687	41272	4176
35516	36985	35562	4176
32826	34234	32820	4177
29910	31414	29972	4177
23912	25461	24013	4177
21288	22714	21284	4176
18369	19841	18385	4176
15640	17127	15693	4176
9655	11170	9683	4176
6957	8423	6968	4176
4242	5702	4229	4176
121	405	72	4176
125	121	77	4180
125	121	78	4180
-1000	-1000	-1000	-1000
126	122	78	4178
125	122	78	4179
126	122	78	4178
125	122	78	4178
125	122	78	4178
125	122	78	4178
125	122	78	4352
125	122	79	4509
125	122	79	4703
126	122	79	4864
125	122	78	5123
125	122	78	5254
125	122	78	5348
126	122	78	5597
125	122	78	5639
126	122	78	5617
126	122	78	5555
126	122	78	5554
126	122	78	5554
125	122	78	5554
125	122	78	5554
148	128	104	5554
789	830	851	5555
976	1013	919	5555
1294	1297	1354	5554
1609	1634	1644	5555
2135	2119	2232	5555
2437	2434	2392	5555
2708	2690	2713	5555
3276	3264	3218	5555
3498	3495	3585	5556
3818	3796	3774	5555
4327	4325	4361	5556
4593	4587	4586	5556
4886	4882	4950	5556
5185	5142	5160	5556
5752	5761	5810	5556
6081	6035	6045	5556
6310	6298	6345	5556
6853	6855	6866	5556
7125	7131	7191	5556
7428	7414	7400	5556
7970	7956	7978	5556
8268	8264	8244	5556
8536	8544	8588	5556
8846	8817	8820	5556
9345	9352	9385	5556
9697	9655	9637	5556
9928	9919	9972	5556
10501	10470	10492	5556
10712	10743	10746	5556
11098	11066	11040	5556
11605	11604	11622	5556
11910	11935	11871	5556
12157	12168	12200	5556
12474	12469	12448	5556
13040	13023	13056	5556
13347	13350	13304	5556
13606	13599	13608	5556
13900	13923	13949	5556
14474	14482	14527	5556
14763	14739	14753	5556
15026	15024	15003	5556
15637	15611	15582	5556
15874	15860	15890	5556
16160	16145	16186	5556
16463	16458	16419	5556
17047	16996	17010	5556
17267	17289	17273	5556
17568	17558	17584	5556
18122	18110	18131	5556
18408	18400	18378	5556
18682	18640	18640	5555
19259	19223	19181	5556
19515	19506	19518	5556
19792	19789	19764	5556
20108	20099	20034	5556
20657	20636	20590	5556
20895	20886	20900	5556
21162	21165	21146	5555
21691	21706	21731	5556
22021	22037	21987	5556
22292	22276	22271	5556
22873	22881	22805	5556
23108	23117	23130	5556
23400	23397	23365	5555
23927	23925	23944	5556
24218	24240	24179	5556
24441	24479	24506	5556
24763	24754	24740	5556
25115	25152	25077	5556
25702	25696	25702	5556
25958	25980	25955	5556
26220	26277	26266	5556
26811	26861	26838	5556
27113	27132	27142	5556
27409	27432	27401	5555
27958	27954	27939	5556
28194	28238	28230	5556
28509	28549	28546	5556
28827	28842	28793	5555
29365	29398	29407	5556
29683	29714	29647	5555
29922	29936	29977	5555
30227	30251	30220	5556
30808	30835	30855	5555
31112	31114	31082	5556
31387	31406	31387	5556
31939	31965	31883	5556
32210	32218	32255	5556
32496	32520	32477	5556
33002	33066	33055	5556
33323	33343	33268	5556
33567	33590	33614	5556
33862	33898	33867	5556
34413	34480	34465	5556
34756	34742	34685	5556
34974	35006	35001	5556
35514	35558	35466	5556
35800	35833	35800	5555
36098	36095	36027	5555
36632	36623	36610	5556
36924	36955	36911	5556
37187	37223	37224	5556
37502	37480	37463	5555
38051	38069	38095	5556
38357	38378	38318	5556
38601	38609	38627	5556
39202	39228	39171	5556
39468	39498	39507	5556
39783	39798	39749	5556
40286	40290	40270	5556
40565	40589	40537	5556
40830	40827	40844	5556
41149	41160	41110	5555
41676	41690	41694	5556
41991	42003	41916	5556
42232	42225	42236	5555
42794	42780	42760	5556
43017	43060	43052	5556
43387	43392	43301	5556
43894	43925	43872	5556
44181	44212	44162	5555
44442	44462	44444	5555
44985	44998	45009	5555
45276	45272	45254	5555
45518	45553	45507	5556
46125	46116	46079	5555
46382	46413	46382	5555
46663	46682	46666	5556
47223	47252	47264	5555
47548	47530	47543	5555
47825	47865	47810	5555
48111	48148	48132	5556
48664	48685	48670	5555
48917	48931	48920	5555
49267	49257	49207	5555
49509	49532	49538	5556
50073	50098	50063	5555
50360	50385	50367	5555
50682	50689	50628	5555
51203	51219	51205	5556
51510	51526	51455	5556
51740	51769	51756	5555
52301	52315	52309	5556
52561	52573	52562	5555
52843	52884	52819	5555
53405	53420	53367	5556
53644	53683	53665	5556
53938	53954	53958	5555
54238	54283	54203	5555
54814	54848	54821	5556
55090	55112	55055	5555
55357	55376	55385	5556
55912	55957	55930	5556
56221	56230	56216	5556
56461	56524	56447	5556
56766	56791	56805	5555
57331	57372	57325	5555
57619	57669	57652	5556
57921	57936	57872	5555
58461	58458	58455	5556
58742	58776	58717	5556
58996	59039	59024	5556
59567	59588	59592	5556
59834	59865	59843	5555
60128	60142	60092	5555
60391	60424	60429	5556
60957	60956	60965	5555
61194	61236	61213	5555
61780	61800	61802	5556
62072	62081	62039	5555
62341	62345	62331	5556
62566	62609	62593	5556
63189	63201	63209	5555
63466	63480	63446	5556
63743	63783	63739	5556
64320	64325	64261	5556
64555	64581	64567	5556
64844	64847	64827	5555
65371	65409	65386	5556
65702	65707	65638	5556
65924	65956	65935	5555
66490	66545	66460	5556
66728	66764	66757	5555
67100	67100	67075	5556
67337	67359	67324	5555
67920	67941	67882	5556
68174	68189	68194	5555
68487	68496	68509	5555
69018	69037	69067	5555
69325	69334	69292	5555
69587	69578	69603	5555
70174	70208	70141	5556
70435	70440	70478	5556
70726	70734	70689	5556
71213	71273	71226	5556
71568	71548	71496	5555
71775	71811	71832	5556
72087	72095	72063	5555
72603	72667	72628	5555
72928	72951	72890	5556
73197	73211	73230	5555
73744	73776	73733	5556
73983	74041	74031	5556
74321	74329	74291	5556
74840	74856	74862	5555
75132	75139	75112	5556
75380	75429	75462	5556
75745	75722	75736	5555
76242	76263	76306	5556
76573	76579	76547	5555
76801	76844	76850	5556
77360	77416	77367	5556
77634	77662	77690	5556
77938	77954	77914	5556
78484	78464	78499	5556
78757	78805	78774	5556
79042	79061	79122	5555
79376	79370	79381	5556
79904	79920	79963	5556
80199	80207	80191	5556
80458	80485	80503	5555
81007	81036	81016	5556
81300	81304	81357	5555
81600	81611	81570	5556
82117	82138	82133	5556
82399	82411	82409	5556
82644	82675	82727	5556
83202	83186	83262	5555
83479	83504	83518	5556
83785	83771	83781	5556
84335	84342	84349	5555
84584	84585	84624	5556
84858	84869	84910	5556
85395	85405	85481	5556
85701	85701	85709	5556
85955	85960	85964	5555
86233	86265	86346	5556
86773	86807	86862	5556
87106	87088	87146	5556
87370	87351	87381	5556
87954	87952	87958	5556
88191	88222	88243	5556
88502	88498	88535	5555
89024	89060	89100	5555
89332	89353	89345	5556
89600	89616	89661	5556
89878	89897	89922	5556
90412	90450	90492	5556
90735	90735	90734	5556
90966	90973	91015	5556
91520	91543	91537	5556
91741	91815	91846	5556
92094	92101	92112	5556
92585	92636	92672	5556
92890	92930	92915	5556
93131	93191	93222	5556
93737	93761	93747	5556
93987	94055	94106	5556
94336	94374	94372	5556
94600	94636	94618	5556
95194	95240	95209	5556
95426	95472	95523	5556
95767	95786	95799	5555
96284	96315	96373	5556
96628	96637	96627	5556
96853	96896	96882	5556
97159	97174	97186	5556
97685	97717	97766	5556
97991	98009	98014	5556
98208	98242	98260	5556
98765	98832	98795	5556
99056	99082	99139	5556
99360	99376	99393	5556
99626	99661	99673	5556
100240	100249	100249	5556
100468	100517	100555	5555
101050	101087	101069	5556
101319	101371	101413	5556
101658	101679	101682	5556
101901	101915	101947	5556
102509	102540	102526	5555
102719	102755	102804	5556
103031	103036	103060	5556
103532	103575	103632	5556
103848	103875	103881	5556
104115	104151	104187	5556
104658	104719	104674	5556
104961	105013	105058	5556
105277	105296	105290	5556
105537	105576	105580	5556
106112	106159	106137	5556
106401	106424	106463	5556
106694	106710	106769	5556
107228	107253	107312	5556
107501	107540	107535	5556
107750	107795	107827	5557
108313	108363	108342	5557
108577	108631	108649	5557
108852	108903	108910	5563
109134	109167	109172	5566
109618	109758	109653	5585
109896	110002	109937	5589
110098	110318	110134	5603
110540	110849	110603	5603
110612	111135	110855	5603
110613	111367	111007	5606
110614	111860	111437	5608
110614	112140	111775	5609
110614	112363	111829	5611
110614	112859	111829	5611
110615	113108	111829	5612
110615	113384	111829	5612
110615	113424	111829	5612
110615	113425	111830	5612
110615	113426	111829	5613
110615	113426	111830	5613
110615	113426	111830	5613
110615	113426	111830	5613
110615	113426	111830	5613
110615	113427	111830	5612
110615	113427	111830	5613
110615	113427	111830	5613
110616	113427	111830	5613
110615	113427	111830	5613
110615	113427	111830	5613
110615	113428	111830	5613
110615	113428	111830	5613
110615	113428	111830	5613
110615	113428	111830	5613
110615	113428	111830	5612
110615	113428	111830	5613
110615	113428	111830	5613
110615	113428	111830	5613
110616	113428	111830	5613
110616	113428	111830	5613
110615	113428	111830	5613
110616	113428	111830	5613
110616	113428	111830	5613
110615	113428	111830	5613
110615	113428	111830	5613
110616	113428	111830	5613
110616	113428	111830	5613
110616	113428	111830	5613
110615	113429	111830	5613
110615	113429	111830	5613
110616	113428	111830	5613
110616	113428	111830	5612
110616	113429	111830	5613
110616	113428	111830	5613
110616	113428	111830	5613
110615	113428	111830	5613
110616	113429	111830	5613
110616	113428	111830	5613
110615	113429	111830	5613
110615	113429	111830	5613
110616	113429	111830	5613
110616	113429	111830	5613
110616	113429	111830	5613
110615	113429	111830	5613
110616	113429	111830	5612
110616	113429	111830	5613
110615	113429	111830	5613
110616	113429	111830	5613
110616	113429	111830	5613
110616	113428	111830	5613
110615	113429	111830	5613
110616	113429	111830	5612
110616	113429	111830	5613
110616	113429	111830	5613
110615	113429	111830	5612
110616	113429	111830	5613
110616	113428	111830	5613
110616	113429	111830	5613
110616	113429	111830	5613
110616	113429	111830	5613
110616	113429	111830	5613
110616	113429	111830	5612
110616	113429	111830	5613
110616	113429	111830	5612
110616	113429	111830	5613
110616	113429	111830	5612
110616	113429	111831	5613
110616	113429	111830	5613
110616	113429	111830	5612
110616	113429	111830	5612
110616	113429	111830	5613
110616	113429	111830	5613
110616	113429	111830	5613
110616	113429	111830	5612
110616	113429	111830	5613
110616	113429	111830	5613
110616	113429	111830	5613
110616	113429	111830	5612
110616	113429	111830	5613
110616	113429	111830	5612
110616	113429	111830	5612
110616	113429	111830	5613
110616	113429	111830	5613
110616	113429	111830	5612
110616	113428	111830	5613
110616	113429	111830	5612
110616	113429	111830	5613
110616	113429	111830	5612
110616	113429	111830	5613
110616	113429	111830	5612
110616	113429	111830	5612
110616	113429	111830	5612
110616	113429	111830	5612
110616	113429	111830	5612
110616	113429	111830	5612
110616	113429	111830	5612
110616	113429	111830	5613
110616	113429	111830	5613
105578	108519	107072	5561
102640	105737	104041	5552
99970	103087	101333	5553
94481	97633	95947	5552
91799	94901	93159	5553
89075	92179	90414	5552
83418	86545	84723	5551
80683	83672	81941	5551
77924	80944	79196	5552
75192	78283	76501	5551
69597	72630	70859	5552
66715	69712	68002	5552
64036	67005	65329	5551
58654	61535	59878	5552
55922	58789	57148	5552
53159	56108	54422	5552
47883	50838	49145	5551
45188	48100	46397	5551
42320	45196	43506	5552
36839	39756	38084	5551
34240	37019	35395	5552
31427	34244	32713	5553
25916	28620	27082	5552
22988	25775	24144	5553
20251	23023	21442	5552
14460	17229	15666	5551
11698	14483	12941	5552
8843	11625	9990	5552
6112	8897	7265	5552
599	3319	1665	5552
138	616	79	5550
139	112	84	5552
-1000	-1000	-1000	-1000
139	113	85	5551
140	113	85	5551
140	113	85	5551
140	113	85	5551
140	113	85	5551
139	113	85	5612
140	113	85	5717
140	113	85	5892
140	113	86	6266
139	113	86	6403
139	113	85	6524
139	113	85	6775
140	113	85	6949
139	113	85	7113
139	113	85	7359
139	113	85	7468
139	113	85	7555
139	113	85	7569
139	113	85	7552
139	113	85	7543
139	113	85	7543
139	113	85	7544
139	113	85	7544
139	113	85	7544
238	398	434	7544
859	824	844	7544
1038	1114	1008	7544
1356	1331	1360	7544
1946	1942	1864	7544
2175	2163	2258	7545
2453	2457	2436	7544
2994	3023	3075	7544
3362	3325	3301	7544
3605	3568	3626	7545
4185	4141	4136	7545
4409	4422	4463	7545
4737	4700	4716	7544
5001	5003	4995	7545
5606	5560	5546	7544
5826	5823	5850	7544
6132	6090	6100	7543
6626	6626	6660	7544
7006	6979	6970	7544
7240	7238	7255	7544
7537	7535	7556	7544
8074	8077	8114	7544
8399	8382	8368	7544
8642	8640	8638	7544
9213	9202	9150	7544
9453	9440	9485	7544
9739	9737	9707	7544
10246	10263	10255	7544
10577	10557	10525	7545
10792	10802	10834	7544
11379	11366	11350	7545
11615	11625	11663	7544
11956	11951	11881	7545
12478	12488	12466	7545
12764	12755	12738	7544
13004	13005	13036	7544
13557	13552	13590	7544
13853	13881	13883	7544
14190	14148	14125	7545
14408	14427	14484	7545
14992	14983	14996	7545
15236	15263	15288	7545
15522	15546	15493	7544
16100	16074	16074	7543
16327	16327	16344	7544
16671	16689	16708	7544
17213	17232	17250	7543
17509	17499	17504	7543
17789	17817	17761	7544
18375	18358	18305	7544
18606	18608	18616	7545
18858	18893	18875	7544
19163	19188	19128	7545
19759	19749	19716	7544
20005	20013	20003	7544
20250	20297	20278	7544
20867	20874	20898	7544
21137	21160	21132	7544
21421	21436	21415	7544
21985	21993	21945	7544
22221	22241	22260	7544
22505	22517	22505	7544
22756	22806	22778	7544
23362	23366	23317	7544
23600	23644	23625	7544
24146	24206	24134	7544
24400	24449	24458	7544
24724	24723	24676	7544
25246	25231	25262	7544
25491	25551	25487	7544
25751	25786	25799	7545
26079	26082	26037	7544
26618	26647	26647	7544
26908	26956	26895	7544
27169	27206	27215	7544
27719	27779	27719	7544
28028	28060	28046	7545
28315	28357	28287	7544
28880	28919	28877	7544
29154	29197	29151	7545
29441	29459	29513	7545
29758	29768	29736	7543
30273	30327	30321	7544
30600	30615	30553	7544
30856	30880	30901	7544
31435	31459	31412	7544
31671	31717	31721	7545
31999	32002	31943	7545
32508	32533	32526	7544
32786	32798	32765	7543
33030	33097	33104	7544
33409	33409	33389	7544
33908	33937	33969	7544
34235	34224	34170	7544
34454	34501	34500	7544
35078	35115	35049	7544
35316	35358	35364	7544
35675	35656	35597	7544
35893	35925	35917	7544
36488	36529	36475	7544
36748	36767	36771	7544
37058	37050	37031	7544
37587	37589	37623	7543
37863	37901	37843	7543
38130	38139	38153	7543
38686	38718	38674	7544
38986	38998	39012	7544
39299	39294	39243	7544
39803	39842	39813	7545
40108	40128	40057	7544
40413	40405	40441	7544
40706	40717	40680	7545
41230	41265	41245	7545
41565	41560	41487	7544
41838	41827	41838	7544
42073	42105	42078	7544
42655	42681	42667	7544
42956	42934	42897	7543
43217	43209	43193	7543
43791	43772	43717	7543
44037	44060	44033	7543
44353	44325	44314	7544
44915	44927	44933	7544
45250	45209	45191	7543
45473	45480	45472	7543
45762	45719	45745	7543
46337	46335	46354	7543
46639	46627	46630	7543
46919	46901	46869	7543
47474	47461	47423	7544
47721	47710	47715	7544
48019	48000	48009	7544
48566	48538	48568	7544
48877	48850	48812	7544
49139	49120	49123	7544
49423	49423	49412	7544
49987	49972	49997	7543
50262	50274	50239	7543
50597	50550	50525	7543
50834	50847	50845	7543
51444	51419	51414	7543
51685	51721	51690	7543
52024	52012	51950	7543
52541	52544	52519	7543
52827	52833	52797	7544
53044	53098	53083	7544
53391	53390	53326	7544
53924	53922	53912	7543
54202	54231	54163	7544
54449	54484	54488	7543
55027	55036	55025	7544
55321	55326	55313	7543
55656	55655	55596	7543
55890	55922	55912	7543
56469	56518	56421	7544
56744	56777	56760	7544
57052	57045	56985	7545
57566	57580	57554	7544
57786	57841	57765	7543
58076	58100	58088	7543
58667	58688	58675	7544
58944	58991	58941	7544
59221	59270	59183	7544
59806	59822	59761	7545
60120	60152	60073	7545
60391	60430	60417	7544
60707	60732	60665	7544
61242	61287	61267	7543
61606	61617	61545	7544
61845	61883	61861	7543
62120	62156	62131	7543
62700	62724	62742	7543
63008	63055	63014	7544
63339	63366	63273	7543
63575	63616	63595	7544
64148	64190	64145	7544
64421	64481	64427	7544
64763	64772	64688	7544
65000	65031	65026	7543
65537	65585	65529	7543
65833	65877	65853	7544
66165	66147	66113	7544
66674	66692	66678	7544
66964	67002	66931	7544
67227	67259	67258	7544
67775	67833	67788	7544
68077	68083	68082	7544
68400	68406	68361	7544
68654	68671	68653	7544
69217	69265	69196	7545
69468	69500	69509	7545
69796	69804	69756	7545
70312	70328	70309	7544
70591	70625	70558	7543
70830	70864	70859	7544
71440	71424	71427	7544
71675	71706	71656	7544
71990	71997	71938	7545
72535	72556	72486	7544
72796	72823	72778	7545
73069	73088	73067	7544
73616	73635	73616	7544
73917	73921	73867	7544
74172	74207	74151	7545
74470	74500	74467	7543
75062	75064	75052	7543
75337	75383	75340	7544
75665	75656	75574	7544
76205	76190	76155	7545
76445	76476	76418	7544
76723	76752	76727	7544
77281	77314	77301	7543
77575	77572	77535	7544
77822	77856	77795	7544
78104	78155	78124	7544
78676	78706	78686	7544
78958	78967	78944	7544
79244	79273	79212	7544
79822	79811	79743	7544
80052	80068	80060	7544
80320	80372	80321	7545
80907	80931	80902	7544
81193	81201	81153	7544
81480	81530	81458	7544
81719	81779	81720	7545
82290	82332	82314	7545
82579	82589	82546	7544
82832	82901	82831	7544
83410	83436	83360	7544
83649	83680	83671	7545
83945	83961	83932	7544
84489	84532	84520	7544
84799	84806	84739	7544
85028	85065	85048	7544
85606	85658	85570	7545
85841	85895	85893	7544
86197	86200	86148	7544
86712	86736	86741	7544
87027	87063	86964	7544
87260	87295	87289	7543
87588	87618	87564	7543
88137	88197	88166	7544
88460	88463	88421	7543
88687	88736	88702	7544
89279	89337	89207	7544
89548	89589	89594	7544
89856	89894	89843	7544
90137	90188	90143	7543
90744	90751	90704	7543
90987	91040	91011	7544
91246	91329	91301	7544
91614	91655	91569	7544
92125	92181	92147	7543
92427	92488	92408	7544
92702	92758	92747	7543
93276	93337	93274	7544
93549	93611	93612	7544
93865	93924	93808	7543
94411	94480	94443	7544
94721	94788	94665	7544
94967	95025	95025	7544
95284	95326	95263	7545
95799	95901	95848	7544
96138	96171	96072	7543
96378	96449	96422	7544
96943	97018	96888	7544
97207	97287	97226	7545
97519	97556	97456	7544
98044	98086	98032	7543
98292	98367	98287	7543
98560	98648	98593	7543
99131	99204	99160	7544
99406	99458	99403	7544
99664	99755	99673	7544
100272	100302	100211	7543
100507	100578	100547	7544
100793	100858	100802	7544
101142	101202	101065	7544
101672	101710	101652	7544
101931	102001	101910	7544
102171	102246	102213	7544
102748	102805	102772	7543
103045	103081	103015	7543
103325	103397	103302	7544
103895	103930	103831	7544
104120	104172	104151	7544
104404	104461	104393	7545
104904	105021	104950	7543
105266	105320	105200	7545
105510	105580	105517	7544
106048	106145	106042	7544
106297	106389	106327	7543
106649	106681	106589	7543
107185	107227	107172	7544
107424	107528	107425	7544
107713	107786	107726	7544
108030	108059	107985	7543
108555	108609	108547	7544
108875	108918	108827	7544
109142	109181	109122	7545
109656	109762	109620	7545
109935	110011	109893	7545
110197	110319	110120	7545
110437	110565	110398	7555
110938	111174	110929	7564
111174	111427	111112	7566
111390	111707	111396	7563
111681	112264	111777	7561
111680	112563	112058	7562
111681	112799	112319	7563
111680	113348	112783	7563
111681	113646	112809	7563
111680	113925	112810	7563
111681	114477	112811	7563
111681	114807	112811	7563
111681	115070	112811	7563
111681	115317	112812	7563
111681	115891	112812	7563
111681	116200	112812	7563
111681	116438	112812	7562
111681	116985	112813	7563
111681	117204	112813	7564
111681	117479	112812	7564
111681	117719	112812	7564
111681	118187	112813	7567
111681	118427	112813	7569
111681	118651	112813	7573
111681	118691	112813	7577
111681	118691	112813	7578
111681	118693	112813	7577
111681	118694	112813	7578
111681	118694	112813	7578
111681	118694	112813	7578
111681	118695	112813	7578
111681	118695	112813	7578
111681	118695	112813	7578
111681	118695	112813	7578
111681	118695	112813	7578
111681	118695	112813	7578
111681	118695	112813	7578
111681	118695	112813	7579
111681	118696	112813	7578
111681	118696	112813	7579
111682	118696	112813	7579
111681	118696	112813	7578
111681	118696	112813	7579
111681	118696	112813	7579
111681	118696	112813	7579
111681	118696	112813	7579
111681	118696	112813	7579
111681	118697	112813	7579
111681	118697	112813	7579
111681	118696	112813	7579
111682	118697	112813	7579
111681	118697	112813	7579
111681	118697	112813	7579
111681	118697	112813	7578
111681	118697	112813	7579
111681	118697	112813	7578
111681	118697	112813	7578
111681	118697	112813	7579
111681	118697	112813	7579
111681	118697	112813	7579
111681	118697	112813	7579
111681	118697	112813	7579
111681	118697	112813	7579
111681	118697	112813	7579
111681	118697	112813	7579
111681	118697	112813	7579
111681	118697	112813	7579
111682	118698	112813	7578
111682	118697	112813	7579
111681	118697	112813	7578
111681	118698	112813	7579
111682	118698	112813	7579
111682	118697	112813	7579
111681	118698	112813	7578
111681	118698	112813	7578
111681	118698	112813	7578
111681	118697	112813	7579
111681	118698	112813	7578
111682	118698	112813	7579
111682	118698	112813	7579
111681	118698	112813	7579
111681	118698	112813	7578
111682	118698	112813	7579
111681	118698	112813	7578
111681	118698	112813	7578
111681	118698	112813	7578
111681	118698	112813	7578
111681	118698	112813	7578
111682	118698	112813	7578
111681	118699	112813	7578
111681	118698	112813	7578
111681	118699	112813	7578
111681	118699	112813	7579
111681	118698	112813	7578
111682	118698	112813	7578
111681	118699	112813	7578
111681	118698	112813	7579
111682	118699	112813	7578
111681	118699	112813	7579
111681	118699	112813	7579
111682	118699	112813	7578
111681	118699	112813	7578
111682	118699	112813	7578
111682	118699	112813	7578
111681	118698	112813	7578
111682	118699	112813	7578
111681	118699	112813	7579
111681	118699	112813	7578
111681	118699	112813	7578
111681	118698	112813	7578
111681	118699	112813	7578
111681	118699	112813	7578
111681	118699	112813	7579
111681	118699	112813	7578
111681	118699	112813	7578
111682	118699	112813	7578
111681	118699	112813	7578
111681	118699	112813	7578
111681	118699	112813	7579
111682	118699	112813	7578
111681	118699	112813	7578
111681	118699	112813	7578
111681	118699	112813	7578
111681	118699	112813	7578
111681	118699	112813	7578
106757	113802	108101	7542
103870	110964	105316	7537
101006	108195	102457	7538
95406	102532	96941	7542
92695	99805	94106	7543
89951	97082	91469	7543
84229	91419	85727	7542
81245	88461	82804	7543
78501	85742	80015	7543
75822	83037	77336	7543
70406	77613	71899	7542
67721	74888	69117	7541
64947	72159	66432	7541
59395	66541	60808	7540
56264	63528	57694	7539
53580	60807	54988	7540
50688	57948	52068	7540
45075	52308	46468	7542
42360	49587	43794	7542
36854	44136	38347	7542
34176	41402	35587	7542
31235	38494	32674	7542
28561	35758	30008	7541
22942	30138	24354	7541
20205	27423	21665	7541
17537	24694	18906	7540
12098	19239	13507	7541
9378	16598	10754	7541
6696	13796	8005	7542
1034	8205	2458	7542
119	5506	105	7543
121	2771	75	7544
-1000	-1000	-1000	-1000
121	127	78	7543
121	128	79	7543
121	128	78	7543
121	128	79	7542
