110	136	87	64
110	136	87	64
109	136	87	64
110	136	87	64
110	136	87	64
132	140	111	64
301	373	413	64
869	826	843	64
1320	1338	1351	64
1622	1634	1673	64
1887	1913	1860	64
2438	2458	2458	64
2731	2707	2713	64
2958	3014	3053	64
3327	3299	3268	64
3841	3819	3843	64
4081	4098	4095	64
4355	4370	4402	64
4892	4909	4951	64
5189	5160	5189	64
5432	5449	5466	64
6019	6020	6004	64
6276	6305	6339	64
6565	6558	6575	64
7102	7148	7182	64
7394	7426	7407	64
7661	7669	7706	64
8208	8229	8216	64
8464	8517	8528	64
8764	8789	8750	64
9289	9312	9301	64
9611	9595	9610	64
9827	9892	9919	64
10182	10176	10154	64
10669	10723	10727	64
11012	11010	10991	64
11242	11274	11321	64
11812	11830	11842	64
12047	12094	12110	64
12383	12398	12359	64
12936	12929	12937	64
13177	13230	13204	64
13423	13473	13517	64
13980	14025	14064	64
14306	14311	14326	64
14553	14610	14585	64
15111	15148	15129	64
15351	15402	15425	64
15680	15675	15732	64
16205	16251	16295	64
16552	16584	16576	64
16807	16884	16834	64
17157	17223	17248	64
17701	17754	17750	64
17999	18071	18079	64
18313	18362	18314	64
18559	18606	18625	64
19280	19301	19272	64
19510	19554	19545	64
19800	19847	19839	64
20323	20383	20395	64
20652	20669	20636	64
20886	20947	20929	64
21497	21541	21489	64
21733	21778	21818	64
22032	22109	22079	64
22554	22633	22679	64
22900	22945	22899	64
23146	23186	23202	64
23410	23484	23475	64
23978	24042	24066	64
24307	24318	24303	64
24533	24601	24574	64
25146	25175	25139	64
25386	25441	25458	64
25687	25696	25717	64
26211	26282	26289	64
26518	26550	26521	64
26759	26810	26821	64
27300	27371	27323	64
27575	27646	27658	64
27898	27923	27896	64
28429	28465	28453	64
28683	28743	28713	64
28955	29018	29025	63
29284	29303	29287	64
29793	29834	29841	64
30100	30124	30093	64
30656	30653	30630	64
30879	30923	30944	65
31142	31189	31185	64
31447	31478	31449	64
32033	32038	32042	64
32277	32323	32314	64
32534	32594	32628	64
33116	33162	33175	64
33417	33436	33455	64
33675	33737	33680	64
34254	34267	34239	64
34458	34524	34539	64
34780	34802	34784	64
35282	35341	35345	64
35591	35639	35560	64
35818	35889	35895	64
36390	36494	36447	64
36679	36752	36763	64
36999	37047	37024	64
37223	37295	37285	64
37807	37900	37857	64
38070	38144	38176	64
38414	38446	38451	64
38941	38988	39008	64
39201	39264	39240	64
39465	39520	39547	64
40014	40062	40046	64
40291	40337	40390	64
40620	40671	40646	64
41159	41201	41198	64
41416	41471	41435	64
41669	41723	41770	64
42201	42250	42295	64
42503	42562	42536	64
42781	42830	42791	64
43040	43116	43147	64
43630	43661	43669	64
43885	43959	43931	64
44182	44240	44203	64
44761	44760	44778	64
45008	45036	45050	64
45264	45320	45342	64
45800	45874	45911	64
46133	46122	46162	64
46362	46415	46415	64
46977	47000	46993	64
47222	47286	47298	64
47545	47565	47604	64
47883	47915	47921	64
48140	48190	48198	64
48754	48819	48781	64
49023	49068	49107	64
49343	49364	49368	64
49594	49665	49630	64
50195	50225	50208	64
50439	50457	50508	64
51014	51041	51001	64
51226	51275	51338	64
51587	51604	51571	64
51839	51836	51893	64
52394	52424	52395	64
52622	52676	52728	64
52945	52967	52955	64
53190	53208	53246	64
53851	53869	53877	64
54094	54129	54144	64
54360	54410	54459	64
54910	54954	55011	64
55259	55240	55282	64
55484	55514	55525	64
56042	56068	56077	64
56309	56360	56371	64
56640	56595	56669	64
57151	57169	57212	64
57448	57451	57457	64
57692	57720	57737	64
58223	58268	58256	64
58502	58518	58567	64
58802	58831	58804	63
59091	59111	59116	64
59635	59681	59650	64
59913	59948	59983	64
60235	60234	60224	64
60750	60783	60814	64
61070	61091	61056	63
61286	61340	61391	64
61891	61919	61906	64
62150	62186	62239	64
62483	62506	62485	64
62732	62737	62784	64
63301	63322	63287	64
63520	63578	63609	64
63854	63873	63837	64
64364	64410	64397	64
64661	64708	64670	64
64927	64977	65015	64
65495	65522	65524	64
65784	65814	65842	64
66043	66090	66056	64
66606	66608	66629	64
66836	66887	66884	64
67130	67157	67187	64
67687	67739	67755	64
67992	67995	68038	64
68225	68286	68267	64
68774	68835	68826	64
69051	69103	69133	63
69357	69375	69394	63
69860	69931	69962	64
70142	70217	70181	63
70398	70457	70500	64
70708	70749	70736	64
71210	71297	71309	64
71591	71610	71579	64
71842	71904	71906	64
72399	72440	72416	64
72619	72715	72718	64
72943	72986	72969	64
73471	73552	73539	64
73764	73835	73790	64
74024	74107	74109	64
74592	74671	74636	64
74842	74905	74936	64
75158	75198	75171	64
75404	75489	75486	63
75989	76073	76020	64
76275	76349	76371	63
76594	76630	76622	63
77141	77168	77215	64
77379	77464	77420	63
77643	77721	77734	63
78204	78258	78234	64
78495	78516	78564	64
78740	78820	78777	63
79356	79369	79361	63
79584	79629	79624	64
79884	79934	79951	64
80161	80236	80174	63
80744	80790	80785	63
80994	81055	81021	64
81298	81336	81378	63
81840	81877	81920	63
82130	82194	82203	63
82424	82483	82441	64
82661	82717	82780	63
83254	83272	83308	63
83487	83576	83584	63
83841	83872	83852	64
84368	84396	84418	64
84623	84666	84655	64
84873	84953	84979	63
85429	85485	85527	63
85740	85736	85770	63
85986	86011	86006	64
86548	86574	86552	63
86790	86839	86876	64
87106	87104	87157	63
87613	87668	87691	63
87914	87936	87930	63
88152	88210	88239	63
88714	88763	88763	63
89012	89062	89105	64
89307	89332	89324	63
89862	89885	89902	63
90122	90158	90178	63
90375	90440	90473	63
90958	90980	91014	63
91212	91267	91284	63
91542	91576	91570	63
91781	91843	91888	63
92394	92426	92430	64
92624	92692	92732	64
92956	92986	92980	63
93482	93498	93552	63
93757	93807	93777	63
93990	94070	94116	63
94571	94612	94605	63
94863	94875	94952	63
95136	95189	95175	63
95366	95436	95486	63
95960	96008	96002	63
96242	96269	96313	63
96486	96566	96550	63
97102	97107	97103	63
97329	97387	97387	63
97635	97648	97670	63
98153	98209	98237	63
98481	98482	98509	63
98706	98763	98739	63
99246	99320	99296	63
99532	99566	99622	63
99849	99872	99882	63
100377	100423	100464	63
100684	100737	100706	63
100969	100990	101000	64
101240	101290	101306	63
101814	101845	101885	63
102114	102133	102138	63
102366	102379	102390	63
102911	102961	102930	63
103174	103213	103268	63
103467	103500	103504	63
103733	103752	103767	63
104374	104375	104374	63
104615	104619	104626	64
104898	104938	104925	64
105440	105429	105367	64
105734	105681	105555	64
105968	105876	105827	66
106445	106347	106242	71
106717	106590	106393	73
106906	106818	106621	75
107203	107048	106816	78
107263	107070	106823	89
107263	107070	106825	90
107263	107070	106825	91
107263	107071	106826	91
107263	107071	106826	92
107264	107071	106826	92
107264	107071	106827	93
107264	107071	106826	93
107264	107072	106827	93
107264	107071	106827	93
107264	107072	106827	93
107264	107071	106827	94
107264	107072	106828	93
107264	107072	106827	94
107265	107072	106827	94
107265	107072	106827	94
107265	107072	106828	94
107264	107072	106828	94
107265	107072	106828	94
107265	107073	106828	95
107265	107072	106828	94
107265	107072	106828	94
107265	107073	106828	95
107265	107072	106828	95
107265	107072	106828	95
107265	107072	106828	95
107265	107072	106828	95
107265	107073	106828	95
107265	107072	106828	95
107265	107072	106828	95
107265	107072	106828	95
107265	107072	106828	95
107265	107073	106828	95
107265	107072	106828	95
107265	107073	106829	96
107265	107073	106828	95
107265	107073	106829	96
107265	107073	106828	95
107265	107073	106829	96
107266	107073	106829	96
107266	107073	106828	96
107266	107073	106828	96
107266	107073	106828	96
107266	107073	106828	96
107266	107073	106828	96
107266	107073	106829	96
107265	107073	106828	96
107266	107072	106829	96
107266	107073	106829	96
107265	107073	106828	96
107266	107073	106828	96
107266	107073	106829	96
107266	107073	106828	96
107266	107073	106829	96
107266	107073	106829	96
107266	107073	106829	96
107266	107073	106828	96
107266	107073	106829	96
107266	107073	106829	96
107266	107073	106829	96
107266	107073	106829	96
107266	107073	106829	96
107265	107073	106828	96
107266	107073	106828	96
107266	107073	106829	96
107265	107074	106828	96
107266	107073	106828	96
107266	107073	106829	96
107266	107074	106829	96
107266	107073	106828	96
107266	107073	106829	96
107266	107073	106828	96
107266	107073	106828	96
107266	107073	106828	96
107266	107073	106828	97
107266	107073	106829	96
107266	107073	106828	96
107266	107073	106828	96
107266	107073	106828	96
107266	107074	106829	96
107266	107073	106828	96
107266	107074	106829	97
107266	107073	106828	96
107266	107073	106829	97
107266	107073	106828	96
107266	107073	106829	96
107266	107073	106829	96
107266	107074	106828	96
107266	107073	106829	96
107266	107074	106829	96
107266	107073	106828	96
107266	107073	106829	96
107266	107074	106829	96
107266	107073	106829	96
107266	107073	106829	96
107266	107073	106829	96
107266	107074	106829	96
107266	107073	106828	97
107266	107074	106828	96
107266	107074	106829	96
107266	107074	106829	96
101777	101839	101844	77
98581	98837	98673	73
95903	96109	96004	71
90302	90473	90379	70
87569	87781	87634	69
84847	85047	84930	69
79195	79426	79312	68
76503	76652	76566	67
73780	73991	73874	67
68330	68500	68488	66
65121	65248	65204	66
62200	62300	62236	63
59320	59409	59380	62
53689	53797	53796	62
50999	51060	51091	62
48236	48330	48381	61
42802	42892	42984	62
40169	40185	40268	61
36887	36881	36979	61
34007	33996	34063	61
28554	28589	28676	61
25885	25903	25924	61
23134	23150	23214	61
17361	17385	17439	61
14661	14608	14750	61
11938	11881	11993	61
6379	6339	6401	61
3661	3579	3639	61
948	906	915	62
102	124	62	62
107	128	66	62
107	129	66	61
-1000	-1000	-1000	-1000
106	129	66	61
107	129	66	61
106	129	66	61
107	129	66	61
107	129	66	61
107	129	66	61
107	129	66	110
107	129	66	184
107	129	67	484
107	129	67	723
107	129	67	851
107	129	67	1120
107	129	67	1201
107	129	66	1323
107	128	67	1409
107	129	67	1462
107	129	66	1438
107	129	67	1429
107	129	66	1429
107	129	67	1429
107	129	67	1429
126	133	91	1429
274	389	385	1429
833	808	847	1429
1289	1296	1355	1429
1590	1637	1607	1429
1827	1883	1839	1429
2427	2436	2392	1428
2686	2685	2708	1429
2933	2971	2979	1429
3280	3264	3221	1429
3837	3809	3818	1429
4052	4074	4079	1429
4350	4368	4389	1429
4875	4885	4946	1429
5169	5154	5167	1429
5413	5428	5449	1429
5967	5989	5958	1429
6226	6252	6296	1428
6540	6528	6534	1429
7058	7090	7101	1429
7314	7349	7327	1428
7608	7606	7667	1428
8129	8127	8180	1429
8428	8446	8442	1429
8680	8705	8682	1429
9257	9262	9234	1428
9509	9476	9540	1429
9758	9820	9791	1429
10304	10333	10370	1428
10640	10633	10609	1428
10877	10866	10910	1428
11489	11501	11450	1429
11725	11729	11783	1429
12018	12029	12021	1429
12555	12603	12615	1428
12884	12876	12864	1429
13129	13137	13162	1429
13697	13670	13672	1429
13898	13960	13997	1428
14272	14226	14228	1429
14771	14748	14793	1428
15015	15021	15035	1429
15284	15299	15364	1429
15836	15829	15889	1429
16132	16103	16150	1429
16388	16407	16405	1428
16687	16711	16751	1429
17233	17274	17281	1429
17534	17541	17578	1429
17905	17896	17889	1429
18150	18140	18180	1429
18723	18742	18720	1428
18999	19015	19057	1428
19334	19351	19360	1429
19669	19667	19650	1428
20207	20204	20196	1429
20465	20435	20497	1429
20754	20787	20834	1429
21099	21078	21067	1429
21581	21604	21620	1429
21901	21842	21901	1429
22123	22153	22210	1429
22688	22675	22744	1429
22947	22963	22997	1428
23233	23238	23247	1429
23846	23818	23849	1429
24069	24073	24106	1428
24360	24353	24420	1429
24910	24913	24965	1428
25234	25200	25260	1428
25473	25497	25505	1429
25751	25730	25820	1429
26310	26311	26358	1429
26605	26580	26646	1429
26844	26877	26880	1429
27474	27465	27488	1429
27705	27715	27719	1428
28015	28006	28052	1429
28302	28309	28312	1428
28878	28891	28905	1429
29124	29127	29151	1429
29389	29396	29490	1428
29958	29942	30025	1428
30232	30258	30284	1428
30541	30520	30541	1428
31119	31125	31139	1428
31376	31365	31415	1429
31631	31673	31735	1428
31977	31970	31980	1428
32500	32501	32556	1429
32788	32788	32802	1428
33019	33069	33136	1429
33591	33608	33649	1429
33872	33895	33954	1429
34202	34191	34213	1429
34417	34468	34523	1428
35010	35041	35056	1428
35290	35306	35379	1429
35603	35600	35585	1429
36145	36131	36170	1429
36366	36393	36425	1428
36666	36693	36758	1429
37197	37235	37283	1429
37513	37498	37578	1429
37740	37774	37800	1429
38314	38345	38359	1428
38560	38584	38639	1428
38870	38874	38920	1429
39413	39454	39516	1428
39751	39769	39791	1428
39976	40002	40035	1428
40291	40292	40376	1429
40866	40883	40946	1429
41170	41177	41208	1428
41435	41478	41468	1429
41720	41747	41816	1428
42313	42291	42341	1429
42544	42619	42653	1428
42885	42881	42888	1428
43418	43442	43482	1428
43710	43738	43727	1428
43960	44022	44077	1429
44521	44568	44620	1429
44833	44866	44954	1429
45160	45162	45195	1429
45383	45439	45474	1429
45923	45978	46001	1429
46213	46254	46323	1429
46505	46539	46573	1428
47072	47052	47130	1429
47319	47368	47397	1429
47584	47606	47680	1429
48153	48188	48219	1429
48457	48465	48524	1428
48677	48753	48742	1429
49272	49304	49310	1428
49511	49549	49571	1428
49803	49841	49865	1429
50311	50379	50432	1428
50658	50682	50670	1428
50903	50941	50951	1428
51465	51521	51492	1428
51704	51777	51832	1429
52043	52065	52050	1428
52549	52589	52633	1429
52829	52893	52871	1428
53103	53161	53211	1429
53441	53503	53504	1428
53984	54038	54110	1428
54313	54341	54354	1428
54590	54616	54625	1428
54826	54892	54953	1429
55393	55436	55477	1429
55713	55695	55745	1429
55935	56000	56002	1429
56557	56587	56607	1429
56797	56852	56857	1429
57101	57112	57160	1429
57632	57688	57722	1428
57920	57962	57982	1429
58184	58248	58248	1429
58465	58500	58538	1429
59007	59070	59116	1428
59325	59366	59367	1428
59564	59632	59646	1428
60172	60229	60225	1428
60412	60466	60507	1428
60721	60772	60808	1428
61216	61308	61358	1428
61600	61652	61664	1428
61855	61912	61908	1428
62104	62177	62228	1428
62651	62725	62779	1428
62987	63046	63048	1428
63254	63310	63311	1428
63842	63878	63876	1428
64061	64145	64158	1428
64392	64488	64527	1428
64715	64775	64770	1429
65263	65270	65331	1428
65526	65592	65601	1428
65785	65866	65904	1428
66327	66395	66416	1428
66629	66633	66717	1428
66878	66966	66978	1428
67154	67221	67279	1428
67713	67761	67803	1429
68012	68047	68114	1428
68273	68351	68391	1428
68872	68905	68966	1428
69117	69185	69208	1428
69392	69439	69513	1428
69989	70048	70082	1428
70283	70323	70388	1428
70568	70649	70656	1428
70828	70902	70979	1428
71156	71217	71206	1428
71558	71603	71613	1428
72083	72151	72189	1428
72371	72432	72445	1429
72598	72706	72747	1428
73162	73248	73277	1428
73447	73503	73546	1428
73972	74073	74099	1429
74264	74339	74362	1428
74528	74599	74643	1429
74817	74851	74925	1428
75341	75440	75491	1428
75665	75709	75755	1429
75900	75969	76004	1428
76428	76537	76552	1429
76732	76827	76855	1428
77075	77118	77190	1429
77593	77659	77725	1428
77840	77957	77981	1428
78112	78209	78235	1428
78705	78829	78831	1428
78984	79080	79150	1428
79284	79359	79395	1428
79835	79903	79956	1428
80076	80188	80184	1428
80333	80446	80493	1428
80892	80995	80999	1428
81192	81252	81301	1428
81433	81562	81528	1428
81695	81820	81869	1428
82277	82391	82406	1428
82566	82653	82716	1428
82841	82954	82946	1428
83425	83500	83517	1428
83657	83750	83775	1428
83926	84033	84089	1428
84466	84589	84634	1428
84809	84871	84907	1428
85037	85163	85141	1428
85610	85710	85726	1429
85841	85954	85995	1428
86194	86270	86321	1428
86703	86803	86861	1429
86976	87092	87112	1429
87217	87309	87356	1428
87542	87646	87656	1428
88065	88187	88227	1428
88359	88466	88497	1428
88617	88753	88752	1429
89153	89310	89269	1428
89461	89559	89621	1428
89744	89867	89855	1428
90318	90433	90461	1428
90581	90718	90723	1428
90886	91012	91032	1428
91187	91283	91319	1428
91706	91842	91880	1428
92056	92145	92150	1428
92350	92486	92452	1428
92594	92736	92776	1428
93171	93310	93290	1428
93479	93564	93619	1428
93729	93868	93840	1428
94330	94442	94462	1428
94595	94715	94690	1428
94869	94982	95034	1428
95152	95288	95280	1428
95742	95856	95859	1428
95981	96115	96087	1429
96264	96400	96439	1428
96835	96983	96940	1428
97158	97290	97299	1428
97402	97540	97524	1428
97698	97838	97834	1428
98257	98391	98362	1428
98543	98684	98688	1428
98810	98945	98961	1428
99106	99258	99207	1428
99706	99838	99841	1428
99960	100116	100091	1428
100302	100399	100439	1428
100809	100935	100957	1428
101127	101254	101253	1428
101395	101531	101484	1428
101925	102095	102068	1428
102208	102332	102360	1428
102530	102633	102630	1428
102785	102926	102891	1428
103334	103473	103452	1428
103547	103704	103728	1428
103909	104031	104019	1429
104436	104589	104605	1428
104728	104857	104848	1428
104956	105114	105084	1428
105526	105664	105627	1429
105817	105888	105908	1431
106063	106150	106129	1433
106355	106384	106405	1441
106928	106873	106860	1446
107219	107096	107072	1446
107474	107336	107308	1447
107821	107674	107591	1448
108311	107729	107629	1451
108580	107730	107629	1452
108799	107731	107629	1453
109117	107733	107630	1458
109118	107734	107630	1458
109118	107735	107630	1459
109119	107736	107630	1459
109119	107736	107630	1459
109119	107736	107630	1458
109119	107736	107630	1459
109119	107736	107630	1459
109119	107737	107631	1458
109120	107737	107631	1458
109120	107737	107630	1458
109120	107737	107631	1458
109120	107737	107630	1459
109120	107738	107631	1459
109120	107738	107631	1458
109121	107738	107631	1458
109121	107738	107631	1458
109121	107738	107631	1459
109121	107738	107631	1458
109120	107738	107631	1458
109121	107738	107631	1458
109121	107738	107631	1458
109121	107739	107631	1458
109121	107739	107631	1458
109121	107740	107631	1458
109121	107740	107631	1458
109121	107740	107631	1458
109121	107740	107631	1458
109121	107740	107631	1458
109121	107741	107631	1458
109121	107741	107631	1458
109121	107740	107631	1458
109121	107741	107631	1458
109121	107741	107631	1458
109121	107741	107631	1458
109121	107741	107631	1458
109121	107741	107631	1458
109121	107742	107632	1458
109121	107741	107631	1458
109121	107742	107631	1458
109121	107742	107631	1458
109121	107742	107631	1458
109121	107742	107631	1459
109121	107742	107631	1458
109121	107742	107631	1458
109121	107742	107631	1458
109121	107742	107631	1459
109121	107743	107631	1459
109121	107742	107631	1458
109121	107742	107631	1459
109121	107742	107631	1459
109121	107743	107632	1458
109121	107743	107631	1458
109121	107742	107631	1459
109121	107743	107632	1458
109121	107743	107631	1458
109121	107743	107632	1459
109121	107743	107631	1458
109121	107743	107631	1458
109121	107743	107632	1459
109121	107743	107631	1459
109121	107743	107631	1459
109121	107743	107632	1459
109121	107743	107632	1459
109121	107743	107631	1459
109121	107743	107631	1459
109121	107743	107631	1458
109121	107743	107632	1459
109121	107743	107631	1459
109121	107743	107631	1459
109121	107743	107632	1459
109121	107743	107631	1458
109121	107743	107631	1459
109121	107743	107632	1459
109121	107743	107632	1459
109121	107743	107632	1459
109121	107743	107631	1459
109121	107743	107631	1459
109121	107743	107632	1459
109121	107743	107632	1459
109121	107743	107632	1459
109121	107743	107631	1459
109121	107743	107631	1459
109121	107743	107631	1459
109121	107743	107632	1459
109121	107743	107631	1459
109121	107743	107631	1459
109121	107743	107631	1458
109121	107744	107632	1459
109121	107743	107631	1459
109121	107743	107632	1459
109121	107743	107631	1459
109121	107743	107632	1459
109121	107743	107631	1459
109121	107744	107632	1459
109121	107743	107631	1459
109121	107743	107631	1459
109121	107743	107632	1459
109121	107743	107631	1459
109121	107743	107632	1459
109121	107744	107631	1459
109121	107743	107632	1459
106554	105681	105758	1456
101081	100115	100170	1413
98485	97442	97417	1417
95645	94465	94574	1419
89939	88889	88970	1420
87246	86154	86246	1420
84610	83470	83545	1420
79150	78005	78110	1420
76453	75322	75410	1420
73720	72587	72704	1420
71046	69850	69990	1420
64889	63646	63791	1420
62111	60930	61115	1420
59437	58214	58383	1420
54056	52755	52915	1420
51363	50013	50209	1420
48245	46961	47162	1421
45562	44236	44412	1421
39784	38526	38695	1421
37052	35727	35875	1421
34123	32866	33006	1421
28766	27445	27557	1419
26076	24690	24846	1419
23335	22022	22140	1419
17895	16591	16692	1419
15191	13828	13988	1419
12305	10960	11041	1419
6851	5446	5632	1419
4048	2589	2762	1420
1341	206	352	1418
145	125	83	1429
145	126	84	1429
145	126	85	1428
-1000	-1000	-1000	-1000
145	126	85	1428
145	126	85	1428
145	126	85	1428
145	126	85	1427
145	126	85	1427
145	126	85	1482
145	126	85	1581
145	126	85	1750
145	126	85	2117
145	126	85	2257
145	126	85	2378
145	126	85	2615
145	126	85	2759
145	126	84	2845
145	126	84	2899
145	126	84	2839
145	126	84	2816
145	126	85	2813
145	126	84	2813
145	126	85	2813
145	126	84	2813
159	131	109	2813
846	823	870	2813
992	1046	952	2814
1297	1271	1365	2813
1875	1887	1854	2813
2174	2158	2251	2812
2448	2447	2428	2812
2965	3002	3030	2813
3312	3271	3233	2812
3531	3538	3587	2812
3834	3806	3806	2813
4359	4386	4394	2812
4684	4675	4645	2812
4939	4937	4962	2812
5518	5511	5486	2812
5796	5793	5826	2812
6120	6076	6084	2812
6642	6657	6682	2813
6957	6947	6921	2813
7197	7203	7228	2813
7498	7483	7486	2812
8042	8045	8065	2812
8383	8377	8332	2812
8618	8618	8618	2812
9187	9177	9140	2812
9402	9423	9448	2813
9736	9743	9705	2813
10247	10298	10301	2813
10615	10604	10551	2813
10817	10819	10860	2813
11115	11137	11116	2812
11637	11665	11698	2812
11975	11976	11933	2812
12486	12490	12487	2812
12764	12756	12741	2812
13020	13020	13063	2812
13553	13556	13600	2811
13845	13853	13858	2811
14132	14097	14112	2812
14357	14366	14425	2813
14962	14972	15000	2813
15241	15247	15280	2813
15489	15535	15504	2813
16094	16079	16097	2813
16340	16360	16370	2812
16638	16665	16682	2812
17170	17194	17233	2812
17474	17461	17463	2811
17709	17709	17735	2812
18005	18037	18044	2812
18570	18572	18612	2812
18860	18879	18889	2812
19152	19147	19134	2812
19723	19709	19672	2813
19955	19940	19996	2813
20228	20239	20223	2813
20756	20797	20809	2813
21087	21079	21067	2813
21350	21324	21381	2812
21915	21889	21892	2813
22122	22175	22196	2813
22466	22464	22458	2813
22742	22756	22762	2812
23394	23389	23388	2812
23631	23660	23651	2812
23919	23906	23958	2812
24191	24223	24187	2812
24802	24809	24852	2812
25103	25102	25074	2812
25350	25359	25425	2812
25670	25650	25663	2812
26209	26245	26263	2812
26527	26508	26492	2812
26756	26766	26801	2812
27058	27039	27078	2812
27643	27672	27687	2813
27977	27942	27949	2812
28205	28230	28222	2812
28795	28789	28765	2812
29034	29038	29068	2812
29330	29321	29324	2812
29833	29840	29877	2812
30212	30202	30190	2812
30484	30456	30473	2813
30724	30733	30751	2813
31283	31302	31327	2813
31617	31623	31637	2813
31912	31894	31877	2813
32159	32156	32224	2813
32743	32707	32742	2812
32991	33007	33042	2813
33295	33282	33239	2812
33862	33867	33867	2812
34178	34115	34125	2812
34391	34422	34425	2813
34975	34979	35000	2812
35267	35225	35260	2812
35528	35518	35469	2812
36134	36095	36059	2812
36356	36349	36374	2812
36627	36612	36637	2812
36913	36897	36893	2812
37509	37474	37491	2812
37757	37764	37770	2812
38031	38007	38059	2811
38619	38595	38634	2812
38908	38897	38905	2812
39169	39150	39152	2813
39762	39731	39694	2812
40018	39979	40004	2813
40299	40281	40318	2812
40614	40583	40579	2812
41165	41160	41143	2812
41450	41401	41413	2812
41699	41686	41742	2811
42274	42237	42283	2812
42531	42548	42533	2812
42894	42844	42800	2812
43136	43119	43156	2812
43759	43717	43699	2812
43968	43987	43980	2812
44315	44276	44240	2812
44837	44802	44815	2813
45153	45109	45096	2812
45372	45375	45411	2812
45697	45645	45650	2812
46227	46204	46242	2812
46564	46525	46500	2812
46786	46782	46809	2813
47348	47342	47337	2813
47625	47589	47636	2813
47938	47897	47889	2814
48476	48434	48449	2813
48714	48709	48690	2813
48981	48978	48994	2813
49554	49535	49546	2813
49833	49822	49808	2812
50099	50091	50066	2813
50679	50650	50594	2812
50913	50879	50906	2812
51181	51180	51165	2813
51687	51720	51701	2812
52040	52003	51952	2813
52290	52277	52291	2813
52558	52560	52566	2813
53167	53154	53173	2812
53450	53447	53431	2812
53730	53729	53700	2812
54003	54001	54034	2812
54615	54589	54590	2812
54874	54896	54914	2812
55212	55171	55136	2811
55467	55473	55485	2811
56116	56080	56051	2812
56326	56345	56350	2811
56666	56614	56637	2811
56896	56914	56867	2812
57527	57501	57492	2812
57759	57757	57744	2811
58046	58020	58055	2812
58570	58554	58594	2812
58904	58896	58871	2812
59148	59129	59131	2812
59719	59712	59667	2813
60042	60021	60036	2813
60307	60331	60332	2812
60632	60608	60572	2812
61159	61153	61126	2812
61436	61404	61434	2812
61675	61698	61699	2812
62249	62238	62279	2812
62518	62529	62499	2812
62855	62809	62819	2811
63062	63105	63090	2812
63666	63658	63677	2812
63923	63928	63935	2812
64286	64271	64197	2812
64817	64767	64757	2812
65053	65072	65056	2812
65331	65319	65328	2812
65882	65899	65894	2811
66219	66181	66190	2812
66456	66475	66426	2812
66740	66741	66768	2812
67318	67323	67312	2812
67603	67575	67603	2812
67869	67882	67841	2812
68470	68442	68445	2812
68703	68719	68691	2812
69023	69014	69043	2812
69548	69536	69573	2811
69851	69832	69840	2812
70126	70142	70084	2812
70397	70406	70448	2812
70977	70949	70976	2812
71209	71257	71218	2812
71557	71509	71491	2812
72075	72075	72025	2812
72339	72316	72336	2812
72592	72632	72595	2813
73175	73172	73195	2812
73455	73450	73434	2812
73740	73720	73726	2812
74315	74298	74256	2812
74557	74555	74581	2812
74831	74814	74828	2812
75370	75391	75400	2812
75705	75668	75635	2812
75934	75932	75951	2811
76458	76481	76434	2812
76754	76782	76777	2812
77085	77053	77020	2812
77311	77306	77317	2812
77881	77882	77831	2812
78143	78164	78173	2812
78495	78461	78466	2812
78760	78783	78735	2812
79371	79350	79295	2812
79602	79588	79596	2812
79895	79902	79886	2812
80448	80458	80454	2812
80759	80748	80710	2812
81002	81021	80979	2812
81577	81585	81495	2812
81842	81821	81833	2812
82119	82130	82077	2812
82395	82401	82372	2811
82991	82993	82921	2811
83250	83221	83238	2811
83494	83527	83482	2812
84093	84086	84102	2811
84371	84372	84329	2812
84666	84652	84627	2812
84903	84934	84908	2812
85499	85506	85512	2812
85773	85759	85766	2812
86292	86324	86331	2811
86626	86595	86534	2811
86853	86856	86868	2811
87134	87111	87123	2811
87691	87716	87708	2812
88033	88000	87971	2811
88245	88282	88246	2811
88550	88533	88546	2811
89126	89128	89130	2811
89439	89401	89381	2812
89720	89736	89696	2812
90308	90293	90270	2811
90554	90536	90538	2812
90812	90816	90816	2812
91391	91368	91390	2812
91658	91672	91641	2812
91977	91945	91922	2812
92213	92233	92239	2812
92829	92795	92812	2812
93071	93086	93069	2811
93391	93371	93308	2811
93931	93936	93915	2812
94225	94179	94182	2812
94469	94520	94523	2811
94828	94809	94763	2812
95343	95364	95365	2812
95677	95651	95614	2811
95895	95928	95933	2812
96465	96478	96460	2812
96723	96729	96749	2812
97052	97029	96950	2811
97591	97554	97534	2811
97813	97830	97821	2811
98130	98162	98153	2810
98695	98700	98693	2811
98984	98948	98975	2811
99248	99278	99225	2811
99567	99543	99578	2811
100104	100099	100096	2811
100385	100368	100392	2811
100679	100669	100626	2811
101234	101231	101214	2812
101494	101474	101451	2811
101751	101755	101773	2812
102298	102292	102312	2812
102595	102582	102555	2812
102844	102827	102829	2812
103410	103411	103348	2812
103695	103674	103711	2813
103960	103985	103972	2812
104279	104257	104217	2812
104828	104811	104754	2812
105077	105066	105072	2812
105341	105342	105315	2812
105881	105874	105885	2812
106194	106172	106137	2811
106439	106431	106437	2812
106943	106988	106942	2812
107234	107246	107240	2812
107512	107546	107469	2823
108023	108068	107888	2846
108239	108353	108199	2851
108523	108638	108394	2870
108703	108881	108655	2872
109070	109389	109091	2877
109070	109658	109224	2880
109070	109837	109530	2881
109070	110083	109601	2882
109070	110316	110030	2884
109070	110318	110030	2885
109070	110319	110030	2885
109070	110320	110031	2886
109070	110321	110031	2886
109070	110321	110032	2886
109070	110323	110032	2886
109070	110323	110032	2886
109070	110324	110032	2886
109070	110324	110032	2886
109070	110325	110032	2886
109070	110325	110033	2886
109070	110325	110033	2886
109070	110326	110033	2886
109070	110326	110033	2886
109070	110326	110033	2886
109070	110327	110033	2886
109070	110327	110033	2886
109070	110327	110034	2886
109070	110327	110034	2886
109070	110328	110033	2886
109070	110328	110033	2886
109070	110328	110034	2886
109070	110328	110034	2886
109070	110328	110034	2886
109070	110329	110034	2886
109070	110328	110034	2886
109070	110328	110034	2886
109070	110329	110034	2886
109070	110329	110034	2886
109070	110329	110034	2886
109070	110329	110034	2886
109070	110329	110034	2887
109070	110329	110034	2886
109070	110329	110034	2886
109070	110330	110034	2886
109070	110330	110034	2886
109070	110330	110034	2886
109070	110330	110034	2886
109070	110330	110034	2886
109070	110330	110034	2886
109070	110330	110034	2886
109070	110330	110034	2886
109070	110330	110034	2886
109070	110330	110034	2886
109070	110331	110034	2886
109070	110331	110034	2886
109070	110331	110034	2886
109070	110331	110034	2887
109070	110331	110034	2886
109070	110331	110034	2886
109070	110331	110034	2886
109070	110332	110034	2886
109070	110332	110034	2886
109070	110331	110034	2886
109070	110331	110034	2886
109070	110332	110034	2886
109071	110332	110034	2886
109070	110332	110034	2886
109070	110332	110034	2886
109070	110332	110034	2886
109070	110332	110034	2886
109070	110332	110034	2886
109070	110332	110034	2886
109070	110332	110035	2886
109070	110332	110034	2886
109070	110332	110034	2886
109070	110332	110034	2886
109071	110332	110035	2886
109070	110332	110034	2886
109070	110333	110034	2886
109070	110332	110034	2886
109070	110332	110034	2886
109070	110333	110034	2886
109070	110333	110034	2885
109070	110333	110034	2886
109071	110333	110034	2886
109070	110333	110034	2886
109070	110333	110035	2886
109070	110333	110034	2886
109071	110334	110034	2886
109070	110334	110035	2886
109070	110334	110034	2886
109070	110334	110035	2886
109070	110334	110034	2885
109070	110334	110034	2886
109070	110334	110034	2886
109070	110334	110034	2886
109070	110334	110034	2886
109070	110334	110034	2886
109070	110334	110034	2885
109070	110335	110034	2886
109070	110335	110034	2886
109070	110335	110034	2885
109070	110335	110034	2885
109070	110335	110034	2886
109070	110335	110034	2886
109070	110335	110034	2886
109070	110335	110035	2885
109070	110335	110034	2886
109070	110335	110034	2885
106167	108413	108309	2874
103868	105412	105381	2831
100838	102600	102507	2813
95326	97037	96970	2814
92383	94173	94089	2814
89654	91431	91320	2813
86770	88514	88390	2813
80958	82727	82668	2813
78235	80088	79905	2813
75590	77334	77187	2813
70144	71892	71717	2813
67319	69082	68884	2812
64328	66159	65894	2813
58750	60533	60256	2812
56018	57816	57572	2813
53272	55109	54876	2812
47844	49667	49418	2813
45205	46968	46758	2813
42446	44254	43995	2813
39353	41244	40891	2813
33966	35806	35481	2814
31191	33037	32775	2814
28504	30398	30010	2814
23062	24928	24545	2814
20201	22029	21649	2814
17479	19401	18972	2813
12026	13903	13499	2814
9417	11201	10801	2814
6676	8531	8042	2814
1061	2891	2432	2813
115	265	68	2816
119	129	83	2817
119	130	85	2818
-1000	-1000	-1000	-1000
119	130	86	2817
118	130	86	2817
119	130	86	2817
118	130	87	2817
119	130	86	2817
118	130	86	2894
119	130	86	2992
118	130	87	3150
119	130	87	3505
119	130	87	3658
119	130	86	3781
119	130	86	3922
119	130	86	4135
119	130	86	4222
119	130	86	4287
119	130	86	4234
119	130	86	4200
119	130	86	4201
119	130	86	4201
119	130	85	4201
119	130	85	4201
197	287	278	4201
861	841	876	4200
946	1038	938	4200
1313	1302	1380	4200
1862	1898	1849	4201
2127	2141	2207	4200
2429	2431	2367	4200
2946	2981	2980	4200
3292	3275	3213	4200
3503	3529	3580	4201
4078	4064	4079	4201
4345	4401	4367	4201
4668	4670	4612	4201
5208	5193	5193	4200
5492	5488	5462	4201
5751	5783	5782	4200
6092	6058	6032	4200
6592	6584	6603	4200
6873	6898	6858	4201
7129	7157	7171	4200
7701	7707	7719	4200
7974	7980	7967	4200
8276	8273	8227	4201
8829	8809	8797	4201
9112	9119	9101	4201
9342	9369	9377	4201
9926	9932	9959	4200
10214	10218	10180	4200
10493	10498	10479	4199
10709	10766	10730	4201
11346	11354	11343	4201
11615	11628	11626	4200
11923	11946	11881	4200
12161	12175	12181	4201
12775	12809	12750	4200
13070	13083	13084	4200
13357	13362	13310	4200
13873	13928	13910	4200
14217	14189	14145	4200
14421	14457	14482	4200
14965	14999	14990	4201
15260	15279	15282	4200
15529	15575	15501	4201
16114	16095	16074	4201
16339	16353	16352	4200
16648	16674	16665	4200
16928	16949	16877	4200
17502	17494	17460	4200
17752	17760	17741	4200
18335	18316	18268	4200
18587	18602	18609	4200
18854	18878	18852	4200
19161	19174	19119	4201
19742	19743	19680	4201
20004	20008	20001	4200
20248	20290	20247	4200
20826	20852	20842	4200
21121	21113	21078	4199
21391	21387	21392	4200
21605	21654	21634	4200
22218	22232	22246	4200
22508	22512	22512	4200
22791	22813	22773	4200
23382	23374	23336	4201
23613	23631	23622	4200
23895	23896	23907	4200
24412	24446	24469	4200
24748	24736	24699	4200
25265	25272	25298	4200
25544	25594	25504	4201
25793	25834	25851	4200
26138	26165	26120	4200
26680	26731	26722	4200
26991	26998	26960	4200
27252	27288	27268	4200
27543	27564	27567	4200
28099	28109	28120	4200
28386	28400	28344	4200
28648	28674	28655	4200
29214	29247	29173	4200
29468	29481	29515	4200
29764	29785	29724	4200
30278	30326	30317	4200
30623	30637	30550	4201
30873	30902	30902	4200
31433	31464	31407	4200
31643	31715	31708	4200
32022	32018	31973	4201
32292	32334	32292	4201
32850	32872	32806	4200
33081	33119	33137	4200
33397	33410	33372	4200
33884	33945	33938	4200
34212	34228	34173	4201
34433	34486	34490	4200
35028	35096	35036	4200
35289	35309	35327	4200
35602	35615	35535	4200
36156	36148	36127	4200
36377	36422	36399	4200
36652	36693	36677	4200
37189	37239	37253	4200
37505	37504	37506	4200
37730	37785	37770	4200
38324	38359	38317	4199
38569	38606	38623	4200
38881	38892	38882	4200
39392	39448	39437	4200
39693	39734	39672	4201
39926	39968	39984	4200
40536	40602	40557	4200
40793	40827	40852	4200
41117	41144	41085	4200
41351	41373	41386	4200
41922	41963	41908	4200
42127	42199	42228	4200
42490	42516	42488	4201
42995	43040	43052	4200
43330	43367	43284	4200
43575	43615	43641	4200
44129	44185	44169	4201
44414	44449	44479	4200
44751	44756	44744	4200
45002	45033	45043	4200
45554	45604	45559	4200
45806	45850	45898	4200
46117	46128	46123	4199
46660	46711	46716	4199
46960	46988	46943	4199
47209	47263	47273	4200
47784	47827	47802	4199
48051	48100	48111	4199
48350	48393	48345	4200
48901	48935	48922	4200
49181	49223	49172	4199
49421	49487	49486	4199
49764	49790	49736	4200
50264	50336	50301	4199
50601	50615	50558	4200
50823	50879	50885	4200
51151	51170	51123	4200
51674	51762	51737	4200
52036	52039	51995	4200
52260	52311	52292	4200
52822	52861	52820	4200
53055	53129	53142	4200
53402	53417	53376	4200
53923	53957	53972	4200
54225	54290	54226	4200
54484	54533	54559	4200
55056	55104	55061	4199
55321	55368	55367	4200
55648	55674	55616	4200
55882	55946	55940	4200
56454	56538	56444	4199
56736	56796	56805	4200
57082	57104	57084	4200
57583	57661	57645	4199
57845	57917	57842	4199
58121	58170	58181	4199
58451	58470	58454	4200
58978	59048	59038	4200
59299	59336	59274	4199
59534	59568	59591	4199
60090	60145	60099	4200
60354	60421	60429	4200
60683	60705	60657	4200
61198	61267	61274	4200
61548	61573	61514	4200
61761	61809	61831	4199
62342	62374	62346	4200
62558	62640	62613	4200
62905	62926	62880	4200
63449	63448	63422	4200
63696	63744	63717	4200
63933	64003	63975	4200
64505	64575	64559	4200
64827	64810	64812	4200
65056	65129	65085	4201
65350	65390	65401	4200
65920	65984	65944	4199
66224	66218	66243	4200
66443	66546	66474	4200
67070	67093	67074	4200
67288	67358	67316	4200
67604	67604	67625	4200
68104	68153	68170	4200
68444	68454	68447	4200
68666	68730	68687	4200
69267	69320	69247	4200
69500	69548	69575	4200
69828	69860	69831	4200
70097	70170	70086	4200
70685	70718	70663	4200
70955	70989	70985	4199
71197	71283	71232	4200
71746	71813	71818	4199
72065	72094	72039	4200
72326	72369	72355	4200
72888	72955	72887	4199
73142	73203	73209	4199
73450	73491	73462	4199
73958	74063	74003	4200
74281	74328	74268	4200
74509	74587	74595	4200
75099	75170	75097	4200
75337	75420	75421	4200
75693	75719	75665	4200
75919	75979	75969	4200
76454	76533	76460	4200
76744	76804	76808	4200
77040	77098	77061	4200
77627	77678	77659	4199
77891	77971	77914	4200
78172	78236	78225	4200
78485	78508	78495	4200
78979	79050	79048	4200
79297	79353	79293	4200
79529	79589	79594	4200
80100	80196	80119	4200
80358	80441	80422	4200
80715	80761	80714	4200
81236	81301	81281	4200
81490	81593	81483	4200
81733	81828	81822	4200
82314	82385	82355	4200
82574	82637	82627	4200
82867	82948	82864	4200
83099	83195	83208	4200
83778	83840	83776	4199
84030	84117	84124	4200
84348	84384	84350	4200
84647	84732	84663	4200
85252	85278	85265	4200
85492	85586	85538	4201
85768	85832	85835	4202
86290	86388	86381	4201
86638	86679	86641	4202
86890	86963	86909	4201
87461	87526	87458	4200
87744	87828	87794	4200
88040	88110	88083	4200
88289	88401	88321	4200
88894	88938	88912	4201
89130	89221	89145	4201
89427	89478	89454	4200
89945	90033	90041	4200
90276	90333	90300	4200
90563	90665	90589	4200
90842	90919	90949	4200
91397	91449	91462	4201
91663	91761	91727	4201
91985	92052	91985	4200
92541	92602	92562	4200
92791	92855	92840	4200
93056	93166	93136	4200
93609	93687	93697	4200
93926	93976	93980	4200
94190	94279	94209	4200
94448	94536	94543	4200
95036	95103	95088	4200
95313	95378	95374	4200
95607	95691	95641	4200
96172	96203	96191	4200
96405	96506	96469	4200
96693	96752	96748	4200
96963	97063	96974	4201
97254	97344	97344	4200
97898	98011	97975	4200
98188	98263	98255	4200
98504	98556	98549	4200
99043	99133	99144	4200
99338	99396	99384	4200
99611	99711	99663	4200
99901	99996	99981	4200
100469	100557	100545	4200
100773	100844	100813	4200
101040	101129	101045	4200
101616	101660	101620	4200
101861	101935	101913	4201
102152	102205	102196	4201
102420	102510	102437	4200
103047	103082	103079	4200
103302	103381	103326	4201
103529	103626	103628	4200
104120	104211	104186	4200
104408	104462	104463	4200
104718	104815	104722	4200
104987	105079	105077	4200
105546	105666	105582	4200
105861	105929	105932	4201
106163	106208	106194	4200
106717	106797	106753	4200
106953	107061	107003	4200
107246	107322	107310	4199
107749	107853	107818	4200
108060	108156	108065	4202
108267	108415	108287	4207
108746	108923	108747	4215
109043	109234	109043	4224
109218	109515	109237	4249
109534	109796	109506	4254
110008	110308	109923	4259
110016	110529	109976	4261
110018	111028	109977	4263
110019	111284	109977	4263
110020	111526	109977	4263
110020	111605	109978	4263
110021	111605	109978	4264
110022	111606	109978	4264
110022	111606	109978	4264
110022	111606	109979	4264
110022	111606	109978	4264
110022	111606	109979	4264
110023	111606	109979	4264
110023	111607	109979	4264
110023	111607	109979	4265
110023	111607	109979	4264
110023	111608	109980	4264
110024	111608	109980	4264
110023	111608	109980	4264
110024	111608	109980	4264
110023	111608	109980	4265
110024	111609	109980	4264
110024	111609	109980	4264
110024	111609	109980	4264
110024	111609	109980	4264
110024	111609	109980	4264
110024	111609	109980	4264
110024	111610	109980	4264
110024	111610	109980	4264
110024	111610	109981	4265
110024	111610	109980	4264
110024	111610	109981	4264
110024	111610	109981	4264
110024	111610	109981	4264
110024	111610	109980	4264
110025	111610	109981	4264
110024	111610	109981	4264
110024	111610	109981	4264
110024	111610	109981	4264
110024	111610	109981	4264
110024	111610	109981	4265
110024	111610	109981	4264
110024	111610	109981	4265
110025	111611	109981	4264
110024	111610	109981	4264
110024	111610	109981	4264
110025	111610	109981	4264
110025	111610	109981	4264
110025	111611	109981	4265
110024	111610	109981	4264
110025	111610	109981	4265
110025	111611	109981	4264
110024	111610	109981	4265
110025	111611	109981	4264
110025	111611	109981	4265
110025	111610	109981	4265
110024	111611	109981	4265
110025	111611	109981	4264
110025	111611	109981	4265
110025	111611	109981	4265
110025	111611	109981	4265
110025	111611	109981	4265
110025	111611	109981	4265
110024	111611	109981	4265
110025	111611	109981	4265
110025	111611	109981	4265
110025	111611	109981	4265
110025	111611	109981	4265
110025	111611	109981	4265
110025	111611	109981	4265
110025	111611	109981	4265
110025	111612	109981	4265
110025	111611	109981	4265
110025	111612	109981	4265
110025	111612	109981	4265
110025	111612	109981	4265
110025	111611	109981	4265
110025	111611	109981	4265
110025	111612	109981	4265
110025	111612	109981	4265
110025	111612	109981	4265
110025	111611	109981	4265
110025	111612	109981	4265
110025	111612	109981	4265
110025	111612	109981	4265
110025	111612	109981	4265
110025	111612	109981	4265
110025	111612	109981	4265
110025	111612	109981	4265
110025	111612	109981	4265
110025	111611	109981	4265
110025	111612	109981	4265
110025	111612	109981	4265
110025	111612	109981	4265
110025	111612	109981	4265
110025	111612	109981	4265
110026	111612	109981	4264
110025	111612	109981	4265
110025	111612	109981	4265
110025	111612	109981	4265
110025	111612	109981	4265
110025	111612	109981	4265
110025	111612	109981	4265
110025	111612	109981	4264
110025	111612	109981	4265
110025	111612	109981	4264
107266	109335	107270	4257
104864	106473	105051	4209
99040	100815	99102	4200
96116	97890	96166	4200
93384	95239	93426	4201
87806	89604	87803	4201
85047	86873	85114	4200
82257	84078	82271	4201
76562	78347	76600	4200
73805	75649	73852	4200
71170	72925	71139	4200
68401	70218	68406	4200
62807	64612	62748	4201
60144	61883	60141	4200
57408	59193	57331	4201
51850	53590	51783	4201
48878	50696	48908	4201
46196	48020	46222	4201
40551	42376	40566	4201
37826	39681	37851	4200
34909	36804	34923	4201
29498	31399	29516	4201
26619	28518	26641	4201
23552	25447	23566	4200
20640	22589	20656	4200
15177	17153	15298	4200
12180	14076	12184	4200
9461	11407	9447	4200
4032	5954	3979	4201
1280	3243	1270	4200
111	440	107	4201
117	129	115	4200
117	129	117	4200
-1000	-1000	-1000	-1000
117	129	118	4200
117	129	118	4200
117	129	118	4200
117	129	118	4200
117	129	118	4200
117	129	118	4200
117	129	118	4395
117	129	118	4579
117	129	118	4780
117	129	118	5074
117	129	118	5211
117	129	118	5326
117	129	118	5418
117	129	118	5669
117	129	118	5725
117	129	118	5706
117	129	118	5630
118	129	118	5631
118	129	118	5631
117	129	118	5630
117	129	118	5630
136	135	138	5629
856	828	884	5629
1009	1094	951	5630
1297	1303	1383	5630
1865	1899	1863	5631
2126	2137	2220	5631
2444	2454	2415	5631
2950	2988	2985	5631
3270	3258	3216	5631
3508	3527	3586	5631
3838	3815	3804	5631
4352	4374	4396	5632
4668	4666	4629	5632
4929	4942	4969	5632
5479	5477	5472	5632
5721	5770	5776	5633
6042	6034	6003	5633
6572	6561	6575	5633
6819	6857	6840	5632
7105	7144	7166	5633
7659	7664	7710	5632
7947	7948	7947	5632
8207	8216	8218	5632
8771	8797	8746	5633
9028	9021	9067	5633
9280	9310	9288	5632
9648	9622	9614	5633
10185	10168	10132	5633
10437	10440	10461	5633
10689	10749	10715	5633
11260	11293	11314	5633
11576	11576	11555	5633
11826	11844	11825	5633
12408	12416	12372	5633
12668	12700	12697	5633
12962	12954	12953	5633
13452	13507	13524	5633
13797	13804	13770	5633
14020	14039	14072	5633
14324	14350	14350	5633
14831	14879	14919	5633
15196	15186	15180	5633
15431	15496	15464	5633
15990	16042	15993	5633
16269	16304	16328	5633
16580	16590	16582	5633
16804	16870	16817	5633
17401	17439	17386	5633
17642	17687	17704	5633
17961	18006	17974	5633
18492	18560	18564	5633
18826	18860	18819	5633
19071	19109	19088	5633
19675	19713	19648	5633
19916	19951	19981	5633
20213	20257	20221	5633
20485	20525	20515	5633
21068	21097	21056	5633
21334	21365	21393	5633
21581	21642	21634	5633
22189	22219	22264	5633
22481	22529	22505	5633
22749	22806	22779	5633
22992	23066	23086	5633
23603	23687	23649	5633
23917	23934	23960	5633
24175	24259	24189	5633
24767	24778	24751	5633
24972	25055	25000	5633
25280	25299	25338	5633
25782	25839	25855	5633
26111	26138	26110	5633
26369	26436	26381	5633
26924	26983	26934	5633
27183	27253	27240	5633
27505	27532	27526	5633
28049	28094	28098	5633
28341	28390	28323	5633
28583	28625	28628	5633
29137	29197	29141	5633
29388	29450	29477	5633
29759	29788	29754	5633
30008	30046	30025	5633
30578	30599	30529	5633
30787	30869	30869	5633
31358	31417	31375	5633
31610	31685	31676	5634
31932	31987	31902	5633
32181	32221	32257	5633
32732	32775	32749	5633
32985	33057	33064	5633
33292	33329	33278	5634
33857	33896	33893	5633
34131	34178	34146	5634
34363	34460	34456	5633
34930	34999	34993	5634
35237	35253	35247	5633
35464	35538	35452	5633
36011	36095	36022	5633
36284	36352	36353	5633
36600	36633	36610	5633
37124	37201	37194	5634
37424	37473	37440	5633
37686	37773	37750	5633
37984	38010	38021	5633
38542	38612	38606	5633
38851	38875	38861	5633
39083	39165	39124	5633
39725	39785	39728	5633
39948	40022	40006	5633
40249	40301	40286	5633
40756	40850	40867	5634
41119	41168	41116	5633
41352	41444	41408	5633
41630	41704	41707	5633
42196	42288	42292	5634
42499	42585	42551	5633
42771	42855	42793	5633
43342	43397	43336	5634
43554	43655	43658	5633
43874	43940	43912	5633
44152	44260	44226	5633
44752	44796	44777	5633
45029	45095	45103	5633
45295	45398	45402	5634
45597	45660	45652	5634
46166	46211	46229	5633
46410	46509	46478	5633
46675	46789	46795	5634
47252	47371	47322	5633
47548	47620	47630	5633
47829	47918	47898	5634
48432	48472	48492	5633
48670	48783	48725	5633
48931	49029	49026	5633
49498	49606	49573	5634
49809	49895	49877	5633
50074	50193	50126	5633
50660	50720	50679	5633
50864	50968	50949	5633
51168	51249	51242	5633
51433	51555	51480	5634
52058	52146	52099	5633
52318	52426	52365	5633
52564	52673	52695	5633
53099	53206	53219	5633
53419	53496	53475	5633
53670	53773	53719	5634
54211	54318	54282	5634
54460	54562	54578	5634
54787	54857	54844	5633
55325	55408	55430	5633
55601	55677	55668	5633
55850	55985	55952	5634
56227	56296	56300	5633
56752	56853	56836	5634
57056	57106	57114	5633
57284	57394	57344	5634
57824	57953	57902	5633
58129	58227	58216	5633
58418	58478	58475	5634
58937	59044	59044	5633
59227	59329	59281	5634
59496	59609	59604	5633
59802	59873	59857	5633
60323	60444	60447	5633
60633	60713	60694	5634
60880	60977	60980	5634
61465	61575	61532	5633
61724	61859	61855	5634
62049	62123	62110	5633
62550	62669	62700	5634
62886	62973	62939	5633
63121	63241	63241	5633
63450	63514	63507	5633
63947	64085	64086	5634
64282	64363	64331	5633
64541	64676	64617	5633
65115	65246	65205	5633
65369	65495	65481	5634
65709	65792	65796	5634
65980	66110	66033	5633
66549	66621	66618	5633
66774	66922	66875	5634
67107	67202	67209	5633
67620	67736	67743	5634
67918	68003	68007	5634
68191	68299	68267	5633
68730	68860	68805	5634
69005	69117	69128	5633
69306	69391	69366	5633
69839	69925	69934	5634
70121	70249	70181	5634
70379	70475	70507	5633
70919	71024	71017	5634
71199	71311	71281	5633
71488	71596	71540	5633
72052	72147	72100	5633
72309	72419	72381	5633
72557	72687	72661	5634
72866	72988	72937	5634
73418	73522	73488	5634
73656	73778	73739	5634
73935	74060	74026	5634
74524	74671	74636	5634
74820	74899	74904	5634
75084	75207	75153	5634
75666	75747	75731	5633
75896	76025	76006	5634
76204	76284	76300	5633
76731	76858	76841	5634
77038	77136	77122	5634
77294	77439	77366	5633
77830	77972	77921	5634
78095	78229	78213	5633
78415	78491	78481	5633
78649	78794	78733	5633
79211	79357	79286	5633
79473	79598	79593	5634
79817	79905	79868	5633
80323	80455	80434	5634
80641	80780	80709	5633
80930	81065	80990	5633
81206	81331	81308	5633
81737	81883	81884	5634
82070	82171	82119	5634
82334	82473	82385	5633
82906	83018	82959	5634
83166	83291	83274	5633
83469	83588	83537	5633
83730	83871	83789	5634
84351	84445	84408	5633
84598	84733	84664	5634
84874	85022	84995	5633
85427	85573	85534	5633
85740	85825	85801	5633
85977	86105	86020	5633
86541	86646	86590	5634
86785	86914	86879	5633
87093	87159	87152	5634
87609	87719	87696	5634
87865	88007	87933	5634
88162	88311	88254	5634
88688	88856	88780	5634
88992	89131	89102	5634
89263	89403	89345	5634
89553	89699	89666	5634
90119	90271	90201	5634
90379	90521	90509	5634
90730	90840	90810	5633
91004	91172	91082	5633
91604	91731	91664	5633
91835	91983	91922	5633
92118	92243	92224	5633
92454	92587	92517	5633
93027	93161	93116	5634
93287	93443	93349	5634
93574	93711	93705	5633
94117	94265	94198	5634
94409	94554	94542	5633
94689	94835	94769	5633
95291	95388	95363	5634
95546	95697	95608	5634
95793	95955	95938	5634
96313	96485	96446	5634
96640	96746	96717	5634
96868	97037	96920	5634
97433	97571	97523	5634
97706	97863	97815	5633
98036	98167	98117	5634
98280	98440	98367	5633
98832	98968	98940	5633
99131	99301	99226	5634
99425	99548	99542	5634
99956	100112	100068	5634
100268	100376	100345	5633
100529	100700	100609	5633
101131	101256	101187	5634
101352	101519	101443	5633
101675	101787	101778	5633
102174	102326	102313	5634
102505	102621	102555	5634
102752	102931	102845	5634
103306	103452	103368	5634
103532	103706	103687	5634
103872	103987	103922	5634
104128	104295	104209	5634
104678	104839	104739	5634
104949	105113	105082	5634
105263	105406	105335	5634
105796	105914	105911	5634
106045	106212	106142	5634
106309	106474	106459	5634
106890	107061	106985	5634
107184	107331	107315	5634
107447	107590	107572	5634
107737	107922	107849	5634
108318	108469	108407	5634
108568	108739	108710	5634
108860	108999	108957	5634
109397	109566	109489	5640
109608	109827	109682	5656
109874	110086	109986	5665
110344	110667	110449	5680
110542	110926	110660	5681
110820	111195	110886	5679
111268	111702	111311	5680
111433	111996	111452	5681
111555	112228	111572	5683
111559	112713	111573	5684
111561	112982	111573	5685
111562	113209	111572	5686
111563	113263	111573	5687
111564	113265	111573	5687
111565	113265	111573	5687
111566	113265	111573	5687
111567	113265	111573	5687
111568	113266	111573	5688
111568	113266	111573	5688
111569	113267	111573	5688
111569	113267	111573	5688
111569	113267	111573	5688
111570	113267	111573	5688
111570	113268	111573	5688
111571	113267	111573	5688
111571	113268	111573	5688
111571	113268	111574	5688
111571	113268	111573	5688
111571	113268	111573	5688
111571	113268	111574	5688
111571	113268	111574	5688
111572	113268	111573	5688
111572	113269	111574	5688
111571	113269	111573	5689
111572	113269	111573	5688
111572	113270	111573	5688
111572	113270	111574	5688
111572	113270	111573	5688
111572	113270	111574	5688
111572	113270	111574	5688
111572	113270	111574	5688
111572	113270	111574	5688
111572	113270	111574	5688
111572	113270	111574	5688
111572	113270	111574	5688
111572	113270	111574	5688
111572	113270	111574	5689
111572	113271	111574	5689
111573	113271	111573	5688
111572	113271	111574	5688
111572	113271	111574	5688
111573	113271	111573	5688
111572	113271	111574	5688
111573	113271	111574	5688
111572	113271	111574	5688
111573	113272	111573	5688
111572	113272	111574	5688
111573	113272	111574	5688
111573	113272	111573	5688
111573	113272	111574	5689
111573	113272	111574	5689
111573	113272	111574	5688
111573	113272	111574	5689
111573	113272	111573	5688
111573	113272	111574	5688
111573	113272	111574	5688
111573	113272	111574	5688
111573	113273	111574	5689
111573	113272	111574	5689
111573	113273	111573	5688
111572	113273	111574	5688
111573	113273	111573	5689
111573	113273	111574	5688
111573	113273	111574	5689
111573	113273	111573	5689
111573	113273	111574	5688
111573	113273	111574	5689
111573	113273	111574	5688
111573	113273	111574	5689
111573	113273	111574	5689
111573	113273	111574	5689
111573	113273	111574	5689
111573	113273	111574	5688
111573	113273	111573	5689
111573	113273	111574	5688
111573	113273	111574	5689
111573	113273	111574	5689
111573	113273	111574	5689
111573	113273	111574	5689
111573	113273	111574	5689
111573	113273	111573	5689
111573	113274	111574	5689
111573	113273	111574	5688
111573	113273	111574	5688
111573	113273	111574	5689
111573	113273	111574	5689
111573	113274	111574	5689
111573	113274	111574	5689
111573	113273	111574	5689
111573	113273	111574	5689
111573	113274	111574	5689
111573	113274	111574	5688
111573	113274	111574	5689
111573	113274	111574	5689
111573	113274	111574	5689
111573	113274	111574	5689
111573	113274	111574	5689
111573	113274	111574	5689
111573	113274	111574	5689
111573	113274	111574	5689
111573	113274	111574	5689
111573	113274	111574	5688
111573	113274	111573	5689
106462	107988	106784	5643
103586	105135	103689	5630
100920	102449	101082	5626
95433	96984	95589	5627
92732	94249	92851	5626
89771	91316	89987	5625
86888	88461	87093	5626
81277	82836	81459	5627
78362	79976	78562	5626
75657	77236	75883	5625
70189	71806	70464	5625
67517	69133	67682	5626
64780	66375	65025	5625
59355	60951	59581	5626
56376	57964	56635	5625
53593	55211	53792	5625
47938	49516	48267	5625
45213	46858	45529	5624
42479	44100	42802	5625
36825	38506	37171	5626
34166	35782	34447	5625
31291	32864	31552	5626
28596	30094	28867	5624
23137	24720	23451	5626
20557	22144	20873	5626
17892	19471	18231	5626
12082	13754	12352	5624
9422	10961	9722	5625
6446	8087	6789	5626
1022	2740	1314	5627
130	258	92	5626
133	126	102	5625
-1000	-1000	-1000	-1000
133	127	103	5626
133	127	103	5625
133	127	103	5625
133	127	103	5626
133	127	103	5626
134	127	103	5625
133	127	103	5784
133	127	103	5961
133	127	103	6166
133	126	103	6461
133	127	103	6585
133	127	103	6673
133	127	103	6963
133	127	103	7074
133	127	103	7109
133	127	103	7075
133	127	103	7019
133	127	103	7026
133	127	103	7030
133	127	103	7030
133	127	103	7030
154	132	120	7031
832	830	863	7031
965	1035	890	7030
1288	1269	1367	7030
1817	1825	1819	7031
2077	2090	2121	7031
2393	2380	2329	7032
2942	2957	2948	7032
3277	3243	3195	7031
3481	3503	3551	7030
3841	3812	3758	7031
4353	4356	4338	7031
4615	4608	4556	7034
4883	4879	4914	7030
5423	5405	5416	7030
5706	5692	5709	7033
6012	5978	5924	7030
6570	6534	6519	7031
6804	6803	6797	7033
7082	7118	7090	7028
7612	7618	7639	7030
7916	7894	7854	7031
8176	8167	8175	7030
8764	8769	8716	7032
9044	9030	9061	7033
9300	9314	9281	7029
9813	9860	9830	7031
10170	10149	10087	7031
10408	10407	10430	7029
10980	10964	10942	7029
11174	11237	11227	7033
11542	11537	11483	7030
11775	11786	11806	7032
12361	12369	12326	7030
12596	12650	12630	7030
12914	12899	12871	7031
13418	13434	13436	7032
13728	13747	13686	7029
14291	14278	14239	7032
14513	14551	14545	7028
14778	14788	14801	7031
15137	15148	15103	7028
15675	15673	15662	7030
15903	15952	15919	7031
16181	16211	16225	7032
16726	16775	16776	7032
17034	17015	17027	7031
17249	17338	17289	7031
17869	17887	17842	7032
18107	18133	18138	7030
18419	18424	18405	7034
18912	18965	18946	7032
19251	19254	19196	7029
19472	19503	19504	7033
20045	20082	20019	7034
20297	20351	20334	7032
20648	20672	20622	7031
20931	20968	20939	7030
21493	21524	21452	7032
21723	21753	21773	7032
22034	22075	22032	7031
22317	22350	22305	7031
22910	22916	22862	7032
23160	23194	23184	7030
23424	23486	23447	7029
23997	24049	24054	7028
24314	24327	24278	7033
24545	24579	24538	7030
25118	25157	25065	7030
25383	25426	25430	7031
25682	25685	25638	7032
26187	26253	26201	7030
26490	26522	26427	7031
26727	26805	26763	7030
27292	27353	27289	7029
27582	27645	27614	7033
27872	27911	27802	7031
28145	28189	28180	7030
28693	28757	28694	7031
28968	29021	28987	7032
29276	29304	29217	7032
29797	29855	29796	7031
30068	30110	30052	7033
30303	30370	30334	7031
30867	30901	30889	7032
31136	31167	31131	7030
31654	31735	31691	7031
31990	32000	31916	7031
32228	32266	32260	7030
32495	32541	32499	7031
33052	33133	33117	7032
33382	33385	33320	7033
33628	33655	33627	7030
34189	34232	34142	7029
34464	34516	34497	7030
34794	34778	34757	7031
35028	35102	35028	7032
35642	35646	35530	7031
35849	35912	35895	7032
36178	36189	36150	7031
36687	36719	36698	7031
37004	37031	36960	7032
37239	37283	37268	7031
37798	37867	37785	7030
38063	38109	38104	7032
38386	38387	38332	7031
38979	39019	39003	7031
39297	39307	39237	7032
39533	39562	39545	7032
39813	39849	39813	7034
40431	40440	40447	7031
40724	40733	40707	7030
41000	40998	40976	7031
41253	41305	41285	7030
41849	41867	41860	7032
42110	42153	42134	7031
42465	42469	42399	7031
42988	43002	42976	7030
43281	43300	43221	7033
43499	43550	43534	7029
43857	43859	43792	7031
44376	44391	44376	7030
44693	44707	44654	7032
44906	44944	44945	7029
45497	45523	45486	7030
45781	45779	45810	7030
46090	46079	46029	7032
46620	46608	46589	7033
46888	46917	46857	7030
47140	47176	47169	7030
47500	47490	47451	7033
48014	48029	48011	7034
48304	48339	48259	7030
48579	48582	48593	7030
49139	49143	49117	7031
49400	49426	49403	7031
49699	49719	49620	7031
50259	50283	50233	7029
50566	50527	50500	7034
50770	50815	50787	7029
51128	51107	51012	7032
51624	51654	51581	7033
51947	51910	51905	7032
52148	52190	52155	7032
52733	52727	52735	7033
52991	53001	52962	7030
53513	53560	53516	7030
53843	53839	53758	7030
54083	54100	54107	7029
54675	54657	54617	7031
54892	54939	54932	7030
55257	55236	55173	7030
55771	55745	55738	7030
56025	56042	55987	7030
56297	56335	56307	7030
56646	56618	56578	7031
57160	57191	57161	7030
57502	57504	57423	7032
57737	57748	57726	7031
58028	58053	58017	7031
58577	58597	58583	7033
58901	58897	58827	7032
59129	59142	59129	7031
59718	59748	59668	7030
59983	59990	59991	7033
60285	60299	60264	7029
60818	60827	60823	7030
61120	61119	61034	7033
61356	61352	61370	7030
61929	61946	61879	7030
62186	62197	62198	7031
62490	62506	62418	7028
62784	62756	62774	7032
63379	63362	63286	7033
63616	63634	63622	7030
63906	63895	63857	7031
64234	64249	64170	7031
64812	64775	64725	7031
65055	65091	65053	7028
65327	65329	65301	7030
65884	65917	65890	7030
66192	66163	66142	7030
66416	66461	66410	7031
66999	67020	66950	7031
67246	67274	67267	7033
67572	67536	67518	7030
68094	68098	68098	7029
68389	68383	68324	7032
68650	68665	68652	7029
68953	68920	68918	7032
69446	69483	69470	7033
69799	69789	69736	7030
70047	70059	70048	7033
70597	70624	70561	7032
70859	70879	70864	7030
71178	71199	71124	7031
71677	71708	71664	7028
72007	72007	71949	7032
72256	72266	72249	7029
72808	72839	72793	7031
73091	73097	73075	7032
73367	73412	73319	7029
73931	73940	73889	7030
74193	74239	74162	7031
74456	74476	74465	7030
75009	75014	75014	7031
75314	75336	75284	7031
75576	75607	75541	7031
75859	75886	75868	7029
76390	76427	76393	7029
76692	76704	76676	7032
76952	76994	76885	7028
77546	77533	77470	7031
77775	77782	77766	7030
78065	78097	78067	7031
78631	78643	78655	7032
78922	78914	78867	7032
79276	79273	79214	7032
79506	79532	79517	7030
80090	80089	80076	7029
80344	80363	80327	7032
80651	80659	80583	7031
80929	80928	80913	7031
81482	81488	81457	7031
81717	81741	81709	7031
82097	82099	82046	7032
82607	82619	82597	7031
82899	82914	82850	7030
83156	83174	83175	7031
83769	83767	83733	7031
84011	84022	84023	7029
84349	84339	84280	7030
84612	84599	84600	7030
85161	85178	85101	7030
85419	85417	85432	7031
85745	85721	85676	7031
86243	86253	86260	7030
86576	86565	86473	7031
86821	86816	86845	7030
87371	87354	87349	7032
87641	87676	87643	7032
87939	87945	87857	7031
88201	88229	88217	7031
88767	88801	88738	7032
89068	89094	89084	7032
89405	89385	89326	7031
89902	89934	89895	7028
90235	90239	90181	7032
90492	90513	90506	7029
90779	90771	90745	7030
91299	91337	91319	7031
91636	91636	91573	7032
91899	91886	91889	7032
92475	92490	92422	7031
92699	92732	92725	7032
93013	93016	92971	7031
93276	93298	93265	7029
93915	93926	93881	7031
94174	94158	94165	7031
94416	94455	94451	7030
94970	94989	95016	7031
95282	95285	95244	7029
95520	95512	95533	7031
96105	96113	96051	7031
96348	96371	96394	7029
96661	96641	96617	7031
97196	97200	97175	7030
97477	97492	97428	7031
97732	97741	97765	7031
98260	98275	98270	7031
98547	98550	98563	7031
98829	98863	98790	7031
99107	99109	99148	7029
99645	99633	99655	7030
99912	99945	99940	7031
100271	100274	100240	7031
100798	100829	100818	7033
101103	101112	101050	7030
101351	101379	101386	7033
101895	101901	101898	7033
102173	102198	102211	7031
102498	102511	102464	7031
103047	103059	103052	7029
103323	103369	103328	7029
103550	103595	103610	7030
103910	103917	103878	7031
104432	104467	104465	7031
104748	104790	104708	7031
105009	105060	105069	7030
105564	105621	105592	7028
105824	105858	105878	7030
106210	106206	106204	7031
106448	106483	106482	7031
107037	107070	107039	7029
107299	107336	107355	7031
107599	107613	107633	7031
108115	108178	108182	7031
108412	108445	108434	7030
108688	108710	108715	7030
108996	108992	109009	7029
109528	109578	109557	7030
109829	109857	109835	7029
110088	110129	110084	7033
110650	110738	110586	7031
110859	111000	110872	7045
111136	111269	111083	7062
111366	111577	111375	7060
111645	112130	111834	7061
111645	112369	112026	7061
111645	112669	112319	7062
111645	113216	112798	7062
111645	113524	112819	7063
111645	113781	112820	7062
111645	114326	112820	7063
111645	114568	112820	7063
111645	114831	112820	7063
111645	115338	112821	7065
111645	115595	112821	7064
111645	115849	112821	7065
111645	115918	112821	7065
111645	115919	112821	7065
111645	115919	112822	7065
111645	115920	112822	7066
111645	115920	112822	7066
111645	115921	112822	7066
111645	115921	112822	7066
111645	115921	112822	7066
111645	115921	112822	7066
111646	115921	112822	7066
111645	115921	112822	7066
111646	115922	112822	7066
111645	115922	112822	7067
111646	115922	112823	7067
111645	115923	112823	7067
111645	115923	112823	7067
111646	115923	112823	7067
111645	115922	112823	7067
111645	115923	112823	7066
111646	115923	112823	7067
111645	115923	112823	7066
111645	115923	112823	7066
111646	115923	112823	7066
111645	115923	112823	7067
111645	115924	112823	7066
111645	115924	112823	7066
111645	115924	112823	7067
111645	115924	112823	7066
111646	115924	112823	7066
111645	115924	112823	7066
111645	115924	112823	7067
111646	115924	112823	7066
111645	115924	112823	7066
111646	115924	112823	7066
111645	115924	112823	7066
111645	115924	112823	7066
111646	115924	112823	7066
111646	115924	112823	7066
111646	115925	112823	7066
111646	115924	112823	7066
111645	115924	112824	7066
111646	115925	112823	7066
111646	115925	112823	7066
111646	115925	112824	7066
111646	115925	112823	7066
111645	115925	112824	7066
111646	115925	112824	7066
111646	115925	112823	7066
111646	115925	112823	7066
111646	115925	112823	7066
111646	115925	112823	7066
111645	115925	112824	7066
111646	115925	112823	7066
111646	115926	112824	7066
111646	115926	112824	7066
111645	115926	112823	7066
111646	115926	112824	7066
111645	115926	112823	7066
111645	115926	112823	7066
111646	115926	112824	7066
111646	115926	112823	7066
111645	115926	112823	7066
111646	115926	112824	7066
111646	115926	112823	7066
111645	115926	112824	7066
111646	115926	112823	7066
111645	115926	112823	7066
111646	115926	112823	7066
111646	115926	112824	7066
111645	115926	112823	7065
111645	115926	112824	7066
111646	115926	112823	7066
111645	115926	112823	7066
111645	115926	112824	7066
111646	115926	112824	7066
111646	115926	112823	7066
111645	115926	112824	7066
111645	115927	112824	7066
111645	115927	112824	7066
111645	115926	112824	7066
111646	115927	112824	7066
111646	115926	112824	7066
111646	115927	112823	7066
111646	115927	112824	7066
111646	115927	112824	7066
111645	115926	112824	7066
111646	115927	112824	7066
111646	115926	112824	7066
111645	115927	112824	7066
111646	115926	112824	7066
111646	115927	112824	7066
111646	115927	112824	7066
111646	115927	112823	7066
111645	115926	112824	7066
111645	115927	112824	7066
111646	115927	112824	7066
111646	115927	112824	7066
111646	115927	112824	7066
111646	115927	112824	7066
111645	115926	112824	7066
111645	115926	112824	7066
111646	115927	112824	7066
106211	110494	107768	7020
103297	107614	104512	7018
100498	104804	101777	7025
97329	101604	98572	7027
91640	95924	92885	7030
88863	93118	90098	7030
86176	90413	87448	7030
80390	84664	81637	7029
77679	81897	78836	7031
74791	78979	75953	7029
72069	76276	73256	7029
65898	70108	67077	7031
63207	67367	64349	7030
60454	64647	61601	7031
55072	59189	56158	7030
52108	56317	53353	7030
49278	53397	50405	7029
46514	50701	47716	7029
41098	45273	42280	7029
38389	42546	39576	7029
35482	39677	36645	7029
30040	34256	31202	7029
26784	30974	27964	7029
23830	28142	25039	7029
18422	22645	19654	7029
15715	19949	16901	7028
12987	17206	14186	7028
10287	14509	11473	7028
4486	8721	5680	7028
1770	5953	2978	7028
121	3259	487	7026
128	136	116	7028
128	136	116	7028
-1000	-1000	-1000	-1000
128	136	116	7028
128	136	116	7028
128	136	116	7028
128	137	116	7029
