118	126	47	66
118	126	47	66
118	126	47	66
118	126	47	66
118	126	47	66
133	131	64	66
830	873	735	66
954	974	1079	66
1270	1286	1304	66
1828	1828	1891	66
2113	2121	2149	66
2395	2415	2381	66
2749	2716	2737	66
3326	3287	3249	66
3538	3547	3597	66
3828	3836	3818	66
4360	4388	4403	66
4674	4660	4628	65
4901	4915	4948	66
5484	5477	5487	66
5740	5790	5807	66
6065	6043	6035	66
6557	6566	6597	66
6883	6862	6870	66
7110	7165	7189	66
7655	7672	7738	66
7932	7964	7966	66
8239	8235	8243	66
8484	8524	8533	65
9077	9080	9125	65
9289	9342	9353	66
9691	9691	9673	65
10185	10224	10218	66
10499	10483	10533	65
10740	10790	10804	65
11326	11342	11403	66
11569	11625	11643	66
11907	11929	11908	66
12133	12169	12210	66
12716	12740	12777	66
12987	13026	13062	66
13297	13337	13302	65
13804	13866	13895	66
14146	14108	14162	66
14355	14393	14458	66
14926	14970	15032	65
15210	15233	15265	65
15478	15513	15526	66
16078	16084	16082	66
16327	16352	16386	66
16619	16667	16684	66
16914	16945	16903	66
17192	17236	17273	65
17925	17961	17929	66
18204	18201	18244	66
18494	18535	18531	66
19032	19051	19088	65
19330	19378	19363	66
19722	19736	19669	66
19975	19977	20018	66
20231	20284	20257	66
20808	20850	20862	66
21103	21144	21097	65
21420	21423	21442	66
21968	21992	21939	66
22230	22233	22299	66
22494	22552	22541	66
22836	22857	22811	66
23364	23404	23366	66
23633	23658	23689	66
23911	23917	23961	66
24446	24481	24521	66
24738	24762	24709	66
24991	25014	25038	66
25621	25636	25595	66
25860	25846	25914	65
26130	26195	26159	66
26671	26699	26724	65
26980	26993	26955	65
27220	27235	27280	65
27799	27805	27841	65
28058	28082	28073	65
28373	28412	28390	65
28652	28656	28698	65
29219	29229	29211	65
29487	29502	29558	65
29747	29787	29784	66
30301	30339	30356	65
30619	30618	30602	66
30875	30872	30928	66
31450	31423	31446	66
31650	31696	31727	66
31980	31977	31966	66
32269	32257	32328	66
32859	32840	32812	66
33080	33133	33172	65
33377	33420	33392	65
33897	33964	33983	66
34250	34232	34215	65
34474	34509	34552	65
35014	35066	35059	65
35279	35315	35326	66
35636	35627	35608	66
36157	36161	36179	65
36397	36427	36463	65
36667	36699	36746	65
37207	37265	37314	65
37523	37518	37539	65
37805	37835	37831	65
38066	38080	38142	65
38608	38637	38693	65
38901	38933	38943	65
39198	39216	39212	66
39750	39779	39753	65
39994	39990	40069	66
40277	40294	40328	65
40855	40864	40924	66
41117	41165	41163	65
41405	41410	41453	66
41968	41988	41982	65
42230	42238	42293	65
42471	42538	42513	66
43015	43072	43070	65
43342	43384	43351	65
43601	43628	43671	66
43861	43929	43929	65
44423	44456	44498	65
44734	44777	44783	65
45015	45040	45091	65
45599	45611	45610	65
45834	45863	45929	66
46137	46152	46207	65
46674	46728	46793	65
46996	47004	47008	66
47226	47272	47317	65
47525	47563	47626	65
48104	48142	48195	65
48397	48408	48416	65
48657	48662	48716	65
49266	49264	49237	66
49481	49525	49575	65
49784	49821	49817	66
50062	50063	50110	65
50650	50703	50668	66
50940	50914	50999	65
51169	51218	51220	66
51733	51773	51789	66
52017	52068	52054	66
52310	52323	52376	65
52871	52868	52873	66
53099	53143	53184	66
53385	53428	53404	65
53908	53937	53981	66
54227	54240	54240	66
54455	54475	54553	65
55035	55050	55093	65
55299	55325	55361	65
55617	55615	55602	65
56164	56160	56172	66
56380	56437	56455	65
56675	56693	56716	65
57204	57239	57285	65
57503	57524	57520	65
57736	57757	57821	65
58338	58360	58340	66
58593	58611	58686	65
58892	58921	58927	66
59141	59170	59213	65
59736	59754	59758	65
59998	60002	60081	66
60257	60304	60332	65
60811	60835	60888	66
61107	61127	61136	65
61457	61432	61489	66
61703	61748	61798	65
62304	62293	62364	65
62539	62592	62635	66
62884	62861	62879	66
63405	63432	63448	66
63696	63679	63748	65
63927	63945	64017	65
64308	64301	64304	66
64841	64863	64921	65
65157	65170	65178	65
65400	65415	65493	65
65973	65970	66020	65
66218	66233	66311	65
66537	66527	66541	65
66797	66791	66879	65
67338	67338	67383	65
67606	67592	67686	65
67906	67890	67917	66
68446	68449	68523	66
68695	68716	68768	65
69000	69013	69104	66
69557	69559	69647	65
69840	69849	69933	65
70144	70137	70173	65
70436	70439	70534	65
71015	70952	71056	66
71230	71283	71347	65
71572	71558	71592	65
72071	72127	72164	65
72417	72373	72430	65
72682	72691	72784	66
72967	72981	73017	65
73515	73539	73592	65
73844	73850	73854	65
74094	74108	74184	65
74668	74654	74700	65
74901	74924	75001	66
75230	75218	75226	65
75755	75746	75807	65
76050	76045	76065	66
76286	76290	76396	66
76851	76881	76922	66
77124	77137	77199	65
77420	77429	77427	66
77659	77673	77766	65
78236	78245	78300	65
78518	78528	78586	65
78825	78833	78829	66
79363	79393	79417	65
79719	79670	79728	65
79958	79974	80035	65
80231	80257	80284	65
80775	80820	80857	65
81097	81114	81107	65
81359	81364	81428	65
81931	81910	81980	65
82162	82228	82266	65
82510	82545	82543	66
83005	83062	83118	65
83354	83330	83377	65
83574	83624	83695	65
83893	83936	83964	65
84441	84488	84555	65
84773	84775	84784	65
84997	85039	85115	65
85307	85318	85401	65
85856	85921	85985	65
86160	86211	86231	65
86443	86455	86507	65
87045	87055	87065	65
87273	87295	87366	65
87556	87639	87654	65
87860	87866	87874	65
88421	88386	88351	66
88651	88599	88534	66
88887	88809	88699	70
89404	89134	88987	78
89594	89201	89019	81
89791	89206	89020	83
90276	89230	89020	102
90448	89253	89020	105
90481	89266	89020	106
90483	89271	89021	106
90484	89273	89021	107
90485	89273	89021	107
90486	89275	89021	108
90486	89275	89021	107
90486	89276	89021	107
90486	89276	89021	107
90487	89276	89021	107
90487	89276	89021	107
90487	89277	89021	107
90487	89277	89021	107
90487	89277	89021	107
90487	89277	89021	108
90487	89278	89021	107
90487	89278	89021	107
90488	89278	89021	107
90488	89278	89021	107
90488	89278	89021	107
90488	89278	89021	107
90488	89278	89021	107
90488	89278	89021	107
90488	89278	89022	106
90489	89279	89021	107
90488	89279	89021	107
90488	89279	89021	107
90488	89279	89021	107
90489	89279	89021	107
90488	89279	89021	107
90489	89279	89021	107
90489	89279	89022	107
90488	89279	89021	107
90489	89280	89021	107
90489	89280	89021	107
90489	89279	89021	107
90489	89280	89021	107
90489	89280	89021	107
90489	89280	89021	107
90489	89280	89021	107
90489	89280	89021	107
90489	89280	89021	107
90489	89280	89022	107
90489	89280	89021	107
90489	89280	89021	107
90489	89280	89021	107
90489	89280	89021	107
90489	89280	89021	107
90489	89280	89021	107
90489	89280	89021	107
90489	89280	89021	107
90489	89280	89022	107
90490	89280	89021	107
90489	89281	89022	107
90489	89280	89021	107
90489	89281	89021	106
90489	89281	89022	107
90489	89280	89022	107
90489	89280	89021	107
90489	89281	89022	107
90490	89281	89022	107
90490	89280	89021	107
90490	89281	89022	106
90490	89281	89022	107
90490	89281	89021	107
90490	89281	89022	107
90490	89281	89021	107
90490	89281	89021	107
90489	89281	89022	107
90490	89281	89022	107
90490	89281	89022	107
90490	89281	89021	107
90490	89281	89021	107
90490	89281	89021	107
90490	89281	89022	107
90490	89280	89022	107
90490	89281	89022	107
90490	89281	89022	107
90490	89281	89021	107
90490	89281	89021	106
90490	89281	89022	107
90490	89281	89021	107
90490	89281	89021	107
90490	89281	89021	107
90490	89281	89022	107
90490	89281	89021	107
90490	89282	89021	107
90490	89281	89022	107
90490	89281	89022	107
90490	89281	89022	107
90490	89281	89021	107
90490	89281	89022	107
90490	89281	89022	108
90490	89281	89022	107
90490	89281	89021	106
90490	89282	89021	106
90490	89282	89022	107
90490	89281	89022	107
90490	89281	89022	107
90490	89281	89021	107
90490	89281	89022	107
90490	89281	89022	107
85486	84464	84329	75
82628	81669	81617	74
79800	78879	78760	72
74171	73215	73082	70
71472	70514	70439	70
68716	67786	67681	68
62933	62000	61863	68
60182	59283	59201	65
57321	56360	56230	64
54412	53427	53350	64
48808	47842	47795	64
46061	45073	45013	64
43190	42229	42115	64
37770	36796	36687	63
34310	33361	33254	64
31572	30608	30502	63
28695	27697	27641	64
23122	22066	22068	64
20119	19109	19096	63
17368	16324	16252	64
14593	13580	13547	63
9169	8136	8086	63
6461	5371	5354	63
3723	2712	2744	64
82	103	-45	65
-1000	-1000	-1000	-1000
85	104	-31	63
86	104	-30	63
86	104	-29	63
86	104	-29	63
86	104	-29	63
86	104	-29	117
86	104	-29	189
86	104	-29	310
86	104	-29	498
86	104	-28	843
86	104	-29	974
86	105	-29	1115
86	104	-29	1323
86	105	-29	1412
86	104	-29	1460
86	104	-29	1458
86	105	-29	1422
86	105	-29	1422
87	104	-29	1423
86	104	-29	1424
86	105	-29	1424
104	109	4	1423
365	369	632	1424
1100	1104	1116	1424
1313	1368	1444	1424
1661	1688	1645	1424
2187	2188	2249	1424
2438	2487	2473	1424
2771	2737	2754	1424
3346	3321	3306	1424
3562	3569	3606	1424
3819	3852	3839	1424
4358	4377	4424	1424
4684	4657	4630	1424
4908	4918	4953	1424
5526	5508	5488	1424
5740	5765	5813	1424
6065	6042	6042	1424
6583	6603	6625	1425
6878	6875	6879	1424
7144	7169	7219	1424
7449	7462	7434	1425
7961	8015	8013	1425
8340	8359	8311	1424
8573	8585	8653	1424
9149	9159	9160	1425
9367	9404	9400	1424
9684	9717	9686	1424
10195	10261	10231	1424
10543	10525	10529	1424
10748	10790	10796	1424
11085	11131	11127	1425
11643	11676	11677	1424
11948	11989	11944	1424
12200	12204	12243	1424
12774	12803	12798	1425
13024	13036	13066	1425
13319	13346	13321	1425
13808	13885	13887	1425
14160	14144	14158	1424
14382	14420	14466	1425
14937	14972	15020	1424
15249	15291	15311	1425
15548	15578	15540	1425
15810	15840	15888	1424
16340	16381	16400	1424
16628	16680	16683	1425
16945	16961	16932	1425
17486	17507	17512	1425
17791	17796	17798	1424
18062	18115	18132	1425
18375	18411	18396	1424
18883	18916	18939	1424
19224	19223	19201	1424
19458	19490	19535	1424
20034	20055	20083	1425
20293	20323	20337	1424
20610	20601	20586	1425
21134	21158	21156	1425
21419	21427	21463	1425
21650	21686	21729	1425
21963	21971	21961	1424
22499	22541	22566	1425
22844	22860	22843	1425
23086	23120	23161	1425
23667	23687	23706	1425
23931	23951	24014	1425
24245	24258	24226	1425
24749	24782	24802	1425
25065	25062	25068	1425
25335	25343	25414	1425
25639	25647	25664	1425
26145	26199	26231	1425
26510	26508	26489	1425
26732	26756	26798	1425
27290	27301	27328	1425
27555	27588	27586	1425
27906	27900	27903	1425
28133	28146	28189	1425
28715	28688	28718	1424
28948	28982	29023	1425
29308	29326	29329	1425
29838	29835	29891	1425
30159	30120	30125	1425
30397	30398	30451	1424
30962	30931	30978	1425
31183	31214	31230	1425
31522	31480	31477	1425
31750	31743	31809	1425
32389	32382	32374	1425
32618	32639	32691	1425
32912	32933	32923	1425
33467	33476	33514	1425
33784	33802	33760	1425
34023	34040	34084	1425
34295	34318	34325	1425
34846	34867	34901	1424
35164	35176	35129	1424
35387	35427	35473	1424
35968	35986	36016	1425
36247	36265	36285	1425
36548	36565	36552	1425
37086	37142	37167	1425
37390	37411	37390	1424
37667	37710	37751	1425
37967	37977	38019	1425
38495	38541	38567	1425
38811	38823	38802	1425
39059	39099	39144	1424
39644	39624	39649	1425
39868	39912	39963	1425
40191	40202	40192	1425
40694	40727	40731	1425
40988	40976	41006	1425
41223	41276	41302	1425
41548	41576	41555	1425
42079	42134	42172	1425
42443	42450	42433	1425
42684	42703	42756	1425
43320	43335	43315	1425
43551	43592	43615	1425
43833	43883	43855	1425
44360	44376	44415	1425
44674	44698	44686	1425
44963	44982	45041	1425
45228	45267	45283	1425
45774	45792	45837	1425
46080	46088	46070	1425
46333	46354	46412	1425
46882	46920	46908	1425
47153	47216	47245	1425
47458	47484	47483	1425
47973	48005	48051	1425
48274	48303	48310	1425
48545	48575	48612	1425
48856	48887	48887	1425
49364	49404	49437	1425
49671	49686	49686	1425
49920	49951	49987	1425
50484	50483	50527	1425
50703	50777	50795	1425
51060	51040	51049	1425
51570	51640	51625	1425
51885	51878	51923	1425
52086	52170	52194	1424
52667	52700	52757	1425
52931	52992	53000	1425
53241	53253	53288	1425
53804	53825	53802	1425
54039	54088	54133	1425
54308	54386	54403	1426
54845	54913	54983	1425
55193	55202	55184	1425
55403	55462	55504	1425
55984	56038	56019	1425
56245	56301	56353	1425
56586	56592	56587	1425
57093	57113	57185	1426
57393	57401	57409	1425
57631	57687	57742	1426
58184	58242	58283	1425
58473	58502	58558	1425
58788	58790	58790	1425
59057	59083	59165	1425
59631	59665	59683	1425
59897	59932	59966	1425
60203	60231	60209	1425
60697	60750	60766	1425
61018	61011	61045	1426
61280	61321	61372	1425
61574	61640	61621	1425
62105	62175	62185	1425
62428	62471	62455	1425
62726	62736	62794	1425
63276	63306	63328	1425
63518	63577	63591	1425
63834	63869	63835	1425
64354	64411	64446	1425
64692	64726	64694	1425
64919	64977	65002	1425
65517	65532	65558	1425
65760	65803	65854	1425
66080	66107	66075	1425
66603	66637	66647	1426
66886	66918	66918	1425
67137	67187	67239	1425
67460	67473	67457	1425
67972	68011	68034	1425
68262	68287	68287	1425
68529	68592	68638	1425
69078	69123	69178	1425
69358	69407	69436	1425
69636	69682	69681	1425
70233	70270	70262	1425
70480	70513	70575	1425
70735	70791	70800	1425
71315	71368	71403	1425
71591	71641	71628	1425
71891	71890	71935	1425
72090	72174	72184	1425
72719	72765	72804	1425
72974	73017	73033	1425
73266	73295	73315	1425
73843	73888	73832	1425
74090	74139	74173	1426
74352	74382	74413	1425
74895	74962	74999	1425
75235	75279	75262	1425
75532	75556	75584	1426
75772	75813	75874	1425
76323	76384	76421	1425
76645	76700	76705	1425
76915	76958	76969	1425
77500	77531	77507	1425
77736	77782	77817	1425
78010	78068	78078	1425
78562	78610	78653	1425
78869	78918	78901	1425
79130	79168	79208	1426
79703	79688	79721	1425
79939	80005	80031	1425
80242	80287	80278	1426
80489	80540	80566	1425
81102	81133	81110	1425
81347	81391	81413	1426
81611	81674	81658	1425
82147	82236	82248	1425
82495	82530	82501	1425
82742	82768	82817	1426
83299	83312	83334	1425
83595	83659	83691	1425
83879	83932	83923	1425
84179	84208	84228	1426
84770	84800	84758	1425
85031	85095	85128	1425
85313	85344	85386	1425
85839	85895	85957	1426
86157	86176	86149	1425
86426	86459	86494	1426
86667	86745	86771	1425
87230	87276	87334	1425
87533	87575	87577	1425
87771	87824	87853	1425
88369	88421	88386	1426
88608	88661	88713	1425
88909	88941	88945	1428
89425	89464	89429	1434
89671	89722	89639	1434
89943	89911	89846	1434
90352	90287	90077	1441
90607	90460	90244	1452
90772	90685	90295	1453
91082	90903	90295	1458
91441	91303	90296	1464
91637	91532	90295	1468
91718	91565	90295	1470
91721	91571	90296	1470
91721	91571	90296	1470
91722	91572	90296	1470
91723	91573	90296	1470
91723	91574	90296	1470
91724	91574	90296	1470
91724	91574	90296	1470
91724	91575	90296	1470
91724	91575	90296	1470
91724	91575	90297	1470
91724	91575	90296	1470
91724	91576	90297	1470
91725	91576	90296	1470
91725	91576	90296	1470
91725	91576	90297	1470
91725	91577	90297	1470
91726	91577	90296	1470
91726	91577	90297	1470
91726	91577	90297	1470
91726	91577	90297	1470
91726	91577	90297	1470
91726	91577	90297	1470
91726	91577	90297	1470
91726	91577	90296	1470
91727	91577	90297	1470
91726	91577	90297	1470
91727	91578	90297	1470
91727	91578	90297	1470
91727	91578	90297	1470
91727	91578	90297	1470
91727	91578	90297	1470
91727	91578	90297	1470
91727	91578	90297	1470
91727	91578	90297	1470
91727	91578	90297	1470
91727	91578	90297	1470
91727	91578	90297	1470
91728	91578	90297	1470
91728	91578	90297	1470
91727	91578	90297	1470
91727	91578	90297	1470
91728	91578	90297	1470
91728	91578	90297	1470
91728	91578	90297	1470
91728	91578	90297	1470
91728	91579	90297	1470
91728	91579	90297	1470
91728	91579	90297	1470
91728	91578	90297	1470
91728	91579	90297	1470
91728	91578	90297	1470
91728	91578	90297	1470
91728	91579	90297	1470
91728	91579	90297	1470
91728	91579	90297	1470
91728	91578	90297	1470
91728	91579	90297	1470
91728	91579	90297	1470
91728	91578	90297	1470
91728	91579	90297	1470
91728	91579	90297	1470
91728	91578	90297	1470
91728	91579	90297	1470
91729	91579	90297	1470
91728	91579	90297	1470
91728	91578	90297	1470
91729	91579	90297	1470
91729	91578	90297	1470
91728	91579	90297	1470
91729	91579	90297	1470
91728	91579	90297	1470
91729	91579	90297	1470
91729	91579	90297	1470
91729	91579	90297	1470
91729	91579	90297	1470
91729	91579	90297	1470
91729	91579	90297	1470
91729	91579	90297	1470
91729	91579	90297	1470
91729	91579	90297	1470
91729	91579	90297	1470
91729	91579	90297	1470
91729	91579	90297	1470
91729	91579	90297	1470
91729	91579	90297	1470
91729	91579	90297	1470
91729	91579	90297	1470
91729	91579	90297	1470
91729	91579	90297	1470
91729	91579	90297	1470
91729	91579	90297	1470
91729	91579	90297	1470
91729	91579	90297	1470
91729	91579	90297	1470
91729	91579	90297	1470
91729	91579	90297	1470
91729	91579	90297	1470
91729	91579	90297	1470
91729	91579	90297	1470
91729	91579	90297	1470
89278	90262	88523	1456
83810	84291	82700	1414
80971	81394	80009	1415
77881	78321	76860	1415
72451	72829	71387	1414
69725	70147	68631	1415
67028	67400	65919	1415
61375	61741	60338	1415
58657	59052	57643	1415
55955	56283	54953	1416
53281	53571	52157	1416
47639	48003	46574	1416
44902	45219	43812	1416
42184	42480	41112	1417
36358	36756	35341	1416
33694	34047	32625	1416
30972	31327	29952	1416
25572	25949	24565	1416
22807	23271	21863	1416
20112	20587	19161	1415
14661	15118	13733	1415
11913	12445	10988	1416
9244	9697	8291	1416
3794	4241	2874	1416
1066	1564	302	1417
108	132	-34	1418
113	137	-26	1425
113	137	-24	1424
-1000	-1000	-1000	-1000
113	137	-24	1424
113	137	-23	1424
113	137	-22	1424
113	137	-22	1424
113	137	-21	1424
113	137	-20	1424
113	137	-20	1488
113	137	-19	1725
113	137	-18	1915
113	137	-18	2117
113	137	-18	2245
113	137	-17	2514
113	137	-17	2604
113	137	-17	2734
113	137	-18	2878
113	137	-17	2870
113	137	-17	2817
113	137	-17	2796
113	137	-17	2793
113	137	-17	2795
113	137	-17	2797
127	142	-3	2796
275	231	602	2798
997	965	1100	2797
1247	1279	1250	2798
1570	1591	1577	2798
2092	2090	2110	2797
2390	2367	2368	2798
2654	2643	2693	2798
3259	3211	3235	2797
3467	3468	3512	2797
3791	3781	3751	2796
4321	4309	4328	2797
4605	4552	4585	2796
4861	4822	4887	2797
5156	5150	5137	2797
5687	5689	5730	2797
6024	5967	5970	2796
6242	6246	6277	2797
6868	6826	6861	2796
7109	7124	7143	2797
7437	7424	7402	2796
7666	7652	7720	2797
8300	8239	8253	2797
8523	8520	8573	2797
8805	8807	8784	2798
9299	9318	9330	2797
9692	9630	9644	2798
9926	9910	9944	2797
10504	10445	10491	2797
10699	10739	10725	2798
11057	11028	11003	2797
11296	11287	11327	2798
11880	11850	11879	2797
12132	12134	12134	2798
12438	12446	12417	2797
12994	12987	12995	2795
13318	13305	13287	2797
13583	13542	13585	2797
14147	14088	14139	2796
14374	14389	14411	2797
14709	14688	14656	2797
15234	15208	15218	2796
15506	15494	15518	2796
15771	15743	15773	2796
16307	16297	16347	2796
16588	16576	16557	2797
16863	16832	16874	2796
17431	17413	17374	2796
17668	17653	17660	2796
17939	17945	17904	2797
18484	18488	18464	2797
18792	18755	18730	2797
19033	19023	19015	2798
19599	19550	19588	2796
19861	19833	19832	2797
20154	20133	20120	2796
20653	20679	20638	2796
20987	20954	20985	2798
21250	21237	21228	2796
21516	21541	21505	2797
22056	22094	22068	2798
22402	22356	22359	2797
22626	22611	22626	2797
23206	23176	23211	2798
23456	23478	23477	2797
23790	23761	23721	2797
24296	24305	24291	2796
24593	24558	24586	2797
24843	24843	24859	2796
25407	25411	25429	2796
25670	25683	25658	2796
25979	25892	25945	2796
26230	26264	26257	2796
26795	26807	26831	2796
27059	27073	27085	2798
27390	27368	27340	2797
27950	27942	27920	2797
28218	28184	28230	2797
28463	28468	28475	2797
28812	28786	28747	2795
29348	29368	29321	2797
29681	29657	29640	2796
29916	29892	29921	2796
30195	30199	30145	2797
30779	30774	30764	2798
31071	31080	31034	2799
31347	31331	31328	2798
31904	31858	31885	2798
32142	32131	32119	2797
32436	32431	32385	2797
32941	32983	32909	2796
33284	33241	33248	2796
33568	33543	33545	2796
34121	34085	34096	2796
34394	34431	34389	2796
34722	34693	34648	2798
34947	34958	34942	2798
35543	35504	35521	2796
35779	35802	35759	2797
36109	36073	36040	2796
36610	36619	36599	2796
36929	36865	36886	2797
37158	37156	37165	2797
37691	37713	37722	2796
37983	37956	37953	2796
38303	38225	38256	2796
38864	38836	38797	2800
39116	39088	39099	2800
39410	39385	39403	2799
39738	39660	39647	2801
40242	40243	40194	2797
40556	40490	40529	2797
40820	40796	40787	2797
41415	41352	41400	2797
41654	41652	41619	2797
41955	41904	41912	2797
42246	42222	42211	2797
42814	42750	42780	2798
43033	43026	43006	2801
43351	43319	43287	2799
43859	43893	43837	2798
44191	44136	44167	2798
44428	44397	44398	2798
45045	44977	45021	2798
45244	45256	45252	2798
45593	45536	45548	2797
46109	46092	46054	2798
46398	46360	46389	2797
46635	46625	46640	2798
47200	47173	47194	2798
47481	47481	47424	2798
47772	47733	47757	2798
48341	48282	48277	2798
48578	48544	48559	2798
48867	48868	48810	2799
49149	49120	49132	2799
49748	49705	49685	2798
49995	49965	49964	2798
50237	50258	50223	2798
50834	50829	50823	2798
51125	51117	51061	2798
51411	51354	51382	2798
51988	51906	51929	2798
52218	52190	52202	2798
52487	52479	52454	2798
52998	53033	52996	2798
53361	53281	53286	2798
53658	53633	53668	2798
53927	53907	53904	2798
54480	54466	54481	2798
54768	54769	54728	2798
55084	55027	55072	2798
55675	55627	55599	2798
55873	55880	55889	2798
56185	56153	56113	2798
56713	56670	56684	2798
57017	56978	56941	2798
57240	57215	57241	2798
57789	57752	57800	2798
58060	58032	58057	2798
58365	58320	58292	2798
58604	58559	58596	2798
59184	59127	59179	2798
59465	59436	59433	2798
59781	59784	59729	2799
60083	60025	60060	2799
60663	60598	60601	2799
60903	60857	60871	2799
61473	61392	61438	2799
61708	61701	61684	2799
62015	61975	61966	2799
62287	62228	62250	2798
62856	62774	62811	2799
63086	63088	63072	2799
63413	63368	63352	2799
63911	63895	63896	2799
64304	64213	64199	2799
64565	64525	64557	2799
64832	64802	64776	2799
65411	65359	65376	2799
65690	65639	65606	2799
65983	65929	65974	2799
66552	66515	66478	2799
66782	66733	66792	2799
67076	67060	67020	2799
67386	67345	67349	2799
67957	67911	67881	2799
68221	68180	68228	2800
68487	68449	68463	2800
69037	68996	69028	2799
69333	69291	69261	2799
69581	69530	69594	2799
70144	70085	70123	2799
70412	70352	70401	2799
70694	70686	70666	2800
71012	70932	70977	2799
71583	71493	71515	2799
71892	71829	71844	2800
72115	72111	72117	2800
72687	72674	72675	2800
72967	72954	72928	2800
73241	73187	73225	2800
73488	73495	73488	2800
74075	74062	74052	2800
74341	74334	74306	2799
74628	74576	74621	2800
75219	75147	75136	2800
75468	75445	75492	2800
75737	75721	75709	2800
76089	76005	76016	2800
76636	76595	76574	2800
76891	76874	76908	2800
77155	77148	77156	2800
77721	77675	77737	2800
78000	77975	77934	2800
78266	78245	78278	2800
78856	78803	78787	2800
79103	79051	79096	2800
79371	79362	79322	2800
79932	79926	79906	2800
80237	80210	80173	2800
80522	80483	80498	2800
80758	80766	80748	2800
81369	81342	81325	2800
81623	81638	81595	2800
81934	81866	81913	2800
82496	82459	82434	2800
82755	82717	82715	2800
82998	83034	83002	2800
83357	83278	83308	2800
83884	83866	83836	2800
84158	84120	84158	2800
84443	84434	84446	2800
84780	84750	84701	2800
85325	85299	85300	2800
85624	85588	85583	2800
85907	85884	85916	2800
86490	86453	86488	2800
86730	86744	86731	2800
87055	87036	86981	2800
87319	87287	87331	2800
87907	87870	87856	2800
88140	88149	88139	2800
88446	88438	88387	2800
88972	88969	88951	2800
89275	89259	89246	2800
89529	89512	89494	2800
90052	90079	90036	2801
90340	90391	90316	2804
90582	90634	90564	2809
91010	91176	90875	2833
91249	91396	91029	2850
91380	91607	91210	2852
91447	92017	91477	2857
91447	92142	91875	2858
91447	92288	92055	2859
91447	92507	92337	2861
91447	92510	92341	2861
91448	92512	92343	2861
91448	92514	92344	2861
91448	92514	92345	2861
91448	92515	92346	2861
91448	92517	92346	2861
91448	92517	92346	2861
91448	92517	92346	2861
91448	92517	92347	2861
91448	92518	92347	2861
91448	92518	92347	2861
91448	92518	92347	2861
91448	92518	92348	2861
91448	92519	92348	2861
91448	92518	92348	2861
91448	92519	92348	2861
91448	92519	92348	2861
91448	92519	92348	2861
91448	92520	92348	2861
91448	92520	92348	2861
91448	92520	92348	2861
91448	92520	92348	2861
91448	92520	92348	2862
91448	92520	92348	2861
91448	92520	92348	2861
91448	92520	92348	2861
91448	92520	92348	2861
91448	92520	92348	2861
91448	92520	92348	2861
91448	92520	92348	2861
91448	92520	92348	2861
91448	92520	92348	2861
91448	92520	92349	2861
91448	92521	92349	2861
91448	92520	92348	2861
91449	92520	92348	2861
91448	92520	92348	2861
91448	92521	92348	2861
91448	92521	92348	2861
91449	92521	92348	2861
91448	92521	92348	2861
91448	92520	92348	2861
91448	92521	92349	2860
91448	92521	92348	2861
91448	92521	92349	2860
91448	92521	92348	2860
91448	92521	92349	2861
91449	92521	92349	2861
91448	92521	92349	2861
91448	92521	92348	2861
91449	92521	92349	2861
91448	92521	92349	2861
91449	92521	92349	2861
91449	92521	92349	2861
91449	92521	92349	2861
91449	92521	92349	2861
91448	92521	92349	2861
91448	92521	92349	2861
91449	92521	92349	2861
91449	92521	92349	2861
91449	92521	92349	2861
91449	92521	92349	2861
91449	92521	92349	2861
91449	92521	92349	2861
91449	92521	92349	2861
91449	92521	92349	2861
91449	92521	92349	2861
91449	92521	92349	2860
91449	92521	92349	2860
91449	92522	92349	2861
91449	92521	92349	2861
91449	92522	92349	2861
91449	92522	92349	2860
91449	92522	92349	2861
91449	92521	92349	2861
91449	92522	92349	2861
91449	92522	92349	2861
91449	92521	92349	2861
91449	92522	92349	2861
91449	92522	92349	2860
91449	92522	92349	2861
91449	92521	92349	2861
91449	92522	92349	2861
91449	92522	92349	2861
91449	92522	92349	2861
91449	92522	92349	2861
91449	92522	92349	2861
91449	92522	92349	2861
91449	92522	92349	2861
91449	92522	92349	2861
91449	92522	92349	2861
91449	92522	92349	2861
91449	92522	92349	2861
91449	92522	92349	2861
91449	92522	92349	2861
91449	92522	92349	2860
91449	92522	92349	2860
91449	92522	92349	2861
91449	92522	92349	2861
91449	92522	92349	2861
88737	90880	90747	2835
86266	87709	87744	2801
80665	82369	82287	2801
77725	79442	79406	2801
75057	76677	76639	2801
72142	73850	73723	2800
66618	68226	68142	2800
63740	65350	65262	2800
60978	62597	62558	2800
55545	57174	57143	2800
52814	54451	54406	2801
49700	51398	51377	2801
44315	45917	45898	2801
41584	43210	43206	2800
38901	40511	40458	2801
33242	34861	34833	2801
30548	32195	32083	2802
27789	29463	29385	2801
22238	23822	23797	2802
19483	21160	21027	2802
16768	18398	18338	2802
11328	12962	12881	2802
8428	10066	9996	2802
5760	7331	7247	2802
2952	4631	4572	2802
125	119	6	2805
125	126	13	2807
125	126	16	2806
126	126	16	2806
-1000	-1000	-1000	-1000
125	126	16	2806
125	126	17	2804
125	126	17	2804
125	126	16	2803
125	126	16	2803
125	126	16	2871
125	126	16	2970
125	126	17	3143
125	126	17	3340
125	127	16	3642
125	126	16	3766
125	126	16	3907
125	127	16	4107
125	126	16	4186
125	126	15	4249
125	126	15	4205
125	126	15	4180
125	126	15	4177
125	126	15	4176
125	126	15	4176
125	126	15	4176
281	235	566	4175
790	880	726	4174
1072	976	1129	4174
1609	1616	1617	4175
1912	1889	1928	4175
2156	2153	2195	4174
2419	2434	2440	4174
3020	3041	3103	4174
3350	3304	3303	4175
3572	3549	3659	4175
4152	4106	4152	4175
4392	4386	4458	4175
4711	4677	4683	4174
5206	5201	5262	4173
5517	5477	5505	4174
5765	5780	5867	4174
6078	6048	6075	4174
6607	6601	6693	4175
6943	6915	6920	4175
7176	7186	7281	4174
7779	7773	7806	4173
8025	8046	8095	4174
8338	8337	8314	4174
8837	8848	8874	4173
9161	9125	9166	4173
9381	9393	9409	4174
9979	9950	10015	4173
10211	10236	10238	4173
10547	10490	10536	4173
10762	10771	10792	4173
11365	11352	11412	4173
11628	11638	11654	4173
11938	11948	11923	4173
12457	12486	12492	4174
12767	12736	12790	4174
13051	13032	13076	4173
13603	13577	13646	4173
13851	13891	13925	4175
14239	14173	14192	4174
14442	14441	14527	4174
15006	14993	15047	4173
15257	15281	15336	4173
15585	15574	15564	4174
16107	16100	16134	4173
16382	16384	16412	4174
16693	16730	16764	4176
17000	16993	16991	4175
17512	17522	17559	4173
17845	17793	17811	4173
18060	18084	18117	4173
18617	18588	18662	4175
18880	18904	18936	4178
19210	19188	19182	4175
19742	19745	19730	4173
19999	19988	20064	4174
20260	20286	20291	4174
20814	20831	20902	4173
21101	21126	21129	4174
21392	21368	21437	4173
21949	21926	21942	4172
22223	22203	22290	4173
22459	22495	22508	4173
22999	23021	23086	4173
23332	23320	23304	4174
23576	23613	23679	4174
24135	24148	24163	4173
24384	24388	24480	4173
24712	24680	24669	4173
25246	25245	25275	4173
25519	25524	25538	4173
25764	25780	25844	4174
26094	26086	26076	4174
26620	26615	26678	4173
26915	26914	26930	4173
27164	27160	27249	4173
27718	27742	27816	4174
28017	28010	28042	4174
28306	28296	28329	4174
28840	28851	28854	4174
29084	29103	29191	4174
29375	29398	29440	4176
29924	29907	30022	4175
30191	30226	30244	4177
30520	30491	30548	4175
30754	30784	30841	4174
31344	31330	31414	4174
31591	31635	31692	4173
31924	31922	31946	4173
32449	32468	32480	4174
32710	32693	32788	4173
32969	33023	33088	4173
33544	33550	33621	4173
33808	33841	33871	4173
34105	34079	34152	4173
34312	34390	34435	4173
34939	34968	35028	4173
35215	35225	35278	4173
35522	35530	35553	4174
36087	36091	36119	4173
36310	36339	36417	4174
36589	36609	36688	4173
37142	37183	37281	4173
37501	37510	37561	4173
37724	37768	37817	4173
38324	38325	38347	4173
38561	38606	38680	4173
38859	38885	38937	4173
39141	39133	39203	4174
39714	39728	39735	4174
39967	39985	40080	4176
40238	40272	40311	4174
40778	40803	40889	4174
41098	41119	41122	4174
41359	41387	41451	4173
41960	41981	41994	4174
42197	42220	42299	4173
42463	42530	42550	4173
42990	43048	43100	4173
43325	43340	43341	4173
43579	43601	43682	4173
43844	43905	43926	4174
44410	44433	44506	4174
44717	44742	44756	4174
44986	45002	45073	4174
45536	45550	45577	4176
45789	45835	45929	4174
46094	46120	46160	4173
46348	46384	46441	4173
46957	46964	46988	4173
47182	47237	47316	4173
47487	47525	47590	4173
48008	48051	48139	4173
48336	48341	48372	4174
48612	48646	48723	4178
49185	49209	49233	4175
49417	49485	49572	4174
49739	49763	49797	4174
50229	50295	50366	4174
50570	50558	50583	4173
50789	50861	50956	4173
51375	51381	51482	4173
51596	51681	51734	4173
51968	51974	51992	4173
52474	52503	52559	4173
52740	52760	52856	4174
52965	53058	53106	4174
53533	53593	53705	4174
53839	53865	53924	4173
54133	54169	54229	4173
54350	54439	54543	4173
54939	54979	55081	4174
55238	55249	55357	4174
55746	55772	55888	4174
56071	56077	56117	4174
56281	56333	56447	4173
56875	56933	56966	4175
57122	57178	57281	4174
57447	57465	57533	4174
57967	57995	58101	4173
58211	58273	58318	4174
58485	58517	58651	4174
58788	58823	58880	4174
59344	59379	59466	4174
59625	59669	59722	4173
59871	59926	60035	4174
60460	60477	60593	4174
60697	60775	60850	4173
61054	61084	61136	4174
61579	61637	61691	4174
61861	61870	61975	4173
62104	62164	62269	4173
62663	62709	62823	4173
62943	63001	63070	4173
63232	63240	63344	4173
63458	63522	63626	4173
64101	64146	64204	4173
64339	64412	64515	4174
64653	64695	64742	4173
65220	65254	65331	4175
65463	65503	65568	4174
65730	65795	65913	4174
66268	66308	66419	4173
66582	66606	66716	4173
66836	66872	66928	4173
67396	67443	67494	4174
67644	67682	67796	4174
67946	67960	68074	4174
68462	68513	68643	4173
68740	68796	68852	4173
69028	69074	69187	4173
69337	69374	69472	4174
69903	69958	70097	4172
70218	70258	70324	4173
70460	70507	70608	4173
71090	71082	71148	4173
71336	71366	71492	4172
71596	71634	71721	4172
71931	71929	72011	4173
72502	72549	72622	4173
72784	72822	72898	4173
73041	73080	73196	4173
73353	73380	73435	4173
73880	73943	74027	4173
74176	74209	74278	4172
74431	74456	74592	4174
74750	74777	74864	4174
75326	75399	75539	4173
75674	75684	75762	4172
75893	75936	76041	4172
76549	76552	76647	4174
76776	76831	76932	4173
77068	77102	77187	4173
77573	77604	77757	4173
77914	77936	77998	4174
78153	78218	78304	4173
78457	78484	78572	4174
78972	79028	79143	4173
79302	79325	79377	4173
79545	79569	79687	4173
80125	80162	80222	4173
80387	80441	80557	4173
80703	80743	80826	4173
80975	81012	81095	4174
81587	81638	81670	4174
81826	81861	81975	4173
82097	82131	82241	4174
82666	82701	82824	4173
82960	83006	83087	4173
83237	83237	83346	4173
83838	83849	83938	4173
84079	84112	84219	4173
84341	84396	84504	4173
84893	84959	85099	4173
85209	85237	85314	4173
85444	85483	85592	4173
85713	85758	85893	4175
86287	86368	86492	4173
86610	86643	86747	4173
86861	86901	86984	4173
87428	87434	87526	4173
87686	87765	87858	4173
87990	88011	88133	4173
88497	88566	88702	4173
88812	88852	88929	4174
89090	89145	89256	4173
89390	89418	89525	4175
89903	89962	90090	4174
90225	90248	90336	4173
90468	90504	90619	4174
91006	91102	91163	4174
91247	91332	91416	4174
91445	91633	91567	4178
91815	92198	91953	4210
92010	92494	92138	4215
92148	92725	92313	4217
92466	93259	92700	4222
92476	93464	92785	4222
92479	93659	92787	4223
92487	94108	92787	4224
92496	94326	92787	4227
92504	94360	92787	4229
92508	94362	92788	4229
92511	94364	92788	4230
92512	94365	92788	4230
92513	94365	92788	4229
92514	94366	92788	4230
92515	94367	92788	4230
92515	94367	92788	4230
92516	94368	92788	4230
92516	94369	92788	4230
92516	94369	92788	4229
92517	94369	92788	4230
92517	94370	92788	4229
92517	94370	92788	4230
92517	94371	92788	4229
92518	94371	92789	4230
92518	94371	92789	4230
92518	94371	92788	4229
92519	94371	92789	4230
92519	94372	92789	4229
92519	94372	92788	4229
92519	94372	92788	4230
92519	94372	92789	4230
92520	94372	92788	4230
92520	94373	92789	4230
92520	94373	92789	4229
92520	94373	92789	4229
92520	94373	92789	4229
92520	94373	92789	4229
92521	94373	92789	4230
92521	94373	92789	4229
92521	94373	92789	4230
92521	94373	92789	4229
92521	94374	92789	4229
92521	94374	92789	4230
92521	94374	92789	4229
92521	94374	92788	4229
92521	94374	92789	4229
92521	94374	92789	4229
92522	94374	92789	4230
92522	94374	92788	4230
92522	94374	92789	4230
92522	94374	92788	4229
92522	94374	92789	4229
92522	94374	92789	4230
92522	94375	92789	4230
92522	94375	92789	4229
92522	94375	92789	4229
92522	94375	92789	4229
92522	94375	92789	4229
92522	94375	92789	4230
92522	94375	92789	4229
92522	94375	92789	4229
92522	94375	92789	4229
92522	94375	92789	4229
92523	94375	92789	4229
92523	94375	92789	4229
92523	94375	92789	4229
92522	94375	92789	4229
92523	94375	92789	4229
92523	94375	92789	4229
92523	94375	92789	4229
92523	94375	92789	4229
92523	94375	92789	4229
92523	94375	92789	4229
92523	94375	92789	4230
92523	94376	92789	4229
92523	94376	92789	4229
92523	94375	92789	4229
92523	94375	92789	4229
92523	94376	92789	4229
92523	94376	92789	4229
92523	94375	92789	4229
92524	94376	92789	4229
92523	94376	92789	4229
92524	94376	92789	4229
92524	94376	92789	4229
92523	94376	92789	4229
92524	94376	92789	4229
92524	94376	92789	4229
92524	94375	92789	4229
92524	94376	92789	4229
92523	94376	92789	4230
92524	94376	92789	4229
92524	94376	92789	4229
92524	94376	92789	4229
92524	94376	92789	4229
92524	94376	92789	4230
92524	94376	92789	4229
92524	94376	92789	4229
92524	94376	92789	4229
92524	94376	92789	4229
92524	94376	92789	4229
92524	94376	92789	4229
92524	94376	92789	4229
92524	94376	92789	4229
92524	94376	92789	4229
92524	94376	92789	4229
92524	94376	92789	4229
92524	94376	92789	4229
92524	94376	92789	4229
91241	92484	91267	4220
85334	86695	85321	4176
82696	84032	82740	4175
79804	81065	79794	4177
76718	78048	76709	4175
71151	72459	71128	4173
68368	69765	68407	4173
65462	66921	65536	4174
59878	61294	59939	4174
57120	58545	57163	4173
54307	55664	54350	4174
51559	52920	51565	4174
45736	47127	45778	4174
42895	44274	42858	4173
40113	41536	40156	4174
34344	35743	34404	4174
31552	32995	31618	4174
28708	30072	28722	4173
25830	27194	25918	4173
20402	21774	20428	4174
17470	18882	17571	4173
14798	16134	14913	4174
9449	10771	9568	4174
6663	7926	6802	4177
3933	5219	4021	4175
118	143	59	4173
123	105	63	4176
123	106	64	4175
123	105	65	4174
-1000	-1000	-1000	-1000
123	106	65	4175
123	106	65	4176
123	106	65	4178
123	106	65	4177
123	106	65	4177
123	106	65	4255
123	106	65	4349
123	106	65	4521
123	105	65	4868
123	105	65	5007
123	106	65	5122
122	105	64	5346
123	106	65	5493
123	105	64	5582
123	105	65	5621
123	106	65	5582
123	105	64	5560
123	106	64	5560
123	106	65	5561
123	105	65	5560
137	109	86	5561
356	378	484	5561
807	867	830	5561
1299	1308	1371	5561
1616	1665	1631	5561
1905	1886	1862	5562
2413	2432	2388	5561
2720	2681	2749	5561
2935	2968	2964	5562
3523	3500	3547	5561
3814	3815	3770	5561
4097	4072	4102	5562
4352	4335	4354	5561
4891	4888	4912	5562
5164	5160	5139	5561
5458	5409	5458	5562
6052	5986	5983	5562
6265	6256	6287	5562
6565	6544	6554	5562
7116	7103	7141	5562
7426	7398	7380	5561
7666	7664	7716	5562
8244	8199	8234	5561
8502	8518	8536	5562
8799	8812	8764	5562
9089	9047	9111	5561
9684	9654	9635	5562
9950	9939	9977	5562
10201	10208	10212	5562
10751	10772	10775	5562
11056	11058	11022	5562
11345	11307	11374	5562
11577	11594	11598	5562
12132	12125	12146	5562
12444	12458	12445	5562
12711	12718	12742	5562
13301	13269	13271	5562
13549	13535	13564	5562
13815	13855	13860	5562
14368	14381	14428	5562
14695	14668	14659	5561
14905	14908	14991	5562
15474	15491	15530	5562
15751	15740	15790	5562
16070	16048	16045	5562
16314	16296	16361	5562
16923	16900	16906	5562
17187	17166	17238	5562
17464	17479	17473	5562
17772	17747	17774	5561
18358	18321	18329	5561
18622	18618	18652	5562
18873	18885	18905	5562
19441	19447	19466	5562
19737	19737	19690	5562
19978	19945	20016	5562
20591	20533	20554	5562
20830	20819	20868	5562
21103	21097	21096	5562
21626	21657	21677	5562
21953	21935	21942	5562
22220	22190	22263	5562
22769	22754	22786	5562
22999	23000	23061	5562
23337	23307	23290	5561
23884	23872	23893	5562
24156	24166	24166	5562
24401	24404	24460	5562
24738	24710	24691	5562
25268	25272	25298	5562
25571	25576	25539	5562
25798	25801	25853	5562
26353	26377	26406	5562
26635	26649	26665	5562
26939	26942	26913	5562
27475	27476	27447	5562
27748	27761	27802	5562
28061	28074	28066	5562
28612	28598	28650	5561
28863	28897	28882	5562
29200	29186	29195	5562
29459	29462	29492	5562
30022	29981	30049	5562
30242	30329	30279	5561
30612	30592	30587	5562
31098	31152	31133	5562
31420	31394	31427	5562
31636	31669	31687	5562
32227	32246	32280	5562
32461	32517	32510	5562
32792	32751	32793	5562
33337	33345	33316	5562
33609	33591	33650	5562
33836	33901	33896	5562
34391	34419	34478	5562
34737	34709	34707	5562
34988	35025	35030	5562
35244	35268	35289	5561
35813	35838	35886	5562
36119	36117	36137	5562
36358	36396	36421	5562
36988	36957	36948	5561
37209	37233	37298	5562
37529	37513	37554	5562
38049	38035	38113	5562
38357	38332	38333	5562
38583	38616	38670	5562
39203	39180	39197	5561
39446	39456	39511	5562
39751	39740	39744	5562
40014	39988	40081	5562
40599	40603	40601	5562
40856	40849	40914	5562
41125	41156	41157	5562
41652	41683	41704	5562
41961	41953	41965	5562
42230	42230	42285	5562
42788	42779	42809	5562
43033	43042	43088	5562
43341	43355	43335	5562
43856	43911	43913	5562
44139	44139	44200	5562
44408	44430	44478	5562
44730	44764	44745	5562
45243	45269	45333	5562
45552	45575	45583	5562
45833	45874	45921	5562
46372	46421	46443	5562
46653	46714	46770	5562
47001	47001	47007	5562
47241	47264	47324	5562
47882	47885	47887	5562
48146	48172	48227	5562
48423	48422	48463	5562
48710	48687	48741	5562
49303	49314	49288	5561
49544	49546	49617	5562
49817	49822	49851	5562
50189	50180	50180	5562
50693	50748	50758	5562
51053	50983	51028	5562
51288	51267	51330	5562
51879	51831	51900	5562
52089	52118	52158	5562
52431	52370	52423	5562
52932	52963	52978	5561
53252	53208	53278	5561
53466	53482	53547	5562
54062	54030	54123	5562
54320	54356	54389	5562
54661	54579	54658	5562
54902	54886	54986	5561
55445	55457	55515	5561
55731	55714	55795	5562
56059	55992	56020	5562
56609	56590	56600	5562
56846	56862	56907	5562
57113	57110	57190	5562
57701	57712	57792	5562
57985	57986	58029	5562
58261	58262	58299	5561
58580	58549	58646	5561
59149	59131	59191	5562
59440	59430	59478	5562
59742	59690	59718	5562
60227	60265	60280	5562
60569	60518	60590	5562
60803	60785	60848	5561
61381	61337	61433	5562
61631	61669	61695	5562
61971	61933	61969	5561
62235	62199	62267	5562
62835	62773	62846	5562
63045	63089	63101	5562
63388	63356	63385	5562
63876	63912	63939	5562
64212	64169	64199	5562
64452	64455	64522	5562
64789	64769	64783	5561
65304	65305	65354	5562
65655	65599	65615	5562
65896	65909	65974	5562
66434	66417	66458	5562
66685	66678	66773	5562
67018	66993	66961	5562
67554	67518	67577	5562
67802	67803	67840	5562
68082	68071	68144	5561
68632	68646	68717	5561
68925	68904	68950	5562
69234	69204	69244	5562
69469	69474	69542	5562
70033	70022	70110	5562
70308	70302	70343	5562
70856	70842	70883	5562
71131	71128	71132	5562
71429	71371	71465	5562
71987	71942	71976	5561
72205	72191	72241	5562
72495	72479	72486	5562
73018	73036	73057	5562
73329	73278	73334	5562
73565	73551	73604	5562
73855	73859	73852	5561
74398	74382	74436	5562
74709	74670	74700	5562
74941	74931	75002	5562
75530	75468	75573	5562
75779	75764	75838	5562
76093	76059	76067	5562
76639	76599	76644	5562
76873	76880	76942	5562
77172	77161	77225	5562
77711	77688	77788	5562
78007	77983	78026	5562
78263	78263	78320	5562
78866	78831	78876	5562
79121	79090	79179	5561
79372	79388	79441	5562
79925	79903	79986	5562
80227	80204	80232	5562
80477	80460	80540	5561
81024	80996	81081	5562
81294	81279	81318	5562
81585	81563	81600	5562
82106	82128	82162	5562
82410	82383	82436	5562
82657	82639	82701	5562
82954	82932	82945	5562
83469	83500	83552	5562
83805	83757	83794	5562
84036	84030	84108	5561
84589	84570	84649	5562
84883	84887	84968	5562
85202	85175	85184	5562
85727	85712	85740	5562
85998	85994	86035	5562
86257	86242	86345	5562
86815	86819	86878	5562
87096	87108	87147	5562
87422	87329	87412	5562
87974	87937	87960	5561
88181	88196	88265	5562
88491	88462	88557	5562
88771	88760	88761	5562
89378	89344	89366	5562
89599	89589	89684	5562
89880	89880	89946	5561
90448	90435	90530	5562
90747	90718	90751	5562
91004	90981	91054	5562
91587	91516	91570	5562
91858	91835	91909	5562
92109	92125	92134	5562
92347	92379	92374	5561
92747	92972	92801	5582
92969	93252	92941	5588
92979	93516	93210	5593
92979	94062	93564	5592
92979	94325	93744	5590
92978	94543	94145	5591
92979	94795	94240	5591
92979	95208	94240	5590
92979	95383	94241	5591
92979	95606	94241	5596
92979	95633	94241	5599
92979	95636	94241	5598
92979	95638	94240	5598
92979	95638	94241	5598
92980	95638	94241	5598
92979	95639	94241	5598
92979	95640	94241	5598
92979	95640	94242	5597
92979	95640	94241	5597
92979	95640	94241	5597
92979	95640	94242	5597
92979	95640	94241	5598
92979	95640	94241	5597
92979	95640	94241	5597
92980	95640	94241	5597
92979	95641	94242	5597
92979	95641	94242	5597
92979	95641	94242	5597
92979	95641	94242	5597
92980	95641	94242	5597
92979	95641	94242	5597
92979	95642	94242	5597
92979	95642	94242	5597
92980	95642	94242	5597
92979	95641	94242	5597
92979	95642	94242	5597
92979	95642	94242	5597
92979	95642	94242	5597
92979	95642	94242	5597
92979	95642	94242	5596
92979	95642	94242	5596
92979	95642	94242	5597
92980	95642	94242	5597
92979	95642	94242	5597
92979	95642	94242	5597
92979	95642	94242	5597
92979	95643	94242	5597
92979	95642	94242	5597
92979	95643	94242	5597
92979	95643	94242	5596
92979	95643	94241	5597
92979	95643	94242	5597
92979	95643	94242	5597
92979	95643	94242	5597
92979	95643	94242	5597
92980	95643	94242	5597
92979	95643	94242	5597
92980	95643	94242	5597
92979	95643	94242	5597
92979	95643	94242	5597
92980	95644	94242	5597
92980	95644	94242	5597
92979	95644	94243	5597
92979	95644	94242	5597
92979	95643	94242	5597
92980	95644	94242	5597
92979	95644	94242	5597
92979	95644	94242	5597
92979	95644	94242	5596
92979	95644	94242	5597
92980	95644	94242	5597
92979	95644	94242	5597
92979	95644	94242	5597
92979	95644	94242	5597
92979	95644	94242	5597
92980	95644	94242	5597
92979	95644	94242	5597
92980	95644	94242	5597
92979	95644	94242	5596
92979	95644	94242	5597
92979	95644	94242	5597
92980	95645	94242	5597
92980	95644	94242	5597
92980	95644	94242	5597
92979	95644	94242	5597
92980	95644	94242	5597
92979	95644	94242	5597
92979	95644	94242	5597
92980	95645	94242	5597
92979	95645	94242	5597
92979	95644	94242	5597
92979	95645	94242	5597
92979	95644	94242	5597
92979	95644	94242	5597
92980	95645	94242	5597
92979	95645	94242	5597
92980	95645	94242	5597
92980	95645	94242	5597
92980	95645	94242	5596
92979	95645	94242	5597
92979	95645	94242	5596
92979	95645	94242	5597
92980	95645	94242	5596
92980	95645	94242	5597
92980	95644	94242	5597
92980	95645	94242	5597
92979	95645	94243	5596
92979	95645	94242	5596
92980	95645	94243	5597
92979	95645	94243	5597
90240	93512	92038	5573
87769	90633	89267	5555
84784	87867	86427	5554
79400	82388	81030	5552
76585	79582	78172	5552
73661	76653	75324	5552
70783	73783	72471	5552
65308	68376	67022	5554
62607	65632	64293	5553
59914	62918	61556	5553
54416	57499	56167	5552
51715	54728	53337	5552
48614	51702	50316	5551
43081	46112	44721	5551
40273	43439	42052	5552
37825	40862	39435	5551
32186	35281	33849	5552
29455	32654	31161	5551
26755	29927	28395	5550
20939	24086	22618	5557
18217	21400	19870	5557
15480	18721	17164	5554
12751	15957	14474	5552
6873	10231	8684	5552
4024	7284	5777	5552
1346	4617	3065	5552
130	130	39	5550
130	135	43	5551
130	135	44	5552
-1000	-1000	-1000	-1000
130	135	45	5551
130	135	45	5551
130	135	45	5552
130	135	45	5551
130	135	45	5550
130	135	45	5550
130	135	45	5616
130	135	45	5736
130	135	46	6125
130	135	46	6267
130	136	46	6514
129	136	46	6604
129	135	45	6749
129	135	45	6927
129	136	46	7059
129	136	45	7031
129	135	45	6983
130	135	46	6954
129	136	46	6949
130	136	46	6953
129	135	46	6953
139	138	62	6949
234	234	465	6951
769	883	770	6953
1277	1317	1327	6950
1576	1675	1630	6953
1904	1894	1873	6955
2409	2444	2427	6952
2796	2739	2756	6952
2993	3036	3075	6951
3350	3344	3297	6951
3841	3854	3866	6951
4163	4137	4151	6952
4406	4429	4468	6952
4943	4971	4994	6950
5196	5216	5245	6953
5524	5494	5498	6953
5843	5853	5917	6952
6422	6429	6419	6950
6663	6674	6714	6952
6971	6958	6930	6951
7237	7229	7305	6950
7846	7841	7821	6951
8074	8092	8134	6952
8404	8429	8436	6952
8948	8945	8986	6950
9239	9258	9233	6951
9510	9492	9548	6951
10081	10028	10073	6954
10296	10334	10325	6955
10604	10630	10605	6953
11112	11170	11164	6950
11459	11465	11458	6950
11696	11698	11727	6951
12273	12256	12298	6950
12501	12557	12560	6950
12830	12821	12826	6949
13076	13076	13118	6948
13669	13636	13685	6951
13869	13920	13963	6951
14228	14192	14199	6950
14740	14770	14792	6950
15044	15026	15055	6948
15303	15315	15399	6950
15840	15882	15928	6950
16134	16133	16185	6950
16440	16422	16426	6950
16998	17004	16990	6949
17243	17282	17323	6951
17527	17528	17576	6951
17873	17857	17834	6951
18417	18457	18457	6952
18743	18708	18724	6951
18964	18996	19013	6950
19521	19506	19578	6952
19788	19805	19800	6954
20113	20099	20120	6954
20630	20645	20632	6950
20898	20908	20970	6949
21150	21178	21183	6950
21476	21482	21487	6954
22006	22070	22041	6953
22366	22354	22362	6950
22597	22619	22650	6956
23182	23181	23220	6955
23417	23467	23490	6955
23760	23760	23726	6950
24284	24296	24297	6952
24532	24572	24594	6952
24807	24813	24868	6952
25348	25389	25427	6952
25634	25649	25654	6951
25898	25860	25951	6950
26152	26217	26212	6953
26731	26761	26801	6950
27027	27026	27048	6950
27299	27322	27321	6954
27891	27871	27875	6950
28133	28173	28196	6950
28424	28436	28451	6954
28965	28997	29044	6951
29282	29308	29255	6950
29535	29543	29608	6951
29789	29815	29845	6951
30396	30418	30460	6952
30654	30692	30676	6951
30984	30960	30994	6950
31535	31552	31522	6953
31793	31816	31865	6952
32055	32079	32099	6949
32600	32632	32674	6950
32909	32930	32904	6951
33163	33171	33241	6952
33756	33744	33754	6950
33998	34025	34062	6951
34282	34314	34320	6949
34595	34579	34619	6951
35176	35181	35127	6951
35397	35416	35483	6949
35677	35703	35712	6949
36215	36235	36252	6949
36517	36525	36531	6951
36758	36771	36832	6954
37308	37318	37363	6952
37553	37567	37636	6952
37871	37885	37873	6950
38405	38448	38445	6949
38691	38684	38730	6950
39009	39019	39064	6952
39304	39342	39366	6952
39857	39916	39944	6953
40205	40211	40192	6951
40459	40456	40530	6950
41047	41026	41021	6949
41274	41295	41332	6949
41558	41580	41552	6949
41816	41824	41870	6949
42147	42185	42214	6949
42738	42743	42793	6950
42998	43036	43050	6949
43359	43382	43355	6951
43881	43954	43949	6950
44220	44207	44221	6950
44478	44479	44531	6954
44747	44804	44827	6955
45316	45370	45419	6951
45643	45627	45629	6951
45887	45918	45952	6950
46150	46193	46213	6949
46739	46771	46824	6952
47029	47063	47043	6953
47293	47330	47330	6953
47893	47875	47850	6952
48125	48165	48193	6950
48425	48443	48425	6950
48978	49002	49032	6953
49293	49307	49255	6953
49527	49570	49606	6952
50093	50106	50103	6952
50363	50389	50406	6951
50662	50722	50650	6949
50958	50943	50982	6950
51539	51544	51517	6952
51783	51807	51809	6952
52038	52088	52055	6950
52636	52650	52659	6953
52922	52960	52918	6951
53206	53192	53248	6953
53783	53777	53771	6951
54017	54019	54035	6950
54288	54307	54291	6954
54803	54869	54854	6951
55143	55110	55120	6951
55377	55377	55399	6952
55900	55933	55953	6950
56191	56184	56194	6949
56513	56525	56478	6949
56751	56764	56756	6949
57314	57305	57331	6951
57577	57614	57602	6951
57889	57863	57845	6950
58422	58441	58412	6953
58722	58709	58719	6951
58973	58970	59012	6951
59547	59552	59577	6950
59817	59845	59852	6951
60194	60177	60149	6954
60502	60473	60551	6952
61052	61040	61063	6949
61294	61294	61313	6953
61567	61630	61603	6954
61907	61884	61927	6953
62445	62472	62439	6952
62709	62686	62741	6950
62955	63028	63018	6951
63543	63552	63578	6950
63842	63861	63829	6951
64100	64133	64142	6951
64656	64673	64661	6950
64900	64935	64945	6952
65202	65241	65195	6951
65717	65768	65766	6951
66035	66048	66031	6949
66280	66272	66327	6950
66587	66591	66548	6950
67146	67177	67223	6953
67501	67470	67459	6952
67714	67767	67776	6950
68288	68283	68285	6951
68554	68609	68625	6951
68880	68888	68860	6950
69144	69140	69195	6953
69738	69708	69690	6951
70000	70005	70076	6949
70277	70288	70288	6950
70581	70580	70595	6952
71128	71149	71120	6952
71434	71395	71461	6956
71668	71721	71716	6955
72242	72250	72277	6951
72514	72574	72536	6952
72825	72864	72864	6951
73098	73110	73141	6951
73650	73675	73702	6951
73922	73951	73971	6951
74289	74286	74270	6952
74789	74820	74849	6951
75111	75092	75126	6950
75330	75393	75414	6951
75688	75672	75674	6950
76209	76236	76260	6954
76489	76487	76497	6951
76758	76790	76845	6950
77311	77344	77379	6950
77578	77601	77662	6954
77887	77905	77867	6950
78449	78441	78473	6952
78738	78778	78782	6951
78980	79006	79059	6951
79548	79586	79618	6951
79823	79829	79861	6952
80106	80104	80137	6950
80660	80682	80655	6953
80905	80916	80977	6951
81175	81228	81192	6951
81706	81755	81771	6951
82039	82067	82023	6951
82277	82312	82374	6950
82551	82591	82607	6949
83111	83161	83186	6952
83411	83439	83429	6951
83699	83706	83761	6950
83978	84042	84053	6953
84562	84579	84641	6950
84823	84877	84885	6950
85104	85168	85158	6949
85711	85722	85721	6950
85968	86002	86023	6951
86213	86280	86297	6951
86771	86815	86834	6950
87065	87108	87065	6951
87309	87312	87370	6950
87871	87904	87885	6951
88133	88184	88209	6950
88436	88456	88447	6951
88957	88986	89006	6951
89242	89285	89278	6952
89514	89575	89585	6950
90055	90091	90124	6952
90335	90416	90410	6953
90676	90676	90673	6952
91177	91249	91254	6956
91501	91472	91523	6952
91707	91796	91803	6952
92291	92312	92360	6952
92526	92612	92611	6951
92845	92848	92868	6951
93360	93436	93317	6954
93591	93675	93623	6957
93840	93972	93756	6954
94147	94505	94165	6961
94352	94798	94309	6965
94500	95013	94492	6969
94517	95487	94561	6973
94518	95725	94561	6979
94520	95960	94561	6982
94523	96151	94562	6984
94531	96585	94562	6997
94539	96758	94563	7002
94546	96905	94563	7005
94557	97096	94563	7009
94559	97100	94563	7009
94560	97103	94563	7009
94561	97105	94563	7009
94562	97106	94563	7009
94562	97107	94563	7009
94563	97109	94563	7009
94563	97109	94564	7009
94564	97109	94564	7009
94564	97109	94563	7009
94564	97110	94564	7009
94565	97110	94564	7009
94565	97110	94564	7009
94565	97110	94564	7009
94565	97111	94564	7009
94566	97111	94564	7009
94566	97111	94564	7009
94566	97111	94564	7009
94566	97111	94564	7010
94566	97111	94564	7009
94567	97112	94564	7009
94567	97112	94564	7009
94567	97112	94564	7009
94567	97112	94564	7009
94567	97112	94564	7009
94567	97112	94564	7009
94567	97112	94564	7009
94568	97112	94564	7009
94568	97113	94564	7009
94568	97113	94564	7010
94568	97113	94564	7009
94568	97112	94564	7009
94568	97113	94564	7009
94568	97113	94564	7009
94568	97113	94564	7009
94568	97113	94564	7009
94568	97113	94564	7009
94568	97113	94564	7009
94568	97113	94564	7009
94568	97113	94564	7009
94569	97113	94564	7009
94569	97113	94564	7009
94569	97113	94564	7009
94569	97114	94564	7009
94569	97114	94564	7009
94569	97114	94564	7009
94569	97114	94564	7009
94569	97114	94564	7009
94569	97114	94564	7009
94569	97114	94564	7010
94569	97114	94564	7009
94569	97114	94564	7009
94569	97114	94564	7009
94569	97114	94564	7009
94569	97114	94564	7009
94569	97114	94564	7009
94569	97114	94564	7009
94569	97114	94564	7009
94570	97114	94564	7009
94569	97114	94564	7009
94570	97114	94564	7009
94570	97114	94564	7009
94569	97115	94564	7009
94570	97114	94564	7009
94570	97114	94564	7009
94570	97114	94564	7009
94570	97115	94564	7009
94570	97114	94564	7009
94570	97114	94564	7009
94570	97114	94564	7009
94570	97115	94564	7009
94570	97114	94564	7009
94570	97115	94564	7009
94570	97115	94564	7009
94570	97115	94564	7009
94570	97114	94564	7009
94570	97115	94564	7009
94570	97115	94564	7010
94570	97115	94564	7009
94570	97115	94564	7009
94570	97115	94564	7009
94570	97115	94564	7009
94570	97115	94564	7009
94570	97115	94564	7009
94570	97115	94564	7009
94570	97115	94564	7009
94570	97115	94565	7009
94570	97115	94564	7009
94570	97115	94564	7009
94570	97115	94564	7010
94570	97115	94564	7009
94570	97115	94564	7009
94571	97115	94564	7009
94571	97116	94564	7009
94570	97116	94564	7009
94571	97116	94564	7009
94571	97115	94564	7009
94570	97116	94564	7009
94571	97116	94564	7009
94570	97116	94564	7009
94571	97116	94564	7009
92439	96153	92864	6998
89635	92629	90025	6946
84144	87381	84553	6951
81197	84507	81578	6950
78523	81787	78918	6953
73076	76296	73442	6950
70178	73419	70590	6952
67195	70389	67591	6951
64388	67618	64801	6955
58779	61988	59171	6952
55912	59091	56298	6950
53193	56387	53545	6951
47770	50924	48087	6951
44821	48070	45223	6951
42190	45317	42514	6951
36735	39805	37015	6952
33877	36945	34134	6951
30899	34086	31230	6953
28246	31326	28528	6951
22827	25944	23078	6955
20094	23181	20332	6952
17220	20310	17491	6951
11694	14856	12007	6953
9043	12200	9285	6951
6386	9458	6610	6951
949	4022	1125	6950
123	1150	-18	6951
124	130	-13	6950
124	135	-13	6951
-1000	-1000	-1000	-1000
124	135	-12	6950
124	135	-12	6951
124	135	-12	6951
124	135	-12	6951
