126	134	5	68
126	134	5	68
126	134	6	67
127	134	5	68
127	134	6	68
138	137	22	68
258	296	609	68
1033	1000	1078	68
1317	1294	1329	68
1551	1606	1589	68
2138	2131	2169	68
2417	2418	2409	68
2773	2703	2748	68
2946	2992	2996	67
3523	3510	3555	68
3834	3839	3809	68
4131	4073	4110	67
4687	4649	4623	67
4915	4894	4944	68
5177	5173	5174	68
5774	5741	5787	67
6087	6026	6039	68
6321	6330	6350	68
6586	6562	6589	68
7199	7196	7225	68
7484	7485	7445	67
7749	7698	7762	67
8336	8307	8267	67
8607	8569	8631	67
8880	8859	8866	68
9434	9387	9397	67
9700	9699	9669	67
10018	9950	10000	67
10573	10485	10528	67
10790	10777	10774	67
11092	11096	11072	67
11430	11345	11411	67
11943	11912	11915	68
12214	12163	12190	67
12434	12481	12443	68
12990	12986	12996	68
13307	13297	13272	67
13573	13523	13581	67
14179	14082	14145	67
14368	14349	14408	67
14700	14680	14660	68
15220	15204	15238	67
15516	15509	15516	67
15797	15763	15828	67
16346	16304	16369	67
16625	16639	16637	67
16950	16874	16900	67
17230	17210	17268	67
17808	17729	17768	67
18083	18061	18085	67
18637	18607	18628	67
18926	18896	18919	67
19243	19180	19172	67
19838	19834	19810	67
20147	20079	20104	67
20383	20361	20366	67
20653	20652	20624	67
21297	21260	21286	67
21545	21572	21546	67
21887	21788	21870	67
22115	22116	22105	67
22702	22651	22700	67
22921	22934	22929	67
23260	23210	23224	67
23823	23790	23745	67
24058	24048	24092	67
24317	24292	24324	67
24893	24881	24925	67
25192	25130	25124	67
25429	25427	25461	67
26032	25920	25973	67
26252	26289	26296	67
26558	26514	26520	67
27078	27059	27087	67
27382	27317	27317	67
27631	27618	27634	67
27959	27936	27924	67
28497	28485	28524	67
28830	28806	28773	67
29063	29032	29122	67
29644	29575	29625	67
29884	29842	29897	67
30169	30155	30126	67
30690	30701	30709	67
31031	30951	30996	67
31251	31231	31269	67
31798	31768	31848	67
32051	32067	32060	67
32347	32280	32346	67
32903	32886	32847	67
33151	33132	33208	67
33411	33438	33431	67
33978	33976	34013	67
34274	34263	34241	67
34547	34530	34582	67
34841	34832	34874	67
35366	35370	35409	67
35686	35678	35644	67
35911	35942	35974	67
36516	36518	36494	67
36753	36759	36801	67
37039	37031	37043	67
37592	37570	37631	67
37891	37880	37870	67
38126	38140	38175	67
38683	38670	38713	67
38947	38977	38986	67
39262	39246	39228	67
39773	39852	39833	67
40105	40070	40105	67
40328	40350	40383	67
40891	40868	40939	67
41125	41181	41159	67
41428	41399	41458	67
41970	41974	41961	67
42227	42220	42267	67
42474	42538	42503	67
42779	42746	42809	67
43361	43416	43374	67
43628	43627	43692	67
43891	43953	43959	67
44498	44497	44569	67
44753	44810	44831	67
45110	45073	45104	67
45298	45345	45400	67
45909	45933	45971	67
46156	46173	46239	67
46475	46482	46479	67
47013	47029	47039	67
47254	47267	47327	67
47503	47551	47605	67
48088	48119	48185	67
48387	48435	48397	66
48633	48623	48708	67
49219	49196	49216	67
49443	49497	49540	67
49753	49768	49756	67
50238	50273	50300	67
50561	50523	50558	67
50771	50821	50863	67
51352	51362	51412	67
51583	51624	51639	67
52119	52153	52207	67
52458	52444	52450	67
52712	52702	52772	67
52933	52971	52995	67
53579	53587	53653	67
53849	53879	53895	67
54137	54126	54187	67
54713	54669	54699	66
54934	54945	55033	67
55242	55274	55267	67
55752	55799	55839	67
56091	56040	56050	67
56288	56329	56398	67
56830	56851	56909	67
57106	57137	57186	67
57446	57421	57436	66
57974	57955	58004	66
58192	58254	58279	67
58507	58498	58583	67
59060	59071	59152	67
59342	59376	59387	68
59637	59627	59676	67
59888	59909	59967	67
60472	60455	60560	67
60707	60781	60765	67
61064	61022	61065	67
61569	61619	61603	67
61874	61856	61929	67
62094	62153	62157	67
62684	62690	62727	67
62946	62990	62990	67
63264	63230	63305	67
63816	63806	63814	67
64077	64081	64133	67
64333	64396	64410	67
64648	64632	64682	67
65214	65221	65237	67
65470	65470	65536	67
65752	65786	65850	67
66317	66338	66387	68
66588	66596	66639	67
66861	66863	66904	67
67438	67399	67411	67
67660	67700	67745	67
67994	67995	68067	67
68276	68264	68285	67
68846	68818	68844	67
69078	69090	69167	67
69401	69436	69484	67
69955	69973	70048	67
70246	70263	70277	67
70525	70493	70579	67
71115	71053	71088	67
71383	71352	71437	67
71611	71664	71681	67
71984	71923	71964	67
72511	72530	72539	67
72790	72780	72847	67
73068	73082	73119	67
73637	73624	73684	67
73892	73941	73946	67
74191	74167	74229	67
74756	74775	74762	67
75013	75000	75084	67
75268	75328	75351	67
75609	75562	75607	67
76162	76165	76177	67
76435	76428	76479	67
76686	76742	76772	67
77247	77269	77322	67
77530	77551	77572	66
77845	77812	77842	67
78085	78148	78183	67
78636	78656	78722	66
78920	78956	78991	67
79458	79526	79539	67
79778	79757	79775	67
80014	80045	80088	66
80582	80585	80598	67
80819	80874	80882	67
81146	81157	81135	67
81634	81686	81694	67
81965	81958	81980	67
82202	82266	82277	67
82763	82787	82831	67
82996	83058	83084	67
83354	83317	83354	67
83575	83636	83658	67
84151	84172	84219	67
84403	84440	84479	67
84736	84711	84716	67
85258	85270	85285	67
85501	85520	85573	67
85762	85818	85847	67
86381	86408	86474	67
86635	86684	86698	67
86945	86929	86964	67
87500	87479	87478	67
87744	87745	87801	67
88018	88034	88040	67
88535	88495	88506	68
88847	88750	88684	68
89092	88958	88767	70
89329	89106	88960	71
89781	89507	89139	75
89954	89631	89529	78
89971	89675	89614	88
89977	89676	89615	92
89979	89676	89615	92
89981	89676	89616	93
89982	89677	89616	94
89983	89677	89616	95
89982	89677	89616	95
89983	89677	89616	96
89984	89677	89617	96
89984	89677	89617	96
89984	89678	89616	96
89985	89678	89617	96
89985	89678	89617	96
89986	89678	89617	96
89986	89677	89617	96
89986	89678	89617	97
89987	89678	89617	97
89987	89678	89617	96
89986	89678	89617	97
89987	89678	89617	97
89987	89678	89617	97
89987	89678	89617	97
89988	89679	89617	97
89987	89679	89617	96
89988	89678	89617	97
89988	89678	89617	97
89988	89678	89617	97
89988	89678	89617	97
89988	89678	89617	97
89988	89679	89617	97
89988	89679	89617	97
89989	89679	89617	97
89988	89679	89617	97
89988	89679	89617	97
89989	89679	89617	97
89988	89679	89617	97
89989	89679	89617	97
89989	89679	89617	97
89989	89679	89617	97
89989	89679	89617	96
89989	89679	89617	97
89989	89679	89617	97
89989	89679	89617	97
89989	89679	89617	97
89989	89679	89617	97
89989	89679	89617	97
89989	89679	89617	97
89989	89679	89617	97
89989	89679	89617	97
89989	89679	89617	97
89989	89679	89617	97
89989	89680	89617	97
89989	89680	89617	97
89990	89679	89617	97
89989	89679	89617	97
89989	89680	89617	97
89990	89679	89618	97
89990	89680	89618	97
89989	89680	89617	97
89990	89679	89617	97
89989	89680	89618	97
89989	89679	89617	97
89989	89679	89617	97
89990	89679	89617	97
89990	89680	89617	97
89990	89680	89617	97
89990	89680	89617	97
89990	89680	89617	97
89990	89680	89618	97
89990	89680	89618	97
89990	89680	89617	97
89989	89680	89617	97
89989	89680	89617	97
89990	89680	89617	97
89990	89680	89617	97
89990	89680	89617	97
89990	89680	89617	97
89990	89680	89617	97
89990	89680	89617	97
89990	89680	89617	97
89990	89680	89617	97
89990	89680	89617	97
89990	89680	89617	97
89990	89680	89617	97
89990	89680	89617	97
89990	89680	89618	97
89990	89680	89618	97
89990	89680	89617	97
89990	89680	89618	97
89990	89680	89617	97
89990	89680	89617	97
89990	89680	89617	97
89990	89680	89617	97
89990	89679	89617	97
89990	89680	89617	97
89990	89680	89618	97
89990	89680	89617	97
89990	89680	89617	97
89990	89680	89618	97
89991	89680	89617	97
89990	89680	89618	97
84735	84882	84992	72
81881	82093	82263	73
79287	79431	79538	72
76017	76215	76311	70
70635	70761	70829	66
67690	67844	67938	66
65014	65191	65256	66
59035	59124	59282	66
56404	56428	56556	65
53628	53703	53812	65
50782	50802	50914	65
45421	45381	45516	65
42665	42650	42759	64
40013	39976	40110	65
34332	34321	34437	65
31585	31568	31725	65
26188	26124	26341	65
23422	23460	23605	64
20746	20717	20894	65
18021	18086	18183	64
12375	12407	12548	64
9672	9675	9878	64
6916	6933	7142	64
1387	1464	1585	65
114	112	44	65
118	116	53	64
-1000	-1000	-1000	-1000
118	116	54	64
118	117	54	64
119	116	54	64
118	117	54	64
118	117	54	64
118	117	54	64
118	117	54	108
118	117	54	297
118	117	54	487
118	117	54	702
118	117	54	979
118	117	54	1119
118	117	54	1218
118	116	54	1411
118	117	54	1446
118	117	54	1456
118	117	54	1426
118	117	54	1426
118	117	54	1426
118	117	54	1426
118	117	54	1426
130	119	68	1426
240	243	458	1426
1039	968	1035	1426
1278	1292	1327	1426
1571	1605	1584	1426
2125	2122	2172	1426
2411	2401	2369	1426
2690	2670	2738	1426
3243	3218	3243	1426
3498	3462	3521	1426
3806	3804	3757	1426
4333	4338	4341	1426
4638	4575	4609	1426
4879	4862	4900	1426
5456	5407	5463	1426
5684	5690	5726	1426
6047	5987	5983	1426
6275	6269	6313	1426
6873	6831	6850	1426
7117	7119	7154	1426
7440	7442	7391	1426
7982	8018	7996	1426
8312	8236	8254	1426
8560	8541	8597	1426
9118	9063	9125	1426
9344	9365	9361	1426
9683	9611	9632	1426
10184	10178	10157	1426
10496	10436	10480	1426
10681	10713	10711	1426
11297	11298	11325	1426
11556	11554	11566	1426
11884	11851	11868	1426
12420	12393	12380	1426
12720	12713	12750	1426
12955	12937	12974	1426
13294	13280	13271	1426
13790	13796	13798	1426
14118	14087	14129	1426
14316	14317	14372	1426
14871	14867	14950	1426
15177	15162	15140	1426
15436	15446	15489	1426
16027	16023	15989	1426
16268	16237	16297	1426
16555	16555	16519	1426
17090	17072	17105	1426
17400	17396	17367	1426
17655	17637	17679	1426
17943	18007	17961	1426
18553	18576	18570	1426
18830	18851	18852	1425
19137	19095	19133	1426
19693	19661	19645	1426
19934	19941	19948	1426
20220	20246	20241	1426
20553	20482	20516	1426
21073	21062	21043	1426
21364	21339	21390	1426
21573	21609	21629	1426
22206	22199	22247	1426
22453	22470	22459	1426
22782	22773	22793	1425
23340	23326	23280	1425
23574	23588	23640	1425
23853	23827	23824	1425
24371	24358	24403	1425
24697	24656	24632	1425
24928	24954	24984	1426
25495	25509	25505	1425
25746	25735	25780	1425
26074	26022	26000	1425
26298	26321	26346	1426
26876	26898	26874	1425
27123	27079	27143	1425
27447	27416	27373	1425
27986	27946	27959	1425
28258	28243	28269	1425
28520	28493	28532	1425
29059	29056	29114	1425
29326	29347	29341	1425
29643	29640	29642	1425
30184	30222	30180	1425
30497	30471	30512	1425
30709	30724	30731	1425
31058	31067	31036	1425
31577	31609	31601	1425
31936	31923	31912	1425
32192	32174	32205	1425
32775	32749	32771	1425
33001	33018	33039	1425
33352	33337	33298	1425
33646	33648	33659	1426
34226	34192	34177	1425
34448	34471	34486	1425
34765	34729	34704	1425
35258	35228	35257	1426
35568	35576	35538	1425
35793	35830	35840	1425
36356	36407	36399	1425
36628	36647	36693	1426
37001	36977	36952	1425
37248	37285	37310	1425
37831	37843	37822	1425
38080	38095	38126	1425
38385	38376	38350	1425
38911	38931	38935	1425
39206	39183	39186	1425
39455	39478	39493	1425
39985	40003	40058	1425
40292	40305	40287	1425
40565	40539	40572	1425
41116	41107	41079	1425
41356	41357	41415	1426
41625	41648	41630	1426
42204	42229	42223	1425
42474	42514	42504	1425
42793	42776	42802	1426
43018	43041	43047	1425
43650	43656	43687	1425
43902	43920	43955	1426
44246	44245	44225	1426
44740	44774	44768	1425
45059	45032	45080	1426
45290	45329	45387	1425
45864	45859	45918	1426
46141	46185	46216	1425
46467	46444	46454	1426
46680	46733	46781	1426
47258	47269	47318	1425
47552	47584	47619	1425
47886	47883	47859	1425
48138	48154	48203	1426
48691	48683	48727	1425
48954	49009	48998	1425
49293	49301	49266	1426
49800	49845	49821	1425
50092	50091	50110	1426
50329	50371	50378	1426
50934	50932	50973	1425
51158	51190	51192	1425
51489	51492	51497	1425
52020	52048	52009	1425
52305	52313	52356	1426
52532	52551	52577	1426
53071	53095	53142	1426
53377	53396	53382	1426
53649	53667	53711	1425
54207	54232	54219	1426
54453	54461	54530	1426
54754	54782	54771	1426
55282	55277	55344	1426
55601	55629	55588	1426
55831	55857	55907	1425
56150	56166	56145	1426
56683	56725	56740	1426
57003	57000	56976	1426
57229	57260	57289	1426
57846	57860	57844	1425
58114	58131	58171	1426
58399	58412	58394	1426
58930	58951	59009	1426
59240	59259	59223	1426
59485	59495	59538	1426
59777	59821	59805	1425
60320	60367	60387	1425
60648	60654	60622	1426
60890	60882	60952	1426
61468	61433	61486	1426
61749	61774	61816	1425
62033	62082	62045	1426
62533	62594	62594	1426
62882	62846	62862	1426
63125	63139	63182	1426
63407	63443	63418	1425
63955	63990	64021	1425
64294	64305	64251	1426
64544	64551	64606	1425
65102	65112	65120	1425
65334	65364	65414	1425
65894	65915	65975	1426
66167	66220	66219	1425
66438	66454	66469	1425
67021	67016	66979	1425
67261	67283	67342	1425
67545	67551	67583	1426
68080	68107	68157	1426
68390	68385	68367	1425
68619	68643	68712	1426
68977	69008	69028	1425
69520	69524	69595	1426
69802	69826	69832	1426
70056	70059	70120	1426
70661	70661	70654	1426
70901	70916	70966	1426
71154	71191	71195	1425
71749	71766	71782	1426
72029	72051	72041	1425
72297	72320	72348	1425
72573	72591	72613	1425
73126	73134	73169	1426
73413	73474	73444	1425
73703	73679	73743	1426
74272	74257	74265	1426
74533	74556	74594	1426
74803	74815	74865	1426
75340	75351	75433	1426
75674	75669	75644	1425
75919	75939	75988	1426
76474	76482	76493	1426
76718	76748	76813	1426
77045	77060	77016	1426
77548	77577	77595	1426
77841	77828	77853	1426
78121	78166	78202	1426
78682	78709	78763	1426
78946	78939	79008	1426
79273	79252	79263	1425
79524	79531	79583	1425
80178	80142	80164	1426
80418	80434	80470	1426
80697	80711	80704	1425
81226	81230	81247	1426
81549	81546	81557	1426
81790	81787	81849	1426
82070	82099	82081	1426
82612	82626	82649	1425
82913	82915	82922	1425
83188	83172	83243	1425
83754	83694	83782	1425
84009	84038	84066	1425
84331	84334	84351	1425
84855	84862	84924	1425
85164	85199	85171	1425
85424	85413	85513	1426
86023	85990	86038	1426
86243	86280	86336	1426
86582	86537	86543	1426
87078	87079	87115	1425
87383	87353	87395	1426
87617	87663	87705	1426
88186	88201	88243	1425
88460	88499	88519	1425
88763	88750	88770	1425
89008	89071	89043	1426
89549	89585	89540	1430
89846	89846	89718	1432
90008	90024	89890	1434
90507	90457	90150	1452
90642	90665	90330	1454
90867	90836	90529	1456
90882	90886	90555	1458
90884	90887	90556	1458
90884	90887	90557	1458
90885	90888	90558	1458
90886	90888	90558	1458
90886	90888	90559	1458
90887	90889	90559	1458
90887	90889	90559	1458
90887	90889	90560	1458
90887	90889	90560	1458
90888	90889	90560	1458
90888	90889	90560	1458
90888	90890	90560	1458
90888	90890	90560	1458
90888	90890	90560	1458
90888	90890	90560	1457
90889	90890	90560	1458
90889	90890	90560	1458
90889	90890	90560	1458
90888	90890	90560	1458
90889	90890	90560	1458
90889	90890	90560	1458
90889	90891	90560	1458
90889	90890	90560	1458
90889	90891	90560	1458
90889	90891	90560	1458
90889	90891	90561	1458
90889	90891	90560	1457
90889	90891	90561	1458
90889	90891	90561	1458
90889	90891	90561	1458
90889	90891	90561	1458
90889	90891	90561	1458
90889	90891	90561	1458
90889	90891	90561	1458
90889	90891	90561	1458
90889	90891	90561	1458
90889	90891	90561	1458
90890	90891	90561	1458
90889	90891	90561	1458
90890	90891	90561	1458
90890	90891	90561	1458
90890	90891	90561	1458
90890	90891	90561	1458
90890	90892	90561	1458
90890	90891	90561	1458
90890	90891	90561	1457
90890	90891	90561	1458
90890	90892	90561	1457
90890	90891	90561	1457
90890	90892	90561	1457
90890	90891	90561	1458
90890	90892	90561	1458
90890	90891	90561	1458
90890	90891	90561	1458
90890	90892	90561	1458
90890	90892	90561	1458
90890	90892	90561	1458
90890	90891	90561	1458
90890	90892	90561	1457
90890	90892	90561	1458
90890	90892	90561	1457
90890	90892	90561	1458
90890	90892	90561	1458
90890	90892	90561	1458
90890	90892	90561	1458
90890	90892	90561	1458
90890	90892	90561	1458
90890	90892	90561	1457
90890	90892	90561	1458
90890	90892	90561	1458
90890	90892	90561	1458
90890	90892	90561	1458
90890	90892	90561	1458
90890	90892	90561	1458
90890	90892	90561	1458
90891	90892	90561	1457
90890	90892	90561	1458
90890	90892	90561	1458
90890	90892	90561	1457
90890	90892	90561	1458
90890	90892	90562	1458
90891	90892	90561	1457
90890	90892	90561	1457
90890	90892	90561	1457
90890	90892	90561	1457
90890	90892	90561	1457
90891	90892	90561	1457
90891	90892	90561	1457
90891	90892	90561	1457
90891	90892	90562	1458
90891	90892	90562	1457
90890	90892	90561	1457
90891	90892	90562	1457
90891	90892	90561	1457
90891	90892	90561	1457
90891	90892	90561	1458
90891	90892	90561	1457
90891	90892	90562	1457
90891	90893	90562	1457
88716	89159	89096	1446
85826	85992	85930	1413
83008	83224	83188	1415
80112	80389	80360	1417
74128	74388	74383	1418
71400	71607	71623	1418
68493	68765	68680	1418
63068	63268	63347	1418
60011	60193	60247	1418
57336	57541	57460	1418
54437	54646	54618	1418
48625	48878	48848	1419
45931	46127	46113	1419
43191	43419	43405	1419
37560	37784	37742	1419
34667	34888	34861	1419
31695	32005	31941	1420
28852	29113	29099	1420
23429	23657	23647	1419
20405	20609	20646	1417
17714	17866	17953	1416
12254	12424	12553	1416
9593	9728	9805	1416
6921	6992	7051	1417
1479	1544	1586	1417
139	124	50	1418
-1000	-1000	-1000	-1000
141	129	59	1425
141	130	60	1426
141	130	60	1425
141	131	60	1425
141	130	61	1425
141	131	61	1492
141	131	61	1579
141	131	61	1747
141	130	61	1944
141	131	61	2260
141	131	61	2386
141	131	61	2532
141	131	61	2740
141	131	61	2836
141	131	61	2885
141	131	60	2827
141	131	61	2807
140	131	61	2804
141	131	61	2805
141	131	61	2805
140	131	61	2804
232	306	448	2805
829	852	809	2804
1039	1082	1050	2805
1405	1360	1367	2804
1962	2003	1917	2807
2286	2237	2310	2807
2485	2517	2537	2807
3113	3091	3159	2805
3381	3395	3354	2805
3674	3614	3666	2804
4251	4219	4161	2804
4473	4446	4516	2803
4747	4754	4711	2803
5055	5015	5030	2804
5621	5604	5566	2804
5908	5888	5919	2803
6188	6151	6185	2803
6716	6713	6755	2805
7030	6997	6965	2806
7273	7251	7294	2804
7859	7818	7801	2803
8097	8059	8094	2803
8390	8399	8346	2803
8664	8626	8676	2804
9241	9217	9191	2804
9497	9481	9480	2804
9734	9755	9715	2804
10280	10273	10255	2805
10595	10592	10549	2805
10855	10823	10826	2805
11412	11342	11403	2804
11619	11665	11629	2804
11948	11942	11907	2803
12470	12512	12480	2804
12804	12781	12784	2804
13041	13040	13037	2804
13636	13610	13634	2804
13855	13884	13898	2805
14240	14183	14167	2804
14722	14733	14686	2803
14985	14964	15006	2804
15246	15299	15250	2805
15577	15550	15528	2805
16106	16111	16079	2803
16410	16375	16391	2806
16652	16678	16673	2805
17194	17213	17224	2804
17475	17470	17461	2806
17817	17777	17779	2804
18049	18063	18062	2805
18646	18642	18651	2804
18885	18882	18902	2804
19234	19217	19180	2805
19751	19767	19707	2804
20006	19993	20029	2804
20264	20287	20264	2804
20820	20835	20846	2804
21098	21132	21072	2804
21375	21336	21395	2805
21956	21909	21915	2804
22205	22202	22229	2804
22446	22485	22457	2807
22992	23041	23039	2804
23331	23305	23284	2807
23589	23626	23655	2805
24151	24159	24163	2804
24378	24406	24425	2806
24713	24676	24643	2805
25219	25210	25211	2804
25492	25529	25510	2804
25739	25762	25779	2807
26342	26377	26387	2805
26622	26623	26638	2805
26946	26937	26900	2804
27188	27212	27224	2805
27758	27770	27789	2806
28046	28039	28038	2805
28346	28343	28310	2805
28865	28903	28870	2806
29179	29129	29193	2805
29413	29418	29419	2804
29979	29939	29999	2805
30200	30281	30225	2804
30601	30544	30570	2805
30836	30862	30828	2804
31403	31392	31408	2805
31620	31642	31645	2805
31950	31947	31928	2806
32456	32480	32448	2804
32745	32725	32761	2805
32999	33034	33039	2805
33631	33605	33645	2805
33856	33923	33886	2805
34215	34149	34171	2806
34425	34468	34456	2806
35017	34998	35035	2806
35255	35302	35280	2806
35619	35584	35562	2806
36128	36135	36119	2806
36393	36384	36421	2806
36630	36673	36682	2806
37224	37248	37281	2806
37517	37501	37514	2806
37813	37827	37809	2806
38089	38068	38121	2807
38651	38635	38695	2807
38930	38939	38936	2807
39233	39196	39189	2807
39756	39780	39716	2807
40021	39995	40057	2807
40286	40304	40298	2807
40874	40867	40883	2807
41131	41149	41116	2807
41423	41418	41443	2807
41959	41976	41944	2807
42217	42206	42226	2807
42462	42531	42471	2807
43043	43077	43065	2807
43353	43369	43317	2808
43627	43620	43663	2808
44198	44189	44195	2808
44420	44462	44471	2808
44732	44742	44724	2808
45244	45241	45275	2807
45527	45564	45560	2807
45794	45803	45850	2807
46356	46391	46418	2807
46626	46656	46696	2807
46961	46958	46931	2807
47186	47202	47253	2807
47751	47745	47799	2808
48021	48070	48080	2808
48320	48321	48316	2807
48847	48871	48876	2807
49165	49188	49184	2808
49399	49451	49453	2807
49964	50023	50021	2808
50249	50290	50327	2808
50608	50633	50575	2808
50832	50869	50930	2808
51402	51401	51458	2808
51623	51698	51691	2808
51977	51971	51953	2808
52482	52540	52528	2808
52764	52769	52836	2808
53021	53103	53094	2808
53616	53665	53699	2808
53871	53901	53938	2808
54168	54206	54212	2808
54730	54740	54725	2808
54968	55019	55067	2808
55254	55254	55299	2808
55761	55795	55855	2808
56129	56137	56106	2807
56344	56399	56450	2808
56654	56688	56689	2808
57209	57232	57285	2808
57507	57537	57533	2808
57733	57763	57818	2807
58338	58355	58346	2808
58609	58632	58688	2807
58879	58911	58932	2808
59417	59460	59500	2807
59743	59757	59752	2808
59995	60023	60073	2808
60254	60310	60340	2808
60836	60856	60924	2808
61124	61202	61167	2808
61402	61396	61467	2808
62014	62047	62020	2808
62296	62318	62361	2808
62520	62582	62610	2808
62870	62865	62870	2808
63402	63432	63430	2808
63663	63720	63740	2808
63947	63983	64031	2808
64551	64579	64639	2808
64825	64896	64888	2808
65144	65160	65159	2808
65688	65717	65689	2808
65945	65969	66019	2808
66208	66261	66281	2808
66502	66541	66523	2808
67072	67099	67120	2808
67331	67377	67385	2808
67608	67642	67685	2808
68148	68201	68237	2808
68439	68451	68488	2808
68676	68740	68761	2808
69271	69298	69291	2808
69549	69585	69633	2808
69818	69849	69874	2808
70378	70400	70440	2808
70675	70722	70697	2808
70987	70968	71044	2808
71216	71320	71303	2808
71854	71854	71906	2808
72077	72141	72141	2808
72416	72405	72416	2808
72952	72973	72951	2808
73208	73244	73282	2808
73468	73530	73543	2808
73838	73864	73834	2808
74078	74115	74177	2808
74720	74749	74727	2808
74966	75016	75057	2808
75267	75285	75315	2808
75831	75843	75902	2808
76131	76155	76133	2808
76346	76393	76449	2808
76924	76960	76967	2808
77214	77266	77282	2808
77512	77525	77529	2807
77752	77788	77823	2808
78386	78396	78394	2808
78618	78665	78731	2808
78890	78934	78957	2808
79418	79487	79514	2808
79761	79772	79778	2808
80033	80048	80121	2808
80305	80360	80384	2808
80872	80918	80956	2808
81162	81181	81176	2808
81428	81470	81516	2808
82012	82032	82021	2808
82244	82279	82358	2808
82532	82585	82570	2808
83062	83138	83168	2808
83393	83404	83394	2808
83641	83682	83737	2808
84176	84228	84246	2808
84441	84469	84533	2808
84760	84783	84756	2808
85295	85298	85356	2808
85563	85617	85600	2808
85830	85866	85943	2808
86421	86428	86496	2808
86670	86728	86756	2808
87009	87011	87004	2808
87237	87282	87320	2808
87829	87855	87869	2808
88084	88100	88158	2808
88409	88441	88417	2808
88952	89017	89000	2808
89248	89273	89297	2808
89512	89539	89564	2808
90046	90084	90112	2809
90313	90402	90382	2813
90526	90672	90570	2821
90735	90930	90776	2830
91151	91445	91054	2860
91319	91694	91240	2862
91529	91925	91411	2865
91701	92348	91712	2871
91704	92589	91715	2872
91707	92758	91715	2874
91723	93154	91716	2880
91734	93187	91716	2882
91739	93190	91716	2882
91744	93193	91716	2882
91745	93194	91717	2883
91746	93195	91716	2883
91747	93196	91717	2883
91748	93196	91716	2882
91748	93197	91716	2883
91750	93197	91716	2883
91749	93198	91717	2883
91750	93198	91717	2883
91750	93198	91717	2882
91751	93199	91717	2883
91751	93199	91717	2882
91751	93199	91717	2883
91752	93199	91717	2882
91752	93199	91717	2883
91752	93199	91717	2883
91752	93199	91717	2882
91752	93200	91717	2882
91752	93200	91717	2883
91752	93200	91717	2882
91753	93200	91717	2882
91753	93200	91717	2882
91753	93200	91717	2883
91753	93201	91717	2882
91753	93201	91717	2883
91753	93201	91717	2883
91753	93201	91717	2883
91754	93200	91717	2882
91754	93201	91717	2883
91754	93201	91717	2882
91754	93201	91717	2882
91754	93201	91717	2883
91754	93201	91717	2882
91755	93201	91717	2882
91754	93201	91717	2883
91755	93201	91717	2883
91755	93201	91717	2883
91755	93201	91717	2882
91755	93201	91717	2883
91755	93201	91717	2882
91755	93201	91717	2883
91755	93201	91717	2882
91755	93201	91717	2883
91755	93201	91717	2882
91755	93201	91717	2883
91755	93202	91717	2882
91756	93202	91717	2883
91755	93202	91717	2883
91756	93202	91717	2882
91755	93202	91717	2883
91755	93202	91717	2882
91756	93202	91717	2883
91756	93202	91717	2882
91755	93202	91717	2883
91756	93202	91718	2882
91756	93202	91717	2882
91756	93202	91717	2883
91756	93202	91717	2882
91756	93202	91717	2882
91756	93202	91718	2882
91756	93202	91717	2882
91756	93202	91717	2882
91756	93202	91717	2882
91756	93202	91717	2882
91756	93202	91717	2882
91756	93202	91717	2883
91756	93202	91717	2883
91756	93202	91717	2882
91756	93202	91717	2883
91756	93203	91717	2882
91756	93203	91718	2882
91756	93202	91717	2882
91756	93202	91717	2883
91756	93202	91717	2882
91756	93203	91718	2883
91757	93202	91717	2883
91756	93203	91717	2882
91757	93202	91717	2883
91757	93202	91717	2882
91756	93202	91717	2882
91756	93203	91717	2882
91757	93203	91717	2883
91756	93203	91717	2882
91756	93203	91717	2883
91757	93203	91717	2882
91756	93202	91717	2882
91757	93202	91717	2882
91757	93203	91717	2883
91756	93202	91717	2883
91757	93203	91717	2883
91756	93203	91717	2882
91756	93203	91717	2882
91757	93203	91718	2882
91756	93203	91717	2882
91757	93203	91717	2882
91757	93203	91717	2882
91757	93203	91718	2882
91756	93203	91717	2882
91757	93203	91717	2882
89838	91702	90323	2869
86938	88505	87111	2807
81403	83138	81725	2807
78568	80172	78763	2806
75490	77086	75727	2806
72782	74401	72983	2805
67123	68799	67392	2807
64250	65866	64477	2805
61522	63188	61772	2807
56065	57705	56338	2807
53345	54995	53588	2806
50535	52055	50710	2805
44881	46421	45141	2806
42179	43761	42462	2808
39461	40984	39715	2805
33873	35360	34135	2805
31080	32656	31424	2805
28392	29901	28686	2806
22948	24494	23218	2805
20025	21556	20377	2805
17355	18869	17615	2804
11871	13408	12188	2805
9267	10662	9476	2807
6330	7788	6554	2805
949	2397	1128	2805
114	105	50	2806
118	110	56	2810
118	112	57	2811
118	112	57	2810
-1000	-1000	-1000	-1000
118	113	58	2810
118	113	57	2809
118	113	57	2808
118	113	57	2807
117	113	58	2808
118	113	58	2807
118	113	58	2986
118	113	58	3170
118	113	58	3370
118	113	58	3662
118	113	58	3783
118	113	57	3922
118	113	57	4012
117	113	57	4222
118	113	57	4297
117	113	57	4293
117	113	57	4200
117	113	57	4201
118	113	57	4201
118	113	57	4200
117	113	57	4200
135	116	74	4201
789	841	762	4199
1067	1055	1078	4199
1288	1288	1301	4201
1907	1881	1889	4200
2140	2126	2160	4201
2411	2430	2390	4201
2726	2673	2757	4203
3318	3245	3257	4200
3531	3538	3549	4199
3822	3810	3792	4201
4370	4359	4388	4200
4688	4661	4614	4199
4921	4925	4938	4201
5513	5484	5470	4200
5747	5739	5760	4200
6070	6038	5990	4200
6570	6562	6546	4200
6863	6828	6844	4202
7117	7125	7097	4203
7652	7634	7654	4201
7922	7987	7889	4201
8263	8189	8212	4199
8792	8768	8718	4200
9073	9048	9059	4201
9289	9309	9290	4204
9689	9638	9620	4203
10189	10182	10136	4199
10505	10464	10459	4199
10701	10720	10701	4199
11295	11265	11272	4200
11544	11568	11492	4201
11852	11806	11816	4202
12420	12394	12339	4200
12705	12682	12695	4201
12970	12969	12913	4200
13294	13239	13245	4200
13803	13796	13762	4200
14095	14066	14088	4200
14343	14324	14329	4200
14929	14925	14938	4201
15221	15179	15150	4201
15542	15511	15506	4200
15788	15746	15773	4200
16353	16327	16355	4199
16615	16609	16570	4201
16922	16872	16864	4201
17449	17453	17375	4200
17722	17670	17685	4200
17964	17987	17923	4201
18520	18559	18480	4201
18811	18783	18744	4199
19077	19072	19051	4200
19661	19628	19605	4200
19893	19877	19857	4199
20185	20208	20152	4198
20706	20736	20693	4199
21032	20987	20998	4200
21262	21251	21246	4202
21848	21772	21843	4199
22067	22125	22077	4197
22410	22378	22375	4200
22902	22923	22901	4200
23249	23242	23223	4199
23465	23463	23508	4200
24036	24039	24091	4201
24326	24397	24324	4201
24670	24599	24600	4199
24895	24921	24927	4200
25460	25478	25477	4200
25721	25714	25748	4201
26060	26019	25976	4200
26558	26608	26541	4199
26845	26818	26859	4200
27102	27113	27124	4201
27652	27667	27677	4200
27957	27954	27938	4200
28232	28206	28249	4200
28466	28496	28507	4200
29066	29043	29138	4199
29347	29361	29342	4200
29670	29635	29644	4200
30190	30195	30157	4200
30468	30448	30497	4200
30768	30749	30765	4199
31076	31084	31037	4199
31579	31606	31554	4199
31885	31849	31886	4199
32427	32419	32378	4200
32680	32664	32703	4200
32931	32967	32919	4199
33483	33478	33482	4199
33795	33789	33743	4200
34068	34054	34064	4200
34310	34320	34307	4200
34902	34900	34911	4199
35205	35208	35116	4200
35470	35456	35486	4200
36046	35999	36015	4201
36264	36307	36273	4200
36576	36590	36586	4200
37105	37110	37151	4199
37430	37438	37398	4200
37707	37721	37750	4200
37979	38002	38008	4200
38546	38581	38578	4201
38845	38836	38821	4199
39118	39129	39148	4198
39721	39716	39660	4200
39947	39952	40000	4200
40242	40317	40215	4199
40745	40796	40769	4200
41088	41056	41040	4201
41327	41340	41373	4200
41597	41603	41581	4200
42134	42131	42163	4200
42450	42463	42414	4199
42730	42708	42751	4199
43291	43220	43273	4199
43519	43551	43537	4200
43824	43773	43768	4199
44337	44323	44323	4199
44621	44609	44632	4200
45186	45149	45119	4199
45412	45441	45472	4200
45695	45667	45671	4199
46001	46025	46002	4199
46563	46559	46515	4199
46783	46820	46855	4200
47076	47086	47113	4199
47654	47660	47712	4200
47946	47975	47939	4200
48189	48210	48256	4201
48496	48520	48524	4200
49037	49053	49082	4200
49320	49342	49312	4200
49570	49590	49630	4200
50164	50192	50143	4200
50408	50408	50448	4201
50659	50742	50674	4200
51194	51244	51245	4199
51533	51531	51519	4199
51763	51793	51798	4201
52356	52342	52379	4200
52550	52597	52596	4201
52890	52889	52871	4200
53410	53504	53467	4200
53745	53741	53757	4199
53988	54034	54016	4199
54285	54340	54303	4200
54822	54886	54896	4201
55178	55205	55151	4201
55398	55436	55446	4201
55997	56028	56003	4200
56248	56309	56317	4199
56582	56621	56546	4199
57091	57165	57128	4200
57378	57390	57369	4200
57653	57716	57716	4199
57959	57970	57934	4200
58545	58581	58584	4201
58852	58874	58810	4199
59091	59131	59162	4198
59406	59446	59439	4200
59972	59979	59995	4199
60229	60344	60232	4199
60533	60513	60568	4199
61101	61121	61081	4200
61369	61376	61408	4199
61629	61690	61640	4199
62201	62216	62202	4200
62472	62532	62457	4199
62754	62765	62779	4200
63348	63354	63317	4198
63565	63596	63586	4198
63844	63915	63828	4200
64143	64163	64162	4200
64737	64772	64694	4200
64981	65004	65000	4199
65243	65316	65251	4200
65762	65867	65817	4199
66101	66118	66043	4200
66330	66386	66350	4199
66874	66920	66895	4199
67148	67205	67208	4199
67474	67487	67417	4200
67999	68020	68000	4200
68272	68305	68278	4200
68529	68592	68570	4200
69079	69117	69125	4200
69350	69396	69361	4200
69635	69669	69654	4200
70212	70264	70181	4199
70448	70482	70491	4199
70713	70779	70737	4199
71267	71349	71301	4199
71583	71630	71579	4199
71893	71904	71905	4199
72107	72188	72155	4199
72724	72759	72742	4199
72988	73016	72980	4202
73270	73304	73286	4200
73824	73863	73777	4199
74105	74133	74146	4199
74366	74452	74393	4199
74678	74715	74671	4202
75239	75253	75201	4200
75502	75573	75564	4199
75809	75840	75842	4200
76335	76391	76396	4200
76633	76675	76621	4200
76906	76952	76942	4199
77464	77520	77439	4200
77715	77755	77783	4200
78007	78075	78032	4199
78281	78321	78313	4201
78869	78891	78840	4199
79128	79163	79193	4198
79392	79453	79429	4199
79985	80046	80019	4199
80249	80294	80278	4199
80521	80592	80574	4200
80785	80836	80829	4201
81373	81427	81428	4201
81639	81703	81684	4201
81969	82006	81982	4200
82508	82574	82515	4200
82788	82836	82854	4199
83025	83115	83114	4200
83381	83423	83365	4199
83898	83985	83950	4200
84188	84255	84240	4199
84444	84504	84522	4201
84990	85065	85101	4200
85315	85380	85369	4200
85613	85676	85633	4200
86165	86198	86157	4199
86422	86487	86487	4199
86676	86726	86750	4199
87211	87285	87303	4200
87519	87583	87521	4200
87761	87829	87834	4201
88316	88403	88339	4200
88565	88658	88665	4200
88885	88947	88855	4200
89413	89472	89450	4200
89672	89751	89714	4201
89948	90046	90023	4200
90481	90592	90557	4199
90775	90874	90848	4199
91048	91183	91079	4200
91264	91422	91318	4200
91679	91979	91720	4229
91810	92263	91883	4235
91836	92573	92041	4237
91836	93081	92410	4241
91836	93314	92647	4242
91837	93552	92887	4242
91836	93996	92991	4247
91836	94175	92992	4247
91836	94361	92992	4248
91837	94591	92993	4250
91837	94595	92993	4251
91837	94597	92993	4250
91837	94600	92993	4250
91837	94602	92994	4251
91837	94604	92994	4250
91837	94606	92994	4251
91837	94607	92994	4251
91837	94607	92994	4251
91837	94609	92994	4250
91837	94609	92994	4250
91837	94610	92994	4251
91837	94611	92994	4250
91837	94611	92994	4250
91837	94612	92994	4249
91837	94612	92994	4250
91837	94613	92994	4250
91837	94613	92994	4250
91837	94613	92995	4249
91837	94613	92995	4249
91837	94614	92995	4249
91837	94614	92995	4250
91837	94614	92995	4250
91837	94615	92995	4249
91837	94615	92994	4250
91837	94615	92995	4250
91837	94615	92995	4250
91837	94615	92995	4249
91838	94615	92995	4250
91837	94615	92995	4250
91837	94616	92995	4250
91837	94616	92995	4249
91837	94616	92995	4250
91837	94616	92995	4250
91837	94617	92995	4250
91837	94616	92995	4250
91837	94617	92995	4249
91837	94617	92995	4250
91837	94617	92995	4249
91838	94617	92995	4250
91837	94617	92995	4250
91837	94617	92995	4249
91837	94617	92995	4250
91838	94618	92995	4250
91837	94617	92996	4250
91837	94617	92995	4250
91837	94618	92995	4249
91838	94617	92995	4250
91838	94618	92995	4250
91838	94618	92995	4250
91837	94618	92995	4249
91838	94618	92995	4250
91837	94618	92995	4250
91838	94618	92995	4250
91838	94618	92995	4250
91838	94618	92995	4249
91837	94618	92995	4250
91838	94618	92996	4250
91838	94618	92996	4250
91838	94618	92996	4250
91838	94619	92996	4249
91837	94618	92995	4249
91838	94618	92996	4250
91838	94619	92995	4250
91837	94619	92995	4249
91838	94619	92995	4249
91838	94619	92995	4250
91838	94619	92995	4250
91838	94619	92995	4250
91838	94619	92995	4250
91838	94619	92995	4250
91838	94619	92995	4250
91838	94619	92995	4249
91838	94619	92996	4249
91838	94619	92995	4249
91838	94619	92995	4249
91838	94619	92996	4250
91838	94619	92996	4250
91838	94619	92995	4250
91838	94619	92996	4250
91838	94619	92996	4249
91838	94619	92995	4249
91838	94619	92996	4250
91838	94620	92995	4250
91838	94620	92996	4250
91838	94619	92996	4249
91837	94620	92996	4249
91838	94620	92996	4250
91838	94619	92995	4250
91838	94619	92996	4250
91838	94620	92996	4250
91838	94620	92996	4250
91838	94620	92995	4249
91838	94619	92996	4250
91838	94620	92996	4250
91838	94620	92996	4250
91838	94620	92996	4250
91838	94620	92995	4249
91838	94620	92995	4250
91838	94620	92996	4249
91838	94620	92996	4249
89108	92324	90872	4227
86555	89350	87969	4207
80971	83918	82429	4205
77875	80770	79362	4203
75180	78099	76622	4201
69922	72813	71393	4202
67223	70091	68656	4202
64185	67046	65608	4202
61446	64281	62866	4201
55787	58703	57247	4201
53061	56000	54575	4201
50367	53266	51780	4201
44552	47464	46020	4201
41628	44648	43114	4201
38928	41890	40392	4201
35976	39017	37470	4201
30381	33412	31842	4201
27826	30865	29330	4201
25124	28095	26594	4200
19328	22318	20770	4201
16676	19568	18047	4201
13819	16698	15165	4201
8223	11123	9583	4202
5498	8395	6825	4201
2375	5272	3712	4202
108	2440	998	4206
119	128	48	4205
118	129	49	4203
118	129	48	4201
-1000	-1000	-1000	-1000
118	129	49	4201
118	129	49	4202
118	129	49	4201
118	129	49	4202
118	129	49	4201
118	129	49	4201
118	129	49	4383
118	129	49	4549
118	129	50	4756
118	129	50	5047
118	129	50	5158
118	129	49	5298
118	129	49	5488
118	129	49	5582
118	129	49	5652
118	129	49	5613
118	129	49	5584
118	129	50	5580
118	129	49	5580
118	128	49	5580
118	129	49	5580
140	136	63	5580
790	848	727	5580
1050	1022	1082	5580
1282	1267	1268	5580
1881	1844	1899	5580
2131	2108	2131	5580
2400	2422	2379	5580
2924	3000	2933	5580
3303	3188	3252	5580
3487	3496	3496	5580
4080	4044	4090	5580
4325	4306	4317	5580
4647	4574	4595	5580
5143	5142	5127	5580
5452	5393	5448	5581
5692	5682	5713	5581
6247	6207	6263	5580
6543	6524	6499	5580
6793	6760	6822	5580
7072	7129	7085	5580
7641	7628	7663	5580
7915	7911	7902	5580
8238	8173	8214	5580
8791	8775	8739	5580
9070	9042	9083	5580
9293	9304	9315	5580
9675	9617	9620	5580
10187	10220	10163	5580
10539	10441	10505	5580
10731	10749	10744	5580
11358	11322	11377	5580
11591	11590	11593	5580
11915	11866	11872	5580
12144	12141	12160	5580
12732	12728	12759	5581
13010	12968	12993	5580
13318	13326	13273	5580
13812	13853	13820	5580
14160	14067	14136	5580
14393	14383	14408	5580
14949	14936	14997	5580
15240	15220	15216	5580
15508	15474	15504	5580
16074	16026	16008	5580
16311	16313	16338	5580
16593	16568	16560	5580
17139	17118	17148	5580
17441	17419	17383	5580
17684	17667	17707	5580
18278	18223	18249	5580
18514	18521	18510	5579
18807	18849	18786	5580
19084	19059	19102	5580
19711	19710	19658	5580
19941	19935	19957	5580
20225	20267	20226	5580
20769	20791	20791	5580
21075	21087	21047	5580
21350	21317	21380	5580
21561	21632	21610	5580
22186	22193	22226	5580
22443	22498	22453	5580
22801	22757	22797	5580
23049	23064	23088	5580
23688	23706	23712	5580
23943	23946	23980	5580
24249	24244	24213	5580
24759	24765	24751	5580
25066	25053	25058	5580
25339	25361	25370	5580
25634	25627	25603	5580
26140	26185	26167	5580
26475	26426	26445	5580
26697	26738	26734	5580
27242	27265	27296	5580
27525	27536	27533	5580
28093	28103	28097	5580
28373	28373	28374	5580
28625	28631	28680	5580
28897	28908	28922	5580
29486	29481	29537	5580
29739	29775	29774	5580
30063	30022	30060	5580
30619	30611	30588	5580
30864	30857	30901	5580
31105	31169	31148	5580
31505	31436	31472	5580
32008	32032	32021	5580
32319	32305	32344	5580
32545	32570	32613	5580
33124	33144	33182	5580
33400	33421	33423	5580
33698	33688	33706	5580
34272	34266	34243	5580
34511	34519	34568	5580
34821	34815	34828	5580
35131	35106	35083	5580
35663	35652	35620	5580
35896	35907	35959	5580
36188	36201	36204	5580
36761	36782	36828	5580
37051	37055	37053	5580
37303	37326	37356	5580
37887	37878	37859	5580
38130	38154	38199	5580
38430	38424	38438	5580
38968	38975	38996	5580
39265	39244	39241	5580
39502	39526	39565	5580
40092	40091	40107	5580
40342	40323	40375	5580
40638	40654	40607	5580
41142	41174	41160	5580
41448	41428	41467	5580
41687	41686	41703	5580
41976	42005	41978	5580
42493	42561	42532	5580
42849	42796	42829	5580
43128	43150	43172	5580
43396	43425	43444	5580
43956	43982	44007	5580
44285	44287	44270	5580
44782	44793	44827	5580
45083	45049	45088	5580
45319	45335	45392	5580
45642	45625	45597	5580
46156	46168	46203	5580
46476	46438	46457	5580
46710	46756	46790	5580
47268	47301	47327	5580
47537	47534	47617	5579
47851	47833	47831	5580
48419	48412	48424	5580
48678	48676	48717	5580
48935	48933	48986	5580
49288	49271	49239	5580
49801	49838	49813	5580
50092	50040	50113	5580
50325	50344	50371	5580
50920	50884	50970	5580
51141	51202	51190	5580
51488	51423	51504	5580
52009	52004	51994	5580
52276	52258	52340	5580
52509	52542	52556	5580
53085	53112	53169	5580
53394	53394	53432	5580
53677	53674	53750	5580
54240	54220	54256	5580
54473	54474	54557	5580
54770	54787	54826	5580
55314	55283	55370	5580
55653	55656	55643	5580
55854	55859	55944	5580
56182	56170	56207	5580
56695	56719	56757	5580
57004	56989	56992	5580
57249	57271	57329	5580
57853	57855	57873	5580
58124	58122	58205	5580
58411	58416	58457	5580
58932	58943	59020	5580
59253	59239	59249	5580
59496	59484	59566	5580
59779	59838	59860	5580
60347	60382	60439	5579
60658	60661	60655	5580
60911	60898	60985	5579
61470	61417	61485	5580
61726	61778	61805	5580
62020	62027	62028	5580
62529	62564	62620	5580
62897	62881	62885	5580
63147	63145	63223	5580
63438	63487	63477	5580
64006	64031	64081	5580
64315	64307	64303	5580
64559	64585	64633	5580
65148	65141	65158	5580
65381	65404	65463	5580
65696	65696	65719	5580
65972	65983	66019	5580
66559	66559	66565	5580
66815	66825	66892	5580
67097	67089	67151	5580
67392	67402	67409	5580
67990	67981	68043	5580
68268	68269	68303	5580
68525	68538	68627	5580
69098	69098	69186	5580
69356	69392	69435	5580
69664	69641	69697	5580
70244	70265	70273	5580
70491	70481	70578	5580
70733	70788	70819	5580
71326	71336	71422	5580
71596	71622	71652	5580
71929	71873	71955	5579
72468	72422	72466	5580
72710	72714	72804	5580
72971	72996	73033	5580
73252	73231	73303	5580
73847	73828	73854	5580
74112	74125	74204	5580
74381	74390	74444	5580
74928	74946	74999	5580
75235	75184	75238	5580
75498	75497	75582	5580
76073	76046	76081	5580
76298	76317	76373	5580
76614	76582	76604	5580
77141	77113	77197	5580
77428	77440	77437	5580
77691	77690	77784	5580
78238	78255	78311	5580
78501	78480	78567	5580
78802	78808	78819	5580
79348	79355	79394	5580
79622	79603	79674	5580
79866	79890	79947	5580
80204	80209	80208	5580
80741	80780	80812	5580
81055	81049	81091	5580
81312	81298	81368	5580
81870	81855	81954	5580
82139	82199	82230	5580
82447	82434	82456	5580
82963	82993	83018	5580
83263	83243	83313	5580
83502	83541	83607	5580
83837	83818	83837	5580
84366	84395	84453	5580
84675	84658	84696	5579
84905	84937	85023	5580
85498	85519	85584	5580
85773	85809	85880	5580
86139	86089	86100	5580
86356	86392	86466	5580
86908	86912	86956	5580
87115	87169	87255	5580
87481	87421	87459	5580
87994	87987	88053	5579
88244	88303	88321	5580
88529	88548	88626	5580
89090	89139	89207	5580
89400	89386	89433	5580
89632	89645	89714	5580
90225	90203	90238	5580
90456	90480	90561	5580
90729	90767	90797	5580
91231	91288	91340	5580
91558	91567	91568	5580
91784	91826	91890	5580
92305	92379	92376	5580
92488	92662	92554	5583
92702	92991	92788	5605
92936	93518	93109	5614
92936	93777	93289	5615
92935	94034	93525	5615
92936	94570	93878	5614
92936	94760	94157	5614
92936	94984	94158	5614
92936	95420	94158	5614
92936	95587	94158	5617
92936	95646	94158	5620
92936	95649	94158	5619
92936	95650	94158	5619
92936	95651	94158	5619
92936	95652	94158	5619
92936	95652	94158	5619
92936	95653	94159	5619
92936	95653	94159	5619
92936	95654	94158	5619
92936	95654	94158	5619
92936	95654	94158	5619
92936	95655	94158	5618
92936	95655	94159	5618
92936	95655	94159	5618
92936	95655	94159	5618
92936	95656	94159	5618
92936	95656	94159	5618
92936	95656	94159	5618
92936	95656	94158	5619
92936	95656	94159	5618
92936	95657	94159	5618
92936	95656	94159	5618
92936	95657	94159	5618
92936	95657	94159	5618
92936	95657	94159	5618
92936	95657	94159	5618
92936	95657	94159	5618
92936	95657	94159	5618
92936	95657	94159	5618
92936	95657	94159	5618
92936	95657	94159	5618
92936	95657	94159	5618
92936	95658	94159	5618
92936	95657	94159	5618
92936	95658	94159	5618
92936	95658	94159	5618
92936	95658	94159	5618
92936	95658	94159	5618
92936	95658	94159	5618
92936	95658	94159	5618
92936	95658	94159	5618
92936	95659	94159	5618
92936	95658	94159	5618
92936	95658	94159	5618
92936	95658	94159	5618
92936	95659	94159	5618
92936	95659	94159	5618
92936	95659	94159	5618
92936	95659	94159	5618
92936	95659	94159	5618
92937	95659	94159	5618
92936	95659	94159	5618
92936	95659	94159	5618
92936	95659	94159	5618
92936	95659	94159	5618
92936	95659	94159	5617
92936	95659	94159	5618
92936	95659	94159	5618
92936	95659	94159	5618
92936	95659	94159	5617
92936	95659	94160	5618
92936	95659	94159	5618
92936	95659	94159	5618
92936	95659	94159	5618
92936	95659	94159	5618
92936	95659	94159	5617
92936	95659	94159	5618
92936	95659	94159	5618
92936	95659	94159	5617
92936	95660	94159	5617
92936	95659	94159	5618
92936	95660	94159	5618
92936	95660	94159	5618
92936	95660	94159	5618
92936	95660	94159	5618
92936	95660	94159	5618
92936	95660	94159	5618
92936	95660	94159	5617
92936	95660	94159	5618
92936	95660	94159	5618
92936	95660	94159	5618
92936	95660	94159	5618
92936	95660	94159	5618
92936	95660	94159	5618
92936	95660	94159	5618
92936	95660	94159	5618
92936	95660	94159	5618
92936	95660	94159	5617
92936	95660	94160	5618
92936	95660	94159	5618
92936	95660	94159	5617
92936	95660	94159	5617
92936	95660	94159	5617
92936	95660	94159	5617
92936	95660	94159	5617
92936	95660	94159	5618
92936	95660	94160	5617
92936	95661	94159	5617
92936	95660	94159	5617
92936	95660	94159	5618
92936	95660	94159	5618
90446	93482	91854	5598
84548	87573	86040	5572
81874	84816	83297	5572
78448	81390	79895	5572
72638	75659	74042	5573
69978	72894	71324	5571
67042	70089	68477	5570
61436	64439	62815	5572
58727	61777	60138	5570
56017	58972	57428	5572
53081	56089	54543	5570
47492	50514	48894	5571
44566	47678	46055	5570
41883	44960	43431	5571
36411	39513	37920	5571
33328	36396	34855	5571
30453	33512	31905	5572
27793	30824	29180	5571
21778	24893	23248	5571
19062	22155	20434	5570
16331	19437	17746	5570
10929	14002	12312	5573
7795	10800	9127	5570
4957	7993	6346	5572
2054	5115	3452	5571
123	131	22	5570
124	138	25	5571
124	139	26	5570
124	138	27	5569
-1000	-1000	-1000	-1000
124	139	27	5571
124	139	27	5569
124	139	27	5571
124	138	27	5570
123	139	27	5570
123	138	28	5573
124	139	28	5732
123	138	28	5922
124	139	29	6128
123	139	29	6407
123	139	29	6532
123	138	28	6615
123	139	29	6899
123	138	28	7002
123	138	28	7055
123	138	28	6969
123	139	28	6947
123	138	28	6941
123	138	28	6940
123	139	29	6942
124	138	28	6942
263	240	534	6942
762	851	687	6942
1023	943	1097	6940
1560	1582	1561	6943
1860	1835	1914	6941
2114	2080	2069	6943
2399	2387	2396	6943
2920	2954	2922	6942
3285	3224	3256	6942
3487	3476	3489	6941
4067	4037	4078	6941
4322	4361	4296	6942
4628	4574	4594	6940
5159	5167	5123	6941
5493	5458	5477	6941
5742	5768	5761	6942
6067	6017	6317	6941
6570	6556	6552	6942
6906	6876	6858	6941
7154	7176	7184	6940
7682	7694	7732	6941
7963	7952	7954	6941
8294	8286	8236	6941
8816	8836	8762	6941
9067	9045	9099	6941
9308	9340	9314	6942
9901	9903	9897	6942
10167	10184	10141	6942
10482	10428	10472	6941
11047	10977	10977	6942
11280	11292	11281	6943
11534	11550	11517	6942
12043	12087	12082	6943
12414	12388	12347	6942
12666	12683	12663	6942
12940	12944	12943	6942
13490	13485	13504	6941
13789	13851	13779	6942
14136	14055	14120	6941
14692	14668	14627	6942
14909	14928	14968	6942
15195	15242	15169	6942
15725	15738	15737	6941
16023	16050	15992	6942
16265	16279	16316	6942
16811	16850	16864	6942
17097	17106	17109	6942
17393	17417	17375	6941
17911	17945	17912	6942
18204	18200	18223	6943
18435	18503	18465	6942
18780	18801	18745	6942
19319	19370	19356	6943
19647	19654	19619	6942
19884	19916	19885	6942
20461	20464	20483	6942
20696	20748	20715	6940
21030	21052	21018	6941
21521	21583	21523	6943
21798	21784	21834	6941
22059	22126	22100	6942
22641	22657	22680	6941
22890	22971	22909	6942
23195	23196	23214	6941
23767	23779	23710	6941
23985	24025	24067	6942
24281	24308	24250	6941
24788	24856	24841	6941
25107	25121	25072	6942
25348	25387	25404	6940
25910	25887	25943	6942
26146	26240	26216	6941
26501	26511	26467	6942
27017	27038	27025	6942
27263	27320	27313	6942
27561	27610	27589	6942
27874	27896	27867	6943
28393	28427	28408	6943
28654	28703	28697	6942
28924	28976	28977	6941
29490	29534	29559	6942
29753	29820	29804	6943
30117	30114	30087	6942
30654	30695	30653	6942
30942	30955	30970	6942
31168	31264	31217	6944
31509	31519	31461	6944
32020	32099	32035	6943
32303	32340	32350	6943
32534	32608	32611	6941
33112	33144	33187	6942
33390	33452	33396	6941
33665	33707	33710	6944
34251	34272	34234	6941
34488	34571	34572	6942
34787	34848	34848	6942
35303	35416	35400	6941
35652	35693	35633	6943
35867	35984	35962	6942
36470	36560	36502	6942
36719	36797	36817	6941
37022	37070	37057	6941
37564	37629	37646	6941
37843	37914	37874	6942
38088	38170	38196	6942
38415	38499	38453	6942
38952	39045	39030	6943
39266	39309	39260	6942
39501	39555	39590	6941
40071	40114	40110	6943
40339	40407	40393	6943
40649	40705	40651	6941
41167	41260	41247	6942
41502	41543	41489	6941
41736	41775	41791	6941
41996	42068	42036	6942
42550	42635	42625	6943
42891	42916	42862	6943
43126	43181	43182	6941
43720	43746	43730	6942
43958	44040	44029	6943
44289	44313	44280	6942
44778	44829	44844	6941
45092	45104	45105	6941
45317	45406	45426	6943
45691	45728	45719	6942
46196	46267	46290	6942
46546	46589	46524	6941
46768	46835	46864	6941
47314	47403	47357	6942
47581	47632	47688	6942
47896	47936	47881	6942
48438	48471	48493	6941
48742	48802	48763	6942
49004	49064	49083	6941
49312	49348	49306	6941
49885	49930	49922	6944
50182	50236	50176	6944
50438	50469	50481	6943
51007	51020	51020	6942
51264	51322	51318	6940
51549	51622	51572	6941
52061	52174	52142	6941
52423	52445	52419	6940
52641	52701	52712	6942
52916	52987	52942	6941
53447	53558	53529	6941
53786	53818	53799	6941
54044	54094	54106	6942
54648	54668	54660	6942
54880	54978	54976	6942
55221	55240	55227	6942
55467	55572	55548	6942
56100	56123	56066	6942
56294	56403	56402	6942
56632	56650	56623	6942
57163	57246	57226	6942
57473	57522	57452	6942
57694	57776	57788	6942
57993	58034	58029	6942
58554	58624	58626	6942
58855	58904	58847	6942
59086	59172	59185	6941
59656	59734	59689	6943
59900	59999	59974	6941
60201	60268	60222	6942
60713	60819	60790	6942
61068	61154	61091	6941
61306	61393	61405	6941
61881	61998	61949	6941
62126	62232	62210	6942
62461	62543	62464	6941
62956	63082	63027	6942
63283	63349	63325	6942
63520	63645	63591	6941
64091	64171	64159	6941
64345	64476	64413	6941
64640	64730	64681	6942
64901	65002	64969	6942
65479	65566	65546	6941
65743	65871	65814	6944
66071	66133	66065	6944
66605	66671	66665	6942
66881	66948	66908	6943
67123	67232	67223	6941
67677	67758	67760	6943
67983	68058	68044	6944
68237	68326	68290	6944
68822	68898	68822	6942
69059	69139	69156	6941
69352	69439	69404	6943
69888	69988	69971	6941
70202	70292	70202	6942
70439	70507	70525	6941
70708	70812	70771	6942
71287	71368	71360	6943
71591	71704	71613	6941
71875	71927	71924	6942
72439	72509	72417	6942
72664	72756	72740	6941
72957	73057	72966	6942
73464	73597	73537	6940
73788	73882	73794	6942
74059	74158	74144	6941
74343	74428	74372	6942
74864	75001	74972	6941
75198	75262	75194	6942
75729	75795	75766	6941
75975	76076	76032	6941
76260	76363	76356	6941
76592	76655	76581	6941
77096	77157	77162	6942
77353	77487	77414	6942
77629	77725	77732	6942
78190	78280	78294	6941
78463	78534	78525	6941
78748	78850	78801	6943
79336	79427	79351	6942
79570	79620	79663	6942
79844	79951	79918	6942
80134	80227	80174	6942
80762	80882	80856	6942
81087	81169	81103	6942
81357	81433	81434	6941
81617	81698	81672	6942
82131	82274	82239	6942
82469	82533	82476	6942
82711	82795	82805	6942
83287	83338	83329	6941
83515	83643	83625	6940
83847	83905	83860	6942
84350	84449	84427	6941
84647	84714	84681	6943
84895	85017	85024	6942
85493	85599	85570	6942
85747	85845	85857	6942
86112	86171	86075	6942
86325	86416	86456	6941
86955	87059	86963	6941
87168	87273	87286	6942
87743	87837	87829	6942
88026	88087	88082	6942
88305	88426	88341	6942
88566	88661	88668	6942
89121	89231	89236	6944
89437	89496	89481	6942
89752	89825	89767	6942
90286	90354	90332	6942
90562	90649	90616	6941
90830	90893	90888	6942
91141	91209	91167	6942
91654	91757	91717	6942
92016	92055	92023	6942
92279	92319	92321	6941
92791	92869	92822	6940
93049	93164	93144	6941
93319	93447	93314	6942
93757	93970	93753	6943
93920	94266	94005	6944
94108	94578	94152	6947
94179	95081	94562	6951
94179	95363	94650	6954
94179	95527	95088	6953
94179	95758	95174	6955
94179	96192	95326	6951
94179	96406	95327	6955
94179	96597	95327	6961
94179	96812	95328	6974
94179	96815	95328	6974
94179	96816	95328	6974
94179	96818	95328	6974
94179	96819	95329	6974
94179	96819	95329	6974
94180	96820	95329	6974
94180	96821	95329	6974
94180	96821	95329	6974
94179	96821	95329	6973
94179	96821	95329	6973
94180	96821	95329	6973
94180	96821	95329	6973
94179	96821	95329	6973
94180	96822	95329	6973
94180	96822	95329	6973
94180	96822	95329	6974
94180	96822	95329	6974
94180	96822	95329	6973
94180	96822	95329	6973
94180	96822	95329	6973
94180	96822	95329	6973
94180	96823	95329	6973
94179	96823	95329	6973
94180	96823	95329	6973
94180	96823	95329	6973
94180	96823	95329	6973
94180	96823	95329	6973
94180	96823	95329	6973
94180	96823	95329	6973
94179	96823	95329	6973
94180	96823	95329	6973
94180	96823	95329	6973
94180	96823	95329	6973
94180	96823	95329	6973
94180	96824	95329	6973
94180	96823	95329	6973
94180	96824	95329	6973
94180	96823	95329	6973
94180	96824	95329	6973
94180	96824	95329	6973
94180	96824	95329	6973
94180	96824	95329	6973
94180	96824	95329	6973
94180	96824	95329	6973
94180	96824	95329	6973
94180	96824	95329	6973
94180	96825	95329	6973
94180	96824	95329	6973
94180	96824	95329	6973
94180	96825	95330	6973
94180	96825	95329	6973
94180	96824	95329	6973
94180	96825	95329	6973
94180	96825	95329	6973
94180	96825	95330	6973
94180	96825	95330	6973
94180	96825	95329	6973
94180	96825	95329	6973
94180	96825	95329	6973
94180	96825	95329	6973
94180	96825	95330	6973
94180	96825	95330	6973
94180	96825	95330	6973
94180	96825	95329	6973
94180	96825	95329	6973
94180	96825	95329	6973
94180	96825	95330	6973
94180	96825	95330	6973
94180	96826	95329	6973
94180	96825	95329	6973
94180	96826	95329	6973
94180	96826	95330	6973
94180	96825	95329	6973
94180	96826	95329	6973
94180	96825	95330	6973
94180	96826	95329	6973
94180	96825	95329	6973
94180	96826	95329	6973
94180	96826	95329	6973
94180	96826	95330	6973
94180	96826	95329	6973
94180	96826	95329	6973
94180	96826	95329	6973
94180	96826	95329	6973
94180	96826	95329	6973
94180	96826	95329	6973
94180	96826	95329	6973
94180	96826	95330	6973
94180	96826	95330	6973
94180	96827	95329	6973
94180	96826	95329	6973
94180	96827	95329	6973
94180	96827	95329	6973
94180	96826	95329	6973
94180	96827	95329	6973
94180	96827	95329	6973
94180	96826	95330	6973
94181	96826	95329	6973
94180	96826	95329	6973
94180	96826	95329	6973
92092	95374	93703	6970
89195	92016	90790	6954
83615	86623	85116	6946
80888	83934	82416	6946
77999	81052	79471	6945
75120	78162	76645	6942
69653	72704	71223	6942
66959	69982	68483	6943
64210	67222	65734	6943
58441	61454	59981	6943
55808	58758	57234	6941
52836	55872	54316	6942
50203	53169	51587	6943
44513	47565	45959	6942
41835	44819	43253	6944
36401	39407	37877	6942
33657	36643	35175	6944
30938	33926	32371	6943
28023	30988	29528	6941
22418	25399	23920	6942
19696	22648	21159	6942
16784	19782	18302	6941
11138	14211	12660	6941
8096	11128	9629	6942
5355	8460	6876	6942
2655	5759	4205	6941
110	391	7	6940
111	117	13	6940
111	118	15	6942
-1000	-1000	-1000	-1000
111	118	16	6941
112	119	16	6941
112	119	17	6941
112	119	17	6941
