13	-2	-5	54
13	-1	-5	53
13	-1	-5	54
22	6	13	53
467	402	652	54
1007	1013	1052	54
1308	1283	1334	54
1579	1615	1590	54
2152	2138	2167	54
2415	2408	2390	54
2724	2663	2717	54
3318	3234	3240	54
3514	3495	3532	54
3815	3811	3760	54
4329	4327	4333	54
4635	4581	4581	54
4878	4844	4884	54
5444	5411	5446	54
5720	5705	5722	54
6047	5983	5973	54
6550	6526	6522	54
6833	6808	6835	54
7099	7107	7105	54
7433	7405	7369	54
7951	7956	7940	54
8256	8211	8225	54
8503	8498	8504	54
9074	9044	9077	54
9319	9335	9331	55
9679	9613	9628	54
10185	10192	10166	54
10493	10434	10483	55
10716	10732	10724	55
11047	10989	10979	54
11552	11561	11548	54
11881	11824	11859	54
12083	12088	12107	55
12733	12694	12746	55
12949	12956	12981	54
13285	13254	13264	55
13784	13805	13792	55
14139	14061	14124	55
14326	14354	14364	54
14906	14897	14956	54
15192	15181	15162	55
15453	15442	15501	54
15748	15712	15762	54
16289	16268	16323	54
16576	16567	16562	55
16850	16831	16870	55
17451	17441	17407	55
17700	17684	17720	55
17963	17969	17972	55
18522	18527	18516	54
18806	18798	18780	55
19083	19037	19083	55
19669	19619	19623	54
19893	19882	19888	55
20164	20193	20153	55
20681	20729	20713	55
21039	21027	21009	55
21298	21282	21280	55
21516	21584	21557	54
22088	22131	22121	55
22409	22405	22377	55
22666	22672	22693	55
23222	23214	23219	55
23457	23505	23532	55
23809	23810	23756	55
24300	24331	24353	55
24670	24632	24617	54
24890	24922	24954	55
25205	25216	25212	55
25738	25762	25784	55
26067	26053	26009	55
26290	26321	26346	54
26903	26914	26896	55
27155	27166	27193	55
27461	27453	27404	54
28012	27991	27983	55
28289	28288	28281	55
28553	28559	28579	55
28831	28853	28818	55
29400	29408	29417	55
29705	29722	29673	55
29975	29954	29981	55
30590	30549	30539	55
30793	30824	30798	55
31068	31116	31056	55
31581	31658	31631	55
31938	31938	31914	55
32163	32199	32187	55
32730	32729	32739	55
32946	33036	32985	55
33310	33315	33278	55
33556	33562	33543	55
34131	34117	34133	55
34349	34411	34376	55
34702	34693	34649	55
35203	35224	35161	55
35501	35517	35512	55
35736	35790	35756	55
36325	36369	36350	55
36589	36631	36609	55
36880	36898	36887	55
37462	37480	37419	55
37676	37740	37734	55
37981	38005	38013	55
38268	38294	38264	55
38858	38878	38843	55
39108	39136	39153	55
39360	39410	39403	55
39946	39973	40000	55
40221	40269	40209	55
40523	40540	40535	55
40782	40822	40794	55
41364	41377	41391	55
41584	41661	41606	55
41919	41942	41912	55
42439	42495	42400	55
42733	42753	42752	55
42974	43051	42998	55
43603	43631	43617	55
43836	43920	43858	55
44194	44218	44191	55
44413	44461	44437	55
45004	45022	45037	55
45230	45292	45276	55
45574	45568	45548	55
45856	45894	45890	55
46454	46471	46431	55
46696	46757	46736	55
47010	47032	46946	55
47543	47577	47578	55
47886	47883	47810	55
48094	48146	48123	55
48414	48427	48359	55
48968	49000	48978	55
49290	49300	49215	55
49781	49813	49743	55
50078	50102	50070	55
50345	50384	50346	55
50648	50702	50600	55
51153	51220	51151	55
51506	51504	51477	55
51751	51781	51735	55
52302	52324	52328	55
52545	52581	52543	55
52879	52913	52848	55
53393	53442	53366	55
53670	53702	53707	55
53928	53959	53923	55
54520	54531	54527	55
54789	54854	54782	55
55113	55121	55075	55
55370	55403	55376	55
55992	56002	55959	55
56221	56282	56229	55
56553	56563	56475	55
57063	57098	57026	54
57333	57368	57327	55
57612	57662	57592	55
58149	58188	58144	55
58442	58467	58403	55
58744	58754	58706	55
59305	59319	59227	55
59533	59570	59528	54
59822	59863	59794	55
60166	60167	60104	55
60673	60711	60616	55
60943	60957	60941	55
61186	61252	61179	55
61803	61823	61778	55
62039	62097	61995	55
62363	62355	62332	55
62595	62658	62602	55
63249	63237	63207	55
63462	63510	63448	55
63810	63810	63751	55
64324	64351	64260	55
64615	64639	64606	55
64854	64874	64835	55
65417	65440	65400	55
65687	65729	65626	55
65951	65970	65971	55
66516	66557	66476	55
66749	66792	66772	55
67051	67077	66980	55
67565	67588	67567	55
67866	67897	67829	55
68111	68148	68147	54
68637	68695	68699	55
68958	68982	68939	55
69274	69314	69226	55
69811	69851	69769	55
70084	70109	70107	55
70356	70390	70342	55
70907	70914	70876	55
71137	71225	71125	55
71483	71461	71452	55
71683	71758	71677	55
72335	72343	72287	55
72541	72644	72542	55
72898	72947	72867	55
73416	73495	73390	55
73791	73817	73742	55
74027	74092	74005	55
74328	74357	74272	55
74828	74870	74818	55
75184	75178	75122	55
75413	75459	75412	55
75949	75999	75958	55
76219	76248	76198	55
76760	76822	76760	55
77080	77094	76998	55
77322	77375	77334	55
77584	77632	77579	55
78164	78219	78173	55
78457	78459	78385	55
78707	78743	78720	55
79299	79287	79222	55
79520	79557	79524	55
79816	79850	79754	55
80324	80372	80321	55
80681	80717	80619	55
80931	80960	80916	55
81469	81485	81450	55
81692	81763	81681	55
82047	82085	81996	55
82554	82603	82556	55
82913	82924	82870	55
83178	83189	83155	55
83735	83723	83715	55
83963	83990	83948	55
84303	84321	84233	55
84547	84564	84542	55
85108	85120	85104	55
85349	85368	85329	55
85683	85698	85606	55
86202	86254	86172	55
86530	86515	86487	55
86768	86780	86754	54
87061	87082	86986	55
87605	87670	87597	55
87897	87942	87831	55
88137	88210	88119	55
88600	88762	88544	57
88814	89038	88719	61
89033	89345	88951	77
89314	89889	89196	87
89485	90251	89398	90
89575	90524	89676	92
89694	90796	89737	93
89697	91089	89738	93
89701	91670	89739	94
89702	91942	89739	94
89703	92231	89739	94
89704	92786	89739	94
89704	93070	89739	94
89705	93331	89740	93
89706	93594	89740	93
89708	94070	89740	94
89709	94292	89740	94
89715	94659	89740	99
89724	94844	89740	101
89749	95059	89739	103
89784	95251	89740	105
89812	95484	89739	108
89818	95487	89739	108
89821	95490	89739	109
89824	95493	89740	109
89825	95493	89739	109
89826	95494	89739	109
89827	95495	89739	109
89828	95496	89739	109
89828	95496	89740	110
89829	95497	89739	109
89829	95497	89739	109
89829	95497	89739	110
89829	95498	89739	109
89829	95498	89740	110
89830	95498	89740	110
89829	95498	89739	110
89830	95499	89739	110
89830	95499	89740	110
89830	95499	89740	109
89830	95499	89740	110
89831	95499	89740	109
89831	95499	89740	110
89831	95500	89740	110
89831	95500	89740	110
89831	95500	89740	110
89831	95500	89740	110
89831	95500	89740	110
89831	95500	89740	110
89831	95500	89740	110
89831	95501	89739	110
89832	95501	89740	110
89832	95501	89740	110
89832	95501	89740	110
89832	95502	89740	110
89832	95501	89740	110
89832	95501	89740	110
89832	95501	89740	110
89832	95502	89740	110
89832	95502	89740	110
89832	95502	89740	110
89832	95502	89740	110
89832	95502	89739	110
89832	95502	89740	110
89832	95502	89740	110
89832	95502	89740	110
89832	95502	89740	109
89832	95502	89740	110
89832	95502	89740	110
89832	95502	89740	110
89832	95502	89740	110
89832	95502	89740	110
89832	95502	89740	110
89832	95503	89740	110
89832	95503	89740	110
89832	95503	89740	110
89832	95503	89740	110
89832	95503	89740	109
89833	95503	89740	110
89833	95503	89740	110
89832	95503	89740	110
89832	95503	89740	110
89833	95503	89740	110
89832	95503	89740	110
89833	95503	89740	110
89832	95503	89740	110
89833	95503	89740	110
89832	95503	89740	110
89832	95503	89740	110
89832	95503	89740	109
89833	95504	89740	110
89832	95504	89740	110
89833	95503	89740	110
89832	95503	89740	110
89833	95504	89740	110
89833	95504	89740	110
89833	95503	89740	110
89833	95504	89740	110
89833	95504	89740	110
89833	95504	89740	110
89833	95504	89740	110
89833	95504	89740	110
89833	95504	89740	110
89833	95504	89740	110
89833	95504	89740	110
89833	95504	89740	110
89833	95504	89740	110
89833	95504	89740	110
89833	95504	89740	110
89833	95504	89740	110
89833	95505	89740	110
89833	95504	89740	110
89833	95505	89740	110
89833	95504	89740	110
89833	95504	89740	110
89833	95505	89740	110
89833	95504	89740	110
89833	95504	89740	110
89833	95505	89740	110
89833	95505	89740	110
89833	95505	89740	110
89833	95505	89740	110
87820	93946	88383	101
85049	90736	85123	75
82171	88041	82504	75
76779	82617	77092	71
74109	79933	74324	70
71349	77144	71619	70
65564	71417	65893	67
62876	68643	63128	67
60133	65976	60492	66
54618	60366	54805	66
51839	57617	52069	66
48728	54434	48939	65
45724	51423	45982	65
40051	45843	40320	64
37357	43104	37572	63
34647	40397	34891	61
31871	37659	32113	61
26140	31894	26397	60
23430	29139	23656	60
20507	26255	20799	60
14923	20651	15231	60
12276	18007	12539	60
9594	15228	9749	61
3749	9465	3941	60
1055	6759	1210	60
43	3967	28	59
49	82	37	60
49	86	38	60
50	86	38	60
-1000	-1000	-1000	-1000
50	86	38	60
52	86	38	60
52	86	38	60
52	87	38	60
52	87	38	60
52	87	38	60
52	86	38	115
52	86	38	190
52	86	38	486
52	86	38	705
52	86	39	820
52	87	38	1082
52	86	39	1188
52	87	38	1293
52	87	38	1430
52	87	38	1431
52	87	38	1415
53	86	38	1406
52	86	38	1406
52	87	38	1406
53	87	38	1405
67	93	57	1405
354	285	507	1405
987	997	1032	1405
1270	1324	1354	1405
1631	1667	1658	1404
1916	1928	1881	1404
2437	2472	2433	1404
2752	2709	2753	1404
2999	3041	3069	1404
3332	3318	3269	1404
3833	3866	3865	1404
4144	4117	4131	1404
4380	4401	4451	1404
4916	4938	4981	1404
5194	5214	5252	1405
5519	5491	5488	1404
6068	6042	6035	1404
6285	6321	6356	1404
6557	6572	6605	1404
7151	7176	7211	1404
7469	7468	7451	1404
7705	7709	7768	1404
8310	8303	8277	1404
8544	8566	8618	1404
8817	8842	8823	1404
9324	9358	9378	1404
9684	9661	9647	1403
9932	9928	9995	1404
10184	10219	10189	1403
10696	10748	10763	1403
11047	11023	11006	1403
11276	11289	11333	1403
11858	11849	11867	1403
12075	12113	12135	1403
12416	12406	12377	1403
12919	12932	12948	1404
13223	13212	13233	1403
13438	13467	13522	1403
14018	14022	14108	1404
14274	14294	14289	1403
14570	14560	14603	1403
15126	15110	15090	1404
15350	15371	15455	1404
15658	15657	15670	1404
16176	16183	16241	1403
16501	16493	16454	1404
16725	16749	16817	1404
17258	17285	17318	1404
17523	17556	17585	1403
17882	17884	17855	1404
18399	18460	18456	1403
18717	18713	18714	1403
18957	18975	19010	1403
19521	19532	19596	1403
19820	19849	19852	1403
20134	20147	20143	1403
20367	20379	20422	1403
20924	20943	20982	1403
21159	21194	21221	1403
21724	21737	21797	1403
21979	22064	22047	1403
22309	22297	22357	1403
22528	22595	22611	1403
23127	23177	23219	1403
23385	23450	23465	1403
23685	23726	23728	1403
24270	24308	24302	1403
24539	24578	24605	1403
24809	24891	24933	1403
25157	25176	25152	1403
25644	25701	25735	1403
25940	25938	25974	1403
26174	26275	26294	1403
26745	26817	26846	1403
27027	27071	27116	1403
27303	27354	27342	1403
27904	27924	27932	1403
28147	28187	28245	1404
28418	28474	28513	1403
28943	29009	29068	1403
29257	29298	29278	1404
29505	29548	29626	1403
30103	30137	30122	1403
30350	30409	30481	1403
30635	30704	30694	1403
30941	30964	31002	1404
31501	31520	31508	1403
31749	31815	31867	1403
32007	32075	32100	1403
32520	32608	32657	1403
32871	32913	32885	1403
33129	33175	33229	1403
33679	33698	33738	1403
33887	33991	34033	1403
34251	34292	34292	1403
34761	34809	34866	1403
35026	35113	35089	1403
35277	35349	35428	1403
35852	35924	35989	1404
36141	36199	36236	1403
36391	36475	36495	1403
36975	37021	37042	1403
37200	37279	37334	1403
37497	37538	37607	1403
38015	38080	38162	1403
38328	38375	38389	1403
38561	38627	38697	1403
39130	39198	39196	1404
39389	39464	39542	1403
39719	39757	39756	1403
40219	40277	40323	1403
40528	40581	40591	1403
40747	40832	40902	1403
41322	41384	41438	1403
41582	41672	41705	1403
41904	41947	41960	1403
42440	42504	42504	1403
42710	42750	42805	1403
42941	43026	43037	1403
43492	43575	43617	1403
43824	43872	43851	1403
44062	44113	44187	1403
44643	44699	44712	1403
44859	44951	45012	1403
45191	45248	45269	1403
45458	45507	45556	1403
46031	46096	46087	1403
46245	46342	46406	1403
46575	46644	46673	1403
47095	47188	47255	1403
47421	47483	47487	1403
47677	47752	47792	1403
47950	48031	48084	1403
48589	48654	48718	1404
48862	48926	48972	1404
49140	49216	49230	1403
49724	49783	49788	1403
49966	50037	50095	1403
50218	50309	50342	1403
50566	50616	50602	1403
51097	51162	51160	1403
51357	51412	51486	1403
51578	51715	51741	1403
52148	52251	52319	1403
52476	52539	52571	1403
52754	52834	52869	1403
53339	53376	53385	1403
53566	53650	53720	1403
53850	53913	53960	1403
54348	54452	54530	1403
54698	54762	54752	1403
54946	55017	55097	1403
55484	55588	55595	1403
55749	55824	55903	1403
56088	56126	56129	1403
56609	56649	56711	1403
56862	56968	56959	1403
57138	57236	57290	1403
57463	57525	57533	1403
58015	58069	58131	1403
58271	58385	58372	1403
58566	58638	58701	1403
59101	59194	59213	1403
59385	59485	59536	1403
59725	59795	59807	1403
59993	60056	60101	1403
60579	60644	60634	1403
60884	60933	61020	1403
61113	61230	61253	1403
61445	61503	61512	1403
62004	62079	62062	1403
62264	62316	62381	1403
62489	62602	62619	1403
63044	63159	63215	1403
63392	63446	63452	1403
63655	63731	63755	1403
64232	64285	64254	1403
64439	64549	64606	1403
64778	64824	64831	1403
65271	65361	65404	1403
65585	65661	65638	1403
65818	65927	65975	1403
66373	66497	66484	1403
66665	66756	66817	1403
66984	67055	67026	1403
67513	67566	67614	1403
67784	67912	67893	1403
68066	68161	68216	1403
68606	68704	68755	1403
68892	68971	69010	1403
69220	69329	69327	1403
69479	69589	69644	1403
70029	70155	70162	1403
70307	70416	70450	1403
70648	70738	70741	1403
71152	71302	71312	1403
71502	71578	71577	1403
71702	71830	71868	1403
72011	72118	72113	1403
72516	72667	72658	1403
72820	72955	72930	1403
73068	73187	73210	1403
73651	73753	73773	1403
73894	74040	74055	1403
74454	74570	74605	1403
74755	74847	74842	1403
75014	75105	75127	1403
75259	75401	75422	1403
75858	75976	76007	1403
76154	76232	76259	1403
76392	76515	76492	1403
77014	77098	77078	1403
77238	77374	77385	1403
77542	77636	77674	1403
77812	77961	77908	1403
78422	78489	78504	1403
78662	78806	78786	1403
78965	79089	79132	1403
79549	79625	79675	1403
79826	79936	79946	1403
80109	80223	80196	1403
80692	80792	80784	1402
80948	81060	81073	1403
81214	81323	81319	1402
81511	81625	81602	1402
82069	82181	82185	1403
82366	82487	82462	1403
82628	82747	82772	1403
83226	83298	83335	1402
83444	83593	83618	1402
83786	83882	83848	1402
84322	84419	84425	1403
84586	84695	84694	1403
84835	84969	85004	1403
85155	85248	85224	1403
85704	85781	85822	1402
85978	86068	86058	1402
86199	86356	86400	1403
86778	86882	86922	1402
87067	87144	87176	1403
87338	87405	87428	1403
87897	88008	87977	1403
88128	88251	88268	1402
88413	88502	88516	1402
88899	89101	89008	1401
89078	89377	89182	1403
89334	89626	89383	1417
89702	90190	89615	1426
89842	90467	89615	1426
90001	90743	89616	1425
90098	91280	89615	1424
90099	91563	89615	1424
90100	91820	89615	1424
90101	92412	89615	1423
90102	92692	89615	1424
90103	92969	89615	1423
90103	93494	89615	1423
90104	93760	89615	1423
90104	94019	89615	1423
90104	94579	89615	1423
90104	94870	89616	1423
90104	95106	89616	1423
90105	95642	89616	1422
90105	95904	89615	1422
90106	96116	89615	1422
90113	96580	89615	1429
90124	96750	89615	1431
90138	96908	89615	1435
90172	97174	89615	1441
90175	97175	89615	1442
90175	97176	89615	1442
90176	97177	89615	1442
90177	97178	89615	1443
90177	97178	89615	1443
90177	97179	89615	1443
90177	97180	89615	1443
90178	97181	89615	1443
90178	97182	89615	1443
90178	97182	89615	1443
90178	97182	89615	1443
90178	97182	89615	1443
90178	97183	89615	1443
90178	97183	89615	1443
90179	97184	89615	1443
90178	97184	89615	1443
90179	97184	89615	1443
90179	97185	89615	1443
90179	97185	89615	1443
90179	97186	89615	1443
90179	97186	89615	1443
90179	97186	89615	1443
90179	97186	89615	1443
90179	97186	89615	1443
90179	97186	89615	1443
90179	97187	89615	1443
90179	97187	89615	1443
90179	97187	89615	1443
90179	97187	89615	1443
90179	97187	89615	1443
90179	97187	89615	1443
90179	97187	89615	1443
90179	97188	89615	1444
90179	97188	89615	1443
90179	97188	89616	1443
90179	97188	89615	1443
90179	97188	89615	1443
90180	97189	89615	1443
90179	97188	89615	1443
90180	97188	89615	1443
90179	97189	89615	1443
90180	97189	89615	1443
90180	97189	89615	1443
90180	97189	89615	1443
90179	97189	89615	1443
90180	97189	89615	1443
90179	97189	89615	1443
90180	97189	89615	1443
90180	97189	89615	1443
90180	97189	89615	1443
90180	97189	89615	1443
90180	97190	89615	1443
90180	97190	89615	1443
90180	97189	89615	1443
90180	97190	89615	1443
90180	97190	89615	1443
90179	97190	89615	1443
90180	97190	89615	1443
90180	97190	89615	1443
90180	97190	89615	1443
90180	97190	89616	1443
90180	97190	89615	1443
90180	97190	89615	1443
90180	97190	89615	1443
90180	97191	89615	1443
90180	97191	89615	1443
90180	97191	89615	1443
90180	97191	89615	1443
90180	97191	89615	1443
90180	97191	89615	1443
90180	97191	89615	1443
90180	97191	89615	1443
90180	97191	89615	1443
90180	97191	89615	1443
90180	97191	89615	1443
90180	97191	89615	1443
90180	97191	89615	1443
90180	97192	89615	1443
90180	97191	89616	1443
90180	97191	89615	1443
90180	97191	89615	1443
90180	97192	89615	1443
90180	97192	89615	1443
90181	97192	89615	1443
90180	97192	89615	1443
90180	97192	89615	1443
90180	97192	89615	1443
90180	97192	89615	1443
90180	97192	89615	1443
90180	97192	89615	1443
90180	97192	89615	1443
90180	97192	89615	1443
90180	97192	89615	1443
90181	97192	89615	1443
90180	97192	89615	1443
90180	97192	89615	1443
90180	97192	89615	1443
90181	97192	89615	1443
90180	97192	89615	1443
90180	97192	89615	1443
87662	95274	87340	1429
84937	92202	84572	1386
82018	89369	81610	1389
79414	86747	78948	1393
73705	81179	73299	1394
71030	78436	70603	1394
68262	75747	67878	1395
62803	70309	62428	1395
60136	67560	59688	1396
57224	64668	56823	1396
51819	59171	51398	1396
48797	56168	48390	1396
46037	53442	45594	1396
40425	47792	40031	1396
37698	45058	37332	1396
34285	41586	33862	1396
28644	35947	28195	1396
25697	33135	25354	1397
23004	30337	22663	1396
17375	24823	17062	1397
14515	21876	14115	1396
11566	19016	11271	1396
8955	16262	8513	1396
2873	10307	2600	1396
374	7580	199	1395
76	4852	24	1398
77	79	25	1397
78	86	26	1399
78	87	26	1398
-1000	-1000	-1000	-1000
77	87	26	1398
78	87	26	1397
77	87	26	1398
78	87	27	1397
78	87	26	1398
78	87	26	1397
77	87	27	1546
77	87	27	1696
77	87	27	1888
77	87	28	2204
77	87	27	2338
77	87	27	2459
78	87	27	2575
77	87	27	2646
78	88	27	2651
77	87	27	2637
77	88	27	2616
77	87	27	2616
77	88	27	2616
78	87	27	2616
77	87	27	2616
93	93	44	2616
264	278	526	2616
1040	1022	1096	2616
1260	1304	1337	2616
1601	1645	1614	2616
2133	2131	2174	2616
2412	2444	2400	2616
2737	2710	2746	2616
2945	3003	3020	2616
3526	3551	3596	2615
3812	3838	3824	2615
4100	4110	4117	2615
4689	4689	4647	2615
4909	4944	4975	2615
5163	5201	5222	2615
5480	5503	5492	2615
6100	6100	6122	2615
6362	6403	6400	2615
6615	6656	6685	2615
7187	7238	7282	2615
7480	7501	7491	2615
7744	7783	7791	2615
8320	8338	8306	2615
8568	8614	8664	2615
8843	8874	8873	2614
9367	9419	9427	2614
9693	9734	9708	2614
10000	9977	10041	2614
10218	10273	10267	2614
10805	10829	10860	2614
11081	11139	11099	2614
11407	11421	11434	2614
11954	11986	11935	2614
12200	12226	12257	2614
12459	12530	12525	2614
13030	13064	13078	2613
13316	13371	13328	2614
13590	13607	13648	2614
14187	14187	14168	2613
14373	14454	14499	2614
14706	14744	14729	2614
14950	15008	15029	2613
15512	15571	15530	2613
15774	15828	15868	2613
16068	16097	16086	2613
16607	16653	16674	2613
16888	16947	16922	2613
17147	17201	17223	2613
17689	17719	17761	2613
17966	18038	18037	2613
18335	18355	18327	2613
18829	18887	18878	2613
19132	19170	19159	2614
19358	19439	19426	2613
19929	19966	19989	2613
20206	20273	20241	2613
20504	20528	20532	2613
20801	20866	20892	2613
21392	21398	21440	2612
21605	21689	21695	2613
21943	21984	21940	2612
22466	22550	22541	2613
22795	22821	22811	2613
23022	23110	23131	2613
23353	23406	23373	2613
23620	23696	23701	2613
24272	24332	24327	2613
24561	24605	24603	2612
24790	24883	24908	2613
25400	25455	25475	2613
25657	25707	25728	2613
25965	25972	25976	2613
26524	26546	26512	2612
26744	26817	26826	2612
27021	27057	27092	2613
27585	27638	27648	2613
27892	27914	27915	2612
28145	28178	28230	2613
28432	28478	28502	2612
28960	29004	29067	2612
29278	29319	29295	2612
29537	29561	29621	2613
30126	30118	30107	2613
30326	30390	30439	2612
30643	30669	30655	2613
31142	31235	31236	2613
31497	31492	31478	2613
31714	31770	31818	2613
32291	32320	32350	2613
32514	32589	32624	2613
32870	32876	32850	2612
33398	33446	33459	2613
33685	33708	33729	2612
33951	34010	34042	2613
34268	34283	34272	2613
34814	34845	34902	2613
35142	35171	35130	2613
35365	35410	35463	2613
35911	35944	36001	2612
36178	36230	36252	2612
36482	36518	36505	2612
37018	37058	37063	2612
37266	37319	37349	2612
37566	37588	37650	2612
38090	38121	38178	2612
38386	38415	38413	2613
38615	38666	38708	2612
39262	39291	39270	2612
39508	39531	39577	2613
39768	39842	39843	2612
40355	40392	40428	2613
40641	40693	40647	2613
40936	40924	40974	2613
41142	41236	41245	2613
41760	41786	41820	2612
41997	42087	42079	2613
42415	42435	42402	2612
42643	42703	42717	2613
43225	43261	43272	2613
43442	43523	43514	2613
43802	43824	43777	2612
44294	44340	44332	2613
44584	44631	44639	2612
44800	44875	44904	2613
45405	45459	45499	2612
45673	45705	45711	2612
45985	46041	46007	2612
46547	46588	46538	2612
46786	46843	46864	2613
47045	47103	47119	2612
47590	47650	47674	2612
47912	47939	47896	2612
48141	48193	48227	2612
48696	48752	48739	2612
48958	49013	49019	2612
49276	49311	49261	2613
49819	49869	49848	2612
50134	50188	50136	2612
50396	50433	50454	2613
50655	50745	50676	2612
51181	51269	51233	2613
51525	51559	51527	2612
51753	51803	51815	2613
52317	52344	52381	2612
52573	52631	52628	2612
52907	52953	52908	2612
53407	53490	53455	2612
53714	53746	53759	2613
53959	54010	54009	2613
54541	54556	54602	2612
54795	54872	54871	2612
55128	55153	55124	2612
55378	55428	55461	2612
55915	55962	55980	2613
56176	56234	56251	2613
56511	56541	56508	2612
57037	57077	57073	2612
57319	57353	57368	2612
57586	57650	57676	2612
58129	58174	58229	2612
58423	58449	58471	2612
58670	58710	58730	2612
59284	59293	59265	2612
59521	59548	59602	2612
59782	59837	59842	2612
60303	60371	60390	2612
60646	60654	60626	2613
60874	60902	60956	2612
61428	61428	61477	2612
61684	61755	61762	2613
62011	62035	61988	2612
62263	62280	62317	2612
62873	62863	62869	2612
63118	63159	63175	2613
63408	63433	63414	2612
63913	63958	63973	2612
64263	64262	64221	2612
64463	64522	64552	2612
65030	65056	65086	2612
65267	65325	65342	2612
65607	65609	65589	2612
66137	66150	66138	2612
66393	66441	66451	2612
66671	66690	66756	2612
67240	67280	67332	2612
67535	67533	67564	2612
67783	67817	67837	2612
68072	68088	68161	2612
68643	68672	68737	2612
68930	68947	68987	2613
69223	69240	69254	2612
69799	69827	69826	2612
70049	70067	70129	2612
70314	70358	70376	2612
70901	70901	70959	2612
71129	71207	71189	2612
71472	71446	71510	2612
72008	72023	72007	2613
72266	72287	72327	2612
72516	72574	72564	2613
73064	73094	73122	2612
73366	73404	73391	2612
73640	73651	73715	2613
73914	73958	73982	2612
74493	74501	74570	2612
74775	74802	74808	2612
75078	75062	75126	2613
75659	75633	75653	2613
75879	75898	75970	2613
76437	76454	76488	2612
76689	76730	76812	2613
77011	77018	77013	2612
77246	77265	77351	2612
77841	77826	77862	2612
78094	78112	78210	2612
78409	78398	78415	2612
78901	78922	78988	2612
79200	79175	79231	2612
79448	79475	79545	2612
79997	80020	80092	2612
80275	80294	80338	2613
80553	80556	80611	2612
81133	81139	81150	2613
81394	81397	81491	2613
81667	81704	81748	2612
82247	82269	82370	2613
82531	82556	82597	2612
82814	82809	82898	2613
83065	83108	83181	2612
83645	83661	83740	2612
83921	83950	84002	2612
84248	84255	84278	2612
84791	84809	84820	2612
85047	85065	85133	2612
85304	85318	85396	2612
85894	85910	85992	2612
86173	86189	86231	2612
86437	86446	86504	2612
87024	87033	87040	2612
87255	87271	87363	2612
87536	87570	87611	2612
88061	88096	88161	2612
88393	88402	88426	2612
88625	88651	88733	2612
89163	89211	89273	2612
89467	89506	89538	2612
89755	89802	89788	2615
89992	90047	90083	2617
90436	90619	90516	2625
90692	90916	90696	2647
90833	91224	90874	2650
91174	91706	91049	2658
91309	91950	91426	2659
91538	92237	91630	2661
91571	92470	91702	2662
91574	92869	91704	2663
91576	93062	91704	2664
91578	93254	91704	2666
91583	93331	91704	2668
91583	93332	91705	2669
91585	93333	91705	2669
91585	93334	91705	2670
91586	93335	91704	2670
91586	93335	91705	2670
91587	93336	91705	2669
91587	93336	91705	2670
91588	93336	91705	2670
91588	93337	91705	2669
91588	93337	91705	2670
91588	93338	91705	2669
91589	93338	91705	2670
91589	93339	91705	2670
91589	93338	91705	2670
91589	93339	91705	2670
91589	93339	91705	2670
91590	93339	91705	2670
91590	93339	91705	2670
91590	93339	91705	2670
91590	93339	91705	2670
91590	93339	91705	2670
91590	93340	91706	2670
91590	93340	91705	2670
91590	93340	91705	2670
91590	93340	91705	2670
91590	93340	91705	2670
91590	93340	91705	2670
91591	93340	91705	2670
91590	93341	91705	2669
91591	93340	91706	2670
91591	93340	91705	2670
91591	93340	91706	2670
91591	93341	91705	2670
91591	93341	91705	2670
91591	93341	91705	2670
91591	93341	91705	2670
91591	93341	91705	2670
91591	93341	91705	2670
91591	93341	91706	2670
91592	93341	91705	2670
91591	93341	91706	2670
91591	93341	91706	2670
91592	93341	91705	2670
91592	93341	91705	2670
91592	93341	91705	2670
91592	93341	91705	2670
91591	93341	91706	2669
91592	93341	91705	2670
91592	93341	91706	2670
91592	93341	91706	2670
91592	93341	91706	2670
91592	93341	91706	2669
91592	93341	91706	2670
91592	93341	91705	2670
91593	93341	91705	2670
91592	93341	91705	2669
91592	93341	91705	2670
91592	93341	91705	2670
91593	93341	91706	2670
91592	93341	91706	2670
91592	93341	91705	2670
91593	93341	91706	2670
91593	93341	91705	2670
91593	93341	91706	2670
91593	93341	91706	2669
91593	93341	91706	2670
91593	93341	91705	2670
91593	93341	91705	2670
91593	93341	91706	2670
91593	93341	91706	2670
91593	93341	91705	2670
91593	93341	91706	2670
91593	93341	91706	2670
91593	93341	91705	2670
91593	93341	91705	2670
91593	93341	91706	2669
91593	93341	91706	2670
91593	93341	91706	2670
91593	93341	91706	2669
91593	93341	91706	2670
91593	93341	91705	2670
91593	93341	91706	2669
91594	93341	91705	2670
91593	93341	91706	2670
91593	93341	91706	2669
91593	93341	91705	2670
91593	93342	91705	2670
91593	93341	91706	2670
91594	93342	91706	2670
91594	93341	91706	2670
91594	93341	91706	2670
91594	93341	91706	2670
91594	93341	91705	2669
91594	93342	91705	2670
91593	93342	91706	2670
91594	93342	91706	2669
91593	93341	91706	2670
91593	93341	91706	2670
91594	93341	91705	2670
91593	93341	91705	2670
90104	91484	90401	2661
84034	85472	84208	2609
81236	82668	81447	2609
78547	79965	78780	2608
75852	77204	76015	2609
70229	71564	70457	2610
67304	68596	67418	2610
64472	65727	64604	2610
58906	60125	58988	2609
56129	57420	56291	2608
53447	54745	53532	2609
48067	49294	48107	2608
45169	46368	45178	2608
42293	43499	42298	2609
36830	38068	36868	2609
34086	35248	34168	2609
31004	32299	31105	2608
28344	29582	28368	2609
22913	24112	22924	2608
19967	21255	20016	2609
17319	18527	17355	2606
11833	13065	11985	2608
9240	10367	9230	2610
6381	7542	6399	2609
754	1868	934	2608
68	97	51	2610
-1000	-1000	-1000	-1000
71	104	58	2609
72	105	58	2610
72	105	59	2609
72	105	58	2610
72	105	58	2609
72	105	58	2686
72	105	59	2779
72	105	59	2939
72	105	59	3334
72	105	59	3501
72	105	59	3621
72	105	59	3850
72	105	58	3957
72	105	58	4032
72	105	58	4092
72	105	58	4053
72	105	58	4021
72	105	58	4022
72	105	58	4022
72	105	58	4021
71	105	58	4022
287	245	440	4022
787	868	815	4021
988	973	985	4022
1580	1606	1596	4020
1830	1834	1854	4021
2107	2102	2159	4021
2666	2655	2746	4021
2921	2953	2951	4021
3268	3226	3255	4021
3803	3794	3763	4022
4023	4028	4098	4021
4312	4323	4321	4021
4849	4837	4883	4022
5147	5137	5122	4021
5412	5400	5457	4021
6023	5953	5981	4021
6232	6246	6286	4022
6544	6531	6539	4021
7069	7081	7113	4020
7390	7359	7358	4021
7626	7609	7664	4022
7895	7918	7892	4022
8448	8456	8487	4021
8767	8732	8728	4021
9021	8981	9046	4021
9631	9532	9607	4021
9805	9841	9853	4019
10165	10130	10122	4019
10645	10687	10689	4021
11042	10956	10979	4021
11238	11256	11265	4021
11812	11791	11827	4019
12026	12061	12059	4020
12400	12370	12365	4020
12643	12651	12691	4021
13194	13187	13232	4020
13426	13442	13486	4020
13774	13756	13757	4020
14279	14296	14301	4019
14587	14559	14598	4020
14811	14807	14876	4020
15370	15398	15475	4020
15672	15661	15676	4022
15940	15952	15968	4021
16504	16480	16458	4019
16733	16750	16813	4021
17038	17034	17051	4019
17553	17573	17603	4019
17896	17886	17863	4019
18126	18129	18188	4020
18700	18660	18705	4020
18942	18954	18977	4019
19261	19263	19246	4021
19496	19502	19576	4020
20119	20105	20113	4021
20347	20355	20404	4019
20636	20652	20637	4020
21170	21185	21212	4019
21492	21487	21490	4019
21733	21735	21791	4019
22325	22291	22357	4019
22541	22574	22599	4018
22867	22875	22861	4019
23395	23431	23475	4021
23733	23744	23720	4020
23997	23996	24086	4021
24274	24290	24284	4021
24865	24887	24959	4020
25182	25174	25147	4021
25416	25454	25479	4019
25990	25938	25967	4020
26247	26298	26319	4020
26546	26544	26530	4020
26775	26814	26843	4019
27387	27374	27340	4019
27623	27649	27672	4021
28163	28170	28224	4020
28430	28454	28469	4019
28755	28724	28738	4020
28988	29006	29047	4019
29564	29549	29609	4020
29825	29836	29880	4021
30157	30114	30116	4019
30667	30691	30681	4019
30983	30925	30989	4021
31194	31224	31254	4019
31534	31516	31498	4020
32088	32096	32132	4021
32415	32388	32383	4020
32661	32637	32697	4021
33238	33209	33247	4019
33482	33480	33515	4019
33787	33774	33765	4019
34305	34330	34330	4021
34630	34606	34628	4019
34873	34886	34917	4019
35411	35440	35473	4020
35701	35742	35726	4022
36002	35987	36021	4020
36276	36299	36314	4020
36902	36893	36909	4020
37149	37174	37225	4020
37460	37457	37439	4021
37962	37969	38014	4019
38276	38248	38269	4020
38529	38553	38591	4020
39074	39087	39127	4020
39345	39359	39389	4021
39665	39639	39632	4020
40220	40218	40203	4020
40454	40465	40517	4021
40724	40752	40738	4019
41271	41289	41311	4020
41556	41583	41539	4020
41826	41809	41852	4020
42407	42378	42384	4019
42672	42689	42715	4020
42919	42965	42920	4019
43259	43240	43263	4020
43815	43800	43785	4020
44048	44068	44111	4020
44334	44354	44378	4021
44883	44899	44948	4021
45202	45203	45180	4020
45459	45476	45528	4019
46045	46054	46027	4020
46265	46288	46339	4020
46576	46587	46565	4020
47084	47115	47150	4020
47395	47390	47392	4020
47633	47645	47703	4020
48172	48194	48245	4020
48456	48459	48486	4020
48775	48773	48766	4020
49006	49025	49060	4021
49595	49600	49654	4020
49868	49883	49892	4021
50180	50205	50172	4020
50718	50791	50797	4020
51085	51055	51051	4020
51325	51325	51382	4021
51895	51865	51915	4021
52081	52140	52145	4020
52423	52420	52425	4021
52924	52967	52952	4020
53201	53202	53265	4019
53443	53495	53508	4020
54002	54033	54075	4019
54284	54333	54323	4020
54554	54564	54620	4020
55118	55126	55131	4020
55356	55385	55451	4021
55672	55673	55675	4020
56191	56216	56273	4021
56476	56507	56498	4021
56728	56771	56789	4020
57260	57310	57342	4020
57543	57573	57615	4020
57809	57861	57859	4020
58105	58145	58177	4021
58662	58672	58728	4020
58923	58977	59014	4020
59229	59262	59250	4020
59773	59827	59856	4020
60059	60093	60122	4020
60323	60400	60440	4020
60860	60894	60968	4019
61131	61207	61215	4020
61427	61449	61497	4020
61998	62052	62009	4020
62237	62282	62333	4020
62496	62592	62591	4020
63038	63123	63139	4020
63395	63413	63407	4020
63637	63675	63725	4020
64218	64245	64220	4020
64421	64518	64542	4020
64755	64790	64769	4020
65260	65329	65358	4020
65598	65646	65599	4020
65854	65922	65966	4020
66157	66178	66178	4020
66658	66710	66744	4020
66964	67022	66961	4020
67204	67292	67310	4020
67740	67820	67829	4020
68039	68093	68135	4019
68352	68383	68338	4020
68883	68925	68923	4020
69126	69194	69214	4020
69392	69481	69504	4021
69961	70030	70080	4020
70253	70315	70290	4020
70505	70573	70587	4021
71102	71126	71100	4020
71346	71371	71438	4020
71609	71666	71664	4020
72162	72241	72242	4021
72477	72525	72479	4020
72751	72809	72846	4019
73037	73101	73104	4020
73590	73642	73669	4020
73870	73930	73921	4021
74176	74192	74247	4020
74749	74784	74766	4019
74994	75030	75080	4020
75256	75315	75327	4020
75819	75872	75924	4019
76141	76159	76132	4020
76342	76408	76455	4021
76938	76988	76972	4021
77180	77237	77273	4019
77489	77518	77509	4020
78020	78071	78109	4019
78307	78357	78344	4020
78555	78616	78663	4020
79088	79133	79187	4020
79378	79458	79461	4020
79690	79697	79728	4020
79946	80005	80048	4020
80499	80541	80591	4020
80784	80845	80871	4021
81112	81153	81127	4019
81634	81706	81723	4020
81968	81965	81999	4020
82194	82255	82319	4020
82509	82552	82559	4019
83037	83103	83164	4020
83379	83395	83406	4020
83627	83676	83740	4020
84185	84238	84254	4021
84434	84498	84561	4020
84761	84788	84786	4020
85281	85310	85388	4020
85560	85615	85607	4020
85793	85862	85952	4020
86143	86169	86180	4019
86670	86719	86801	4020
86974	87018	87023	4020
87207	87258	87348	4020
87772	87826	87870	4019
88045	88110	88172	4019
88371	88430	88430	4019
88921	88968	89006	4021
89248	89312	89304	4020
89506	89569	89643	4020
89817	89856	89892	4020
90317	90411	90417	4020
90597	90691	90657	4021
90890	90975	91001	4021
91339	91508	91407	4032
91577	91807	91569	4057
91706	92117	91775	4064
91748	92640	92152	4065
91748	92885	92316	4066
91748	93172	92561	4067
91748	93624	92829	4068
91748	93844	92830	4068
91748	94034	92831	4068
91749	94388	92831	4068
91749	94465	92831	4069
91749	94466	92831	4070
91749	94467	92831	4070
91749	94469	92831	4070
91749	94469	92831	4070
91749	94470	92831	4070
91749	94471	92832	4070
91749	94471	92832	4070
91749	94472	92832	4070
91749	94473	92832	4070
91749	94474	92832	4070
91749	94474	92832	4070
91749	94474	92832	4070
91749	94474	92832	4070
91749	94475	92832	4070
91749	94475	92832	4070
91749	94476	92832	4070
91749	94475	92832	4070
91749	94476	92832	4070
91749	94476	92833	4070
91749	94476	92833	4070
91749	94476	92833	4070
91749	94476	92833	4070
91749	94476	92833	4070
91749	94476	92833	4070
91749	94477	92833	4070
91749	94477	92833	4070
91749	94477	92833	4070
91749	94477	92833	4070
91749	94478	92833	4070
91749	94477	92833	4070
91749	94477	92833	4070
91749	94477	92833	4070
91749	94478	92833	4070
91749	94478	92833	4070
91749	94478	92833	4070
91749	94478	92833	4070
91749	94478	92833	4070
91749	94477	92833	4070
91749	94478	92833	4070
91749	94478	92833	4070
91749	94478	92833	4070
91749	94478	92833	4070
91749	94478	92833	4070
91749	94478	92833	4070
91749	94478	92833	4070
91749	94478	92833	4070
91749	94478	92833	4070
91749	94478	92834	4070
91749	94478	92833	4070
91749	94478	92833	4070
91749	94478	92833	4070
91749	94478	92833	4070
91749	94478	92833	4070
91749	94478	92833	4070
91749	94478	92833	4070
91749	94478	92833	4070
91749	94478	92833	4070
91749	94478	92834	4070
91749	94478	92833	4070
91749	94478	92833	4070
91749	94478	92833	4070
91749	94478	92833	4070
91749	94478	92833	4070
91749	94479	92834	4070
91749	94478	92833	4070
91749	94478	92833	4070
91749	94478	92833	4070
91749	94479	92833	4070
91749	94479	92833	4070
91749	94479	92833	4070
91749	94479	92833	4070
91749	94479	92833	4070
91749	94478	92834	4070
91749	94478	92834	4070
91749	94479	92833	4070
91749	94479	92834	4070
91749	94478	92833	4070
91749	94479	92834	4070
91749	94479	92834	4070
91749	94479	92833	4070
91749	94479	92833	4070
91749	94479	92834	4070
91749	94479	92834	4070
91749	94479	92834	4070
91749	94479	92833	4069
91749	94479	92833	4070
91749	94479	92834	4070
91749	94479	92834	4069
91749	94479	92834	4070
91749	94479	92833	4070
91749	94479	92833	4070
91749	94479	92833	4070
91749	94479	92834	4070
91749	94479	92833	4070
91749	94479	92834	4070
91749	94479	92833	4070
91749	94479	92834	4070
91749	94479	92834	4070
91749	94479	92833	4070
91749	94479	92834	4070
89373	92903	91412	4053
83816	87046	85532	4019
81176	84321	82889	4021
78454	81548	80117	4022
75590	78697	77221	4021
69975	73030	71620	4021
67025	70200	68702	4021
64176	67316	65891	4020
58738	61796	60359	4021
55971	59095	57681	4021
53054	56259	54820	4020
47277	50435	49004	4021
44626	47667	46303	4019
41846	44976	43551	4021
39191	42239	40809	4021
33586	36640	35217	4020
30902	33930	32497	4021
28145	31229	29819	4021
22530	25628	24130	4021
19783	22950	21465	4019
16910	20008	18562	4023
11447	14597	13128	4021
8361	11418	9950	4021
5528	8611	7135	4021
2759	5882	4418	4021
80	316	20	4020
81	105	28	4021
82	107	28	4022
82	106	29	4019
-1000	-1000	-1000	-1000
82	106	29	4021
82	106	29	4022
82	106	29	4021
82	106	29	4019
82	106	30	4021
81	106	30	4093
82	106	30	4177
82	106	30	4339
82	106	30	4719
82	106	30	4874
82	106	30	4986
82	107	30	5215
82	106	30	5327
82	106	30	5410
82	106	30	5471
81	106	30	5438
82	106	30	5411
82	106	30	5407
82	106	30	5407
82	106	30	5408
81	106	30	5408
361	306	575	5409
779	845	722	5409
1040	1014	1109	5410
1590	1631	1596	5410
1881	1883	1928	5411
2140	2139	2146	5410
2757	2695	2788	5410
2979	3016	3026	5409
3338	3310	3302	5409
3584	3579	3642	5410
4208	4168	4156	5409
4427	4448	4478	5410
4723	4715	4691	5410
5242	5259	5286	5410
5578	5557	5516	5410
5793	5821	5846	5409
6338	6350	6381	5410
6603	6607	6641	5410
6935	6915	6885	5409
7197	7207	7263	5409
7772	7758	7786	5409
8026	8034	8062	5409
8340	8321	8283	5409
8851	8863	8864	5410
9176	9150	9161	5409
9397	9400	9417	5409
10011	9958	10030	5409
10214	10247	10237	5409
10571	10526	10539	5409
11066	11087	11041	5410
11349	11325	11392	5409
11584	11604	11612	5409
12142	12149	12170	5410
12429	12440	12417	5409
12696	12709	12757	5410
13298	13298	13300	5409
13550	13551	13590	5409
13837	13881	13889	5410
14213	14168	14172	5409
14721	14720	14701	5409
14956	14974	15026	5409
15252	15263	15296	5409
15790	15811	15857	5410
16108	16108	16092	5409
16343	16349	16394	5410
16927	16923	16901	5410
17166	17184	17212	5409
17464	17467	17455	5409
17718	17711	17749	5409
18349	18338	18323	5409
18609	18610	18655	5410
18855	18897	18906	5409
19454	19477	19526	5409
19748	19771	19739	5409
19999	19999	20057	5409
20600	20594	20575	5409
20830	20860	20919	5409
21135	21151	21179	5410
21457	21438	21465	5409
21973	22008	21972	5409
22256	22243	22313	5409
22490	22524	22544	5410
23090	23106	23160	5410
23360	23387	23377	5409
23637	23656	23697	5409
24242	24240	24203	5409
24470	24487	24550	5409
24749	24768	24785	5409
25296	25287	25358	5409
25603	25612	25587	5409
25841	25833	25892	5409
26122	26165	26154	5410
26697	26722	26749	5409
27010	27028	27022	5409
27276	27278	27306	5409
27855	27840	27859	5409
28083	28077	28088	5409
28367	28375	28363	5409
28880	28901	28908	5409
29196	29163	29190	5409
29444	29427	29465	5409
29998	29961	30037	5409
30242	30284	30282	5409
30587	30546	30555	5409
31082	31130	31108	5409
31396	31371	31406	5409
31620	31682	31680	5409
31971	31964	31935	5409
32490	32543	32548	5409
32843	32812	32810	5409
33061	33098	33116	5409
33626	33628	33672	5409
33864	33932	33927	5409
34213	34185	34186	5409
34745	34744	34714	5409
34967	35018	35021	5409
35248	35259	35260	5409
35782	35830	35830	5410
36122	36126	36103	5409
36331	36380	36411	5409
36961	36980	36931	5409
37167	37221	37254	5409
37488	37492	37469	5409
37987	38008	38038	5409
38286	38305	38288	5409
38532	38578	38596	5409
39116	39138	39166	5409
39417	39459	39491	5410
39733	39761	39698	5409
39985	40024	40064	5410
40595	40641	40596	5409
40875	40901	40939	5409
41165	41226	41204	5409
41479	41509	41478	5409
41995	42052	41996	5409
42281	42283	42312	5409
42524	42610	42580	5409
43095	43143	43130	5409
43369	43432	43365	5410
43683	43701	43709	5409
44253	44267	44234	5409
44484	44518	44516	5409
44746	44792	44766	5409
45267	45329	45327	5410
45599	45604	45556	5409
45837	45873	45872	5409
46383	46410	46415	5410
46654	46714	46712	5409
46982	46988	46937	5409
47492	47519	47501	5409
47777	47801	47802	5409
48038	48081	48069	5409
48355	48365	48320	5409
48879	48919	48885	5409
49179	49170	49178	5409
49413	49462	49444	5409
49990	50012	50016	5409
50226	50298	50261	5409
50600	50579	50555	5409
51112	51148	51082	5410
51404	51404	51433	5409
51631	51717	51671	5409
52214	52254	52255	5409
52496	52533	52507	5409
52793	52819	52819	5409
53354	53368	53314	5409
53589	53637	53639	5410
53868	53913	53889	5409
54158	54198	54188	5409
54740	54768	54699	5409
54993	55017	55059	5409
55267	55279	55269	5410
55790	55830	55863	5409
56137	56129	56076	5409
56358	56412	56437	5409
56928	56956	56927	5409
57179	57216	57220	5409
57489	57499	57443	5409
58004	58019	58027	5409
58264	58317	58289	5409
58543	58570	58583	5409
59102	59130	59173	5409
59377	59416	59400	5409
59703	59717	59682	5409
59943	59974	59985	5409
60514	60531	60569	5409
60796	60824	60811	5409
61099	61125	61082	5409
61607	61658	61619	5409
61896	61909	61944	5409
62201	62214	62213	5409
62751	62743	62772	5409
62981	63039	63021	5409
63333	63316	63314	5409
63846	63877	63821	5409
64135	64153	64157	5409
64367	64417	64399	5409
64930	64960	64945	5409
65217	65263	65207	5409
65482	65504	65502	5409
66055	66078	66023	5409
66314	66367	66351	5409
66606	66628	66591	5409
67121	67176	67168	5409
67441	67456	67391	5409
67669	67714	67706	5409
68216	68241	68253	5409
68473	68505	68486	5409
68758	68785	68767	5409
69330	69361	69302	5409
69624	69637	69643	5409
69883	69922	69902	5409
70217	70234	70171	5409
70709	70756	70720	5409
71045	71003	71031	5409
71272	71318	71293	5409
71869	71869	71865	5409
72095	72166	72129	5409
72449	72436	72412	5409
72672	72717	72694	5409
73242	73270	73270	5409
73509	73565	73534	5410
73824	73866	73788	5409
74353	74402	74352	5409
74633	74687	74660	5409
74899	74955	74946	5409
75470	75522	75555	5409
75755	75793	75770	5409
76063	76108	76041	5409
76617	76635	76558	5409
76835	76908	76907	5409
77144	77179	77156	5409
77674	77730	77720	5409
77985	78015	77918	5409
78232	78293	78277	5409
78521	78539	78518	5410
79077	79094	79104	5409
79361	79397	79328	5409
79621	79617	79656	5409
80197	80224	80158	5409
80428	80477	80448	5409
80736	80790	80708	5409
81295	81332	81268	5409
81601	81649	81585	5409
81851	81875	81876	5410
82404	82456	82415	5409
82673	82712	82670	5409
82954	83002	82921	5409
83455	83536	83475	5410
83777	83793	83773	5409
84014	84069	84032	5409
84563	84603	84593	5409
84832	84887	84821	5409
85112	85175	85133	5409
85683	85731	85625	5409
85946	85997	85986	5409
86217	86315	86252	5409
86576	86609	86508	5409
87090	87149	87093	5409
87378	87388	87374	5409
87639	87748	87693	5409
88200	88284	88254	5409
88473	88532	88496	5409
88764	88822	88761	5409
89334	89371	89310	5409
89559	89616	89606	5409
89842	89907	89863	5409
90373	90469	90421	5409
90697	90750	90673	5409
90945	90999	90979	5409
91458	91558	91484	5410
91711	91833	91768	5411
91997	92123	91954	5417
92378	92670	92382	5444
92513	92955	92575	5446
92686	93222	92729	5447
92697	93516	92872	5446
92696	94058	93301	5446
92696	94351	93746	5446
92696	94599	93805	5446
92697	94886	94121	5446
92697	95352	94121	5447
92697	95558	94121	5446
92697	95753	94121	5447
92698	96161	94121	5453
92697	96366	94120	5457
92697	96560	94120	5462
92698	96757	94120	5470
92698	96760	94120	5470
92698	96763	94121	5470
92698	96764	94120	5470
92698	96765	94121	5470
92698	96766	94121	5470
92698	96767	94120	5470
92699	96768	94120	5470
92698	96768	94121	5470
92698	96769	94121	5470
92699	96770	94121	5470
92699	96770	94121	5470
92699	96770	94121	5470
92698	96770	94121	5470
92699	96771	94121	5470
92698	96771	94121	5470
92699	96771	94121	5470
92699	96771	94121	5470
92699	96772	94121	5470
92699	96772	94121	5470
92699	96772	94121	5470
92699	96772	94121	5470
92699	96772	94121	5470
92699	96772	94121	5470
92699	96772	94121	5470
92699	96772	94121	5470
92699	96772	94121	5470
92699	96772	94121	5470
92699	96772	94121	5470
92699	96773	94120	5470
92699	96773	94120	5470
92699	96773	94121	5470
92699	96773	94121	5470
92699	96773	94121	5470
92699	96773	94120	5470
92699	96773	94121	5470
92699	96773	94121	5470
92699	96773	94121	5470
92699	96774	94121	5470
92699	96773	94121	5470
92699	96774	94121	5470
92699	96773	94120	5470
92699	96774	94121	5470
92699	96774	94121	5470
92699	96773	94121	5470
92699	96774	94121	5470
92699	96773	94121	5470
92699	96774	94121	5470
92699	96774	94120	5470
92699	96774	94121	5470
92699	96774	94121	5470
92699	96774	94120	5470
92699	96774	94121	5470
92699	96774	94121	5469
92699	96774	94120	5470
92699	96774	94120	5470
92699	96774	94121	5470
92699	96774	94121	5470
92699	96774	94121	5470
92699	96774	94120	5470
92699	96774	94121	5470
92699	96775	94121	5470
92700	96774	94121	5470
92700	96774	94121	5470
92700	96775	94121	5470
92699	96774	94121	5470
92699	96774	94121	5470
92700	96774	94120	5470
92699	96775	94120	5470
92699	96774	94121	5470
92699	96774	94121	5470
92699	96775	94121	5470
92699	96775	94121	5470
92699	96775	94120	5470
92699	96775	94121	5470
92699	96775	94121	5470
92700	96775	94121	5470
92700	96775	94121	5470
92700	96775	94121	5470
92699	96775	94121	5470
92700	96774	94121	5470
92700	96775	94121	5470
92700	96775	94121	5470
92699	96775	94121	5469
92700	96775	94121	5470
92699	96775	94121	5469
92699	96775	94121	5470
92699	96775	94121	5470
92700	96775	94121	5470
92699	96775	94121	5470
92700	96775	94120	5470
92699	96775	94120	5470
92699	96775	94121	5470
92700	96775	94121	5470
92699	96775	94121	5470
92700	96775	94121	5470
92699	96775	94120	5470
92700	96775	94121	5470
92700	96775	94121	5470
92700	96775	94120	5469
92700	96775	94121	5470
90649	95659	92479	5459
87826	92187	89439	5405
84973	89615	86592	5403
82132	86770	83902	5403
76501	81112	78165	5401
73792	78406	75459	5403
70895	75562	72576	5402
65196	69847	66886	5402
62375	67030	64051	5402
59493	64151	61209	5403
56792	61377	58456	5403
51002	55606	52676	5403
48299	52840	49918	5403
45414	49934	47015	5403
39772	44290	41422	5403
37076	41572	38686	5403
34192	38682	35818	5403
28533	33090	30214	5403
25841	30375	27438	5403
23068	27670	24757	5403
20365	24984	22052	5403
14782	19370	16496	5403
12049	16640	13703	5403
8820	13354	10494	5403
3143	7786	4854	5402
501	5037	2081	5402
90	2132	14	5403
92	104	31	5401
92	112	32	5401
92	112	32	5400
-1000	-1000	-1000	-1000
92	113	32	5400
92	113	32	5399
92	113	33	5399
92	112	32	5399
92	113	32	5399
92	113	33	5452
92	112	33	5567
92	112	33	5733
92	113	34	6085
92	113	34	6227
92	113	34	6359
92	113	34	6561
92	113	33	6736
92	113	34	6853
92	112	33	6852
92	113	33	6793
92	113	33	6790
92	113	33	6791
91	113	34	6791
92	113	34	6792
106	118	48	6791
296	242	529	6793
780	865	739	6793
1244	1289	1277	6793
1567	1597	1558	6793
1791	1822	1887	6793
2392	2389	2369	6793
2659	2641	2708	6793
2887	2921	2895	6793
3440	3448	3471	6794
3770	3756	3723	6794
3991	3990	4056	6794
4592	4562	4595	6794
4838	4819	4881	6794
5135	5141	5117	6794
5664	5683	5702	6795
5987	5961	5974	6795
6216	6233	6281	6794
6526	6512	6509	6794
7073	7093	7128	6794
7385	7373	7366	6794
7618	7626	7692	6794
8172	8154	8223	6794
8427	8442	8470	6795
8742	8722	8718	6794
9253	9291	9288	6794
9598	9535	9583	6796
9775	9836	9833	6795
10345	10359	10400	6795
10613	10654	10633	6795
10931	10895	10938	6795
11136	11204	11197	6794
11794	11798	11829	6794
12014	12064	12071	6796
12362	12347	12344	6793
12902	12918	12899	6795
13189	13217	13231	6795
13427	13477	13487	6795
14022	14027	14099	6794
14290	14302	14303	6795
14576	14590	14599	6793
15160	15149	15111	6795
15371	15408	15481	6795
15672	15660	15695	6794
16192	16194	16268	6794
16523	16520	16488	6795
16750	16785	16839	6795
17313	17326	17338	6795
17580	17582	17622	6795
17900	17893	17865	6796
18413	18451	18445	6795
18724	18710	18706	6796
18959	18980	19009	6795
19259	19289	19245	6795
19788	19817	19817	6795
20096	20088	20106	6793
20339	20356	20369	6794
20914	20919	20977	6795
21150	21173	21198	6795
21473	21452	21473	6795
21984	22023	21990	6794
22273	22262	22333	6794
22505	22556	22561	6793
23092	23109	23164	6795
23374	23404	23407	6796
23659	23681	23694	6795
24265	24279	24243	6795
24503	24522	24571	6795
24787	24815	24842	6795
25087	25096	25075	6794
25636	25667	25646	6794
25919	25903	25954	6796
26195	26242	26265	6795
26738	26766	26805	6795
27026	27035	27060	6795
27339	27332	27319	6795
27908	27907	27894	6794
28167	28184	28233	6794
28426	28476	28502	6795
28792	28781	28766	6794
29133	29129	29169	6795
29721	29767	29734	6794
30034	29999	30051	6796
30248	30296	30313	6797
30815	30831	30861	6796
31087	31127	31101	6796
31368	31372	31407	6796
31600	31661	31655	6794
32207	32226	32247	6794
32461	32521	32491	6794
32772	32749	32783	6795
33348	33370	33325	6795
33607	33612	33647	6795
33850	33925	33917	6794
34442	34499	34496	6795
34768	34779	34771	6795
35025	35075	35045	6796
35304	35344	35337	6795
35846	35896	35917	6794
36165	36174	36162	6795
36423	36463	36458	6795
36708	36734	36754	6795
37260	37308	37336	6795
37580	37589	37614	6795
37870	37907	37861	6793
38420	38460	38427	6796
38689	38725	38715	6792
38974	39020	39016	6795
39553	39559	39588	6796
39795	39863	39837	6797
40123	40123	40102	6795
40668	40710	40663	6796
40964	40944	40964	6795
41197	41241	41228	6793
41515	41549	41482	6796
42057	42137	42107	6795
42403	42390	42374	6793
42637	42682	42662	6795
43188	43190	43221	6795
43433	43487	43453	6795
43776	43764	43740	6795
44293	44333	44263	6794
44559	44584	44592	6795
44777	44828	44837	6794
45417	45453	45481	6795
45685	45707	45692	6795
45954	46009	45984	6792
46536	46547	46479	6795
46754	46803	46840	6790
47041	47061	47061	6793
47562	47605	47639	6794
47902	47921	47870	6793
48133	48183	48211	6794
48728	48760	48739	6795
48968	49030	49035	6795
49303	49324	49254	6795
49812	49846	49820	6794
50098	50125	50110	6795
50336	50370	50381	6795
50911	50912	50964	6797
51132	51200	51165	6793
51498	51503	51503	6795
51730	51784	51778	6795
52308	52317	52363	6795
52512	52593	52581	6793
52867	52904	52876	6795
53387	53453	53432	6792
53712	53737	53758	6795
53953	54007	54027	6794
54291	54327	54299	6795
54795	54895	54911	6795
55145	55170	55128	6794
55387	55442	55470	6794
55956	56002	56001	6795
56207	56255	56300	6795
56541	56560	56517	6793
57063	57108	57127	6794
57344	57375	57372	6796
57618	57669	57691	6794
57934	57963	57939	6793
58433	58485	58506	6795
58721	58754	58757	6795
58979	59030	59076	6795
59533	59563	59618	6795
59797	59845	59874	6795
60336	60400	60440	6796
60656	60689	60644	6795
60895	60924	60994	6795
61455	61467	61495	6796
61701	61779	61796	6795
62007	62059	62027	6795
62268	62293	62355	6794
62848	62880	62884	6793
63067	63163	63151	6795
63391	63426	63413	6795
63884	63961	63993	6797
64245	64267	64236	6796
64453	64549	64570	6793
65034	65104	65103	6794
65291	65372	65416	6795
65645	65687	65642	6795
65870	65933	65983	6795
66488	66552	66519	6794
66715	66796	66855	6794
67054	67112	67097	6796
67562	67629	67663	6795
67863	67923	67899	6795
68110	68181	68225	6795
68673	68742	68761	6795
68948	69015	69034	6795
69256	69325	69276	6796
69522	69582	69628	6795
70114	70179	70160	6795
70355	70429	70450	6796
70665	70726	70706	6795
71166	71299	71293	6797
71540	71562	71563	6796
71753	71814	71844	6795
72326	72349	72390	6794
72544	72655	72651	6796
72872	72946	72922	6795
73397	73478	73449	6795
73700	73754	73771	6797
73946	74054	74051	6794
74520	74578	74617	6797
74786	74847	74864	6795
75107	75124	75150	6795
75319	75420	75458	6794
75900	75971	76008	6797
76188	76224	76273	6796
76688	76786	76813	6795
77007	77061	77035	6794
77245	77314	77355	6795
77546	77585	77620	6795
78121	78201	78251	6796
78441	78460	78467	6794
78664	78746	78772	6796
79243	79279	79273	6794
79484	79547	79599	6796
79802	79842	79856	6796
80302	80392	80401	6797
80641	80693	80664	6795
80907	80963	81023	6796
81186	81230	81236	6795
81720	81791	81829	6795
82059	82108	82088	6794
82296	82362	82414	6795
82881	82939	82922	6794
83113	83175	83236	6797
83421	83503	83484	6794
83696	83753	83781	6794
84297	84363	84330	6794
84540	84593	84642	6796
84827	84891	84918	6794
85374	85454	85490	6795
85688	85735	85695	6794
85921	85981	86015	6793
86507	86558	86516	6795
86726	86805	86840	6794
87042	87092	87056	6795
87565	87668	87662	6795
87856	87924	87900	6793
88112	88213	88217	6796
88653	88738	88747	6795
88933	89004	89002	6795
89203	89296	89292	6796
89802	89857	89832	6795
90037	90101	90130	6796
90316	90389	90398	6797
90881	90935	90983	6793
91159	91225	91218	6794
91437	91470	91510	6795
92003	92041	92030	6795
92231	92298	92321	6795
92504	92571	92541	6797
92967	93127	93048	6796
93203	93433	93280	6794
93436	93674	93492	6795
93797	94200	93761	6794
93888	94502	94020	6795
93894	94799	94087	6795
93897	95330	94087	6795
93898	95546	94087	6796
93900	95855	94088	6801
93901	96345	94088	6810
93903	96567	94088	6812
93905	96792	94088	6816
93913	97026	94088	6818
93916	97028	94088	6817
93917	97030	94088	6817
93918	97031	94088	6816
93920	97034	94088	6817
93920	97035	94088	6816
93920	97035	94088	6817
93921	97036	94088	6817
93921	97036	94089	6817
93921	97036	94089	6816
93922	97037	94088	6817
93922	97037	94089	6817
93923	97038	94089	6817
93923	97038	94089	6817
93923	97038	94089	6817
93923	97039	94089	6817
93923	97039	94089	6817
93923	97039	94089	6817
93923	97039	94089	6817
93924	97039	94089	6817
93924	97039	94089	6817
93924	97039	94089	6816
93924	97040	94089	6816
93924	97040	94089	6816
93925	97040	94089	6816
93925	97040	94089	6817
93925	97040	94089	6817
93925	97040	94089	6816
93925	97040	94089	6816
93925	97040	94089	6817
93925	97040	94089	6816
93925	97041	94089	6816
93925	97040	94089	6816
93925	97040	94089	6816
93926	97040	94089	6817
93926	97041	94089	6816
93926	97040	94089	6817
93926	97041	94089	6816
93926	97041	94089	6817
93926	97041	94089	6816
93926	97041	94089	6816
93927	97041	94089	6816
93926	97041	94089	6816
93927	97041	94089	6816
93927	97041	94089	6816
93926	97041	94089	6816
93927	97041	94089	6816
93927	97041	94089	6816
93927	97041	94089	6816
93927	97041	94089	6816
93927	97041	94089	6816
93927	97041	94089	6816
93927	97041	94089	6816
93927	97041	94089	6816
93927	97041	94089	6816
93928	97041	94089	6816
93928	97042	94089	6816
93928	97041	94089	6816
93928	97041	94089	6816
93928	97041	94089	6816
93928	97041	94089	6816
93928	97042	94089	6816
93928	97042	94089	6816
93928	97042	94089	6816
93928	97042	94089	6816
93928	97042	94089	6816
93928	97042	94089	6816
93928	97042	94089	6816
93928	97042	94089	6816
93928	97042	94089	6816
93928	97042	94089	6816
93928	97042	94089	6816
93928	97042	94089	6816
93928	97042	94089	6816
93929	97042	94089	6816
93929	97042	94089	6816
93928	97042	94089	6816
93929	97042	94089	6816
93928	97042	94089	6816
93929	97042	94090	6817
93929	97042	94089	6816
93929	97042	94089	6816
93929	97042	94089	6816
93929	97042	94089	6816
93929	97042	94089	6816
93929	97042	94089	6816
93929	97042	94089	6816
93929	97042	94089	6816
93929	97042	94089	6816
93929	97042	94089	6816
93929	97042	94089	6816
93929	97042	94089	6816
93929	97042	94089	6816
93929	97042	94089	6816
93929	97042	94090	6816
93929	97042	94089	6816
93929	97042	94089	6816
93930	97042	94089	6816
93930	97042	94089	6816
93930	97042	94089	6816
93930	97042	94089	6816
93930	97042	94090	6816
89136	91896	89192	6783
86375	89139	86235	6785
83502	86303	83393	6787
78037	80819	78003	6790
75149	77933	75106	6790
72262	75042	72174	6788
69531	72278	69460	6789
63543	66328	63519	6789
60831	63621	60742	6789
58092	60863	58076	6789
52703	55426	52612	6790
49810	52565	49741	6789
44360	47091	44280	6787
41474	44204	41404	6789
38576	41322	38520	6789
35864	38654	35744	6790
30295	33053	30172	6790
27381	30151	27296	6789
24442	27250	24384	6790
18914	21603	18820	6791
16166	18950	16037	6789
13524	16181	13381	6789
7873	10608	7805	6788
5231	7871	5061	6790
2278	5041	2113	6792
89	78	-1	6790
90	87	0	6788
90	88	1	6790
-1000	-1000	-1000	-1000
90	88	1	6789
90	88	1	6788
90	88	1	6790
90	88	1	6790
