84	102	167	62
84	103	167	62
84	102	167	61
84	102	167	61
111	107	179	62
430	411	300	61
1053	1049	973	61
1324	1307	1375	61
1608	1667	1671	61
1914	1953	1875	61
2461	2498	2502	62
2798	2752	2756	61
3059	3066	3118	61
3321	3359	3361	61
3918	3899	3963	61
4202	4234	4207	61
4546	4511	4530	61
4810	4790	4850	61
5380	5365	5408	61
5656	5658	5690	61
5993	5955	5931	61
6505	6513	6501	61
6809	6760	6814	61
7092	7089	7113	61
7388	7373	7337	61
7907	7931	7895	61
8221	8146	8204	61
8474	8475	8505	61
9051	9015	9093	61
9306	9302	9306	61
9630	9577	9600	61
10119	10143	10127	61
10484	10406	10460	61
10675	10696	10677	61
11252	11242	11245	61
11497	11546	11464	61
11823	11774	11815	61
12362	12314	12307	61
12628	12666	12605	61
12886	12889	12872	61
13421	13406	13428	61
13740	13678	13680	61
13978	13965	13989	61
14576	14523	14563	61
14807	14765	14802	61
15114	15075	15039	61
15364	15356	15403	61
15961	15918	15921	61
16205	16160	16213	61
16504	16463	16423	61
17026	16990	16975	61
17342	17293	17295	61
17686	17651	17678	61
17956	17964	17940	61
18511	18503	18514	61
18794	18820	18735	60
19187	19150	19119	61
19419	19407	19400	61
20015	19938	19993	61
20253	20305	20212	61
20567	20488	20523	61
20814	20834	20773	61
21432	21349	21408	61
21697	21678	21666	61
21947	21944	21928	61
22484	22506	22463	61
22803	22735	22776	61
23046	23022	23014	61
23591	23578	23600	61
23867	23834	23832	61
24173	24128	24109	61
24694	24658	24595	61
24969	24936	24983	61
25233	25200	25177	61
25773	25733	25760	61
26063	26053	25991	61
26387	26337	26348	61
26932	26908	26866	61
27171	27192	27154	61
27466	27456	27420	60
27790	27730	27721	61
28331	28324	28288	60
28624	28573	28600	61
28873	28869	28854	61
29450	29387	29436	61
29698	29705	29663	61
30018	29930	29998	61
30232	30232	30224	60
30884	30810	30850	61
31096	31101	31076	61
31467	31363	31391	61
31964	31925	31893	61
32278	32197	32266	61
32521	32513	32490	61
32843	32751	32762	61
33388	33379	33318	61
33700	33619	33650	61
33935	33899	33912	61
34499	34453	34464	60
34743	34728	34693	61
35066	34995	35018	61
35598	35536	35492	61
35864	35837	35842	60
36124	36125	36061	61
36709	36683	36681	61
36986	36964	36913	61
37250	37229	37247	61
37838	37789	37769	61
38069	38096	38075	61
38356	38333	38296	61
38634	38601	38627	61
39213	39146	39159	61
39502	39452	39482	61
39745	39758	39718	61
40319	40274	40286	61
40588	40544	40544	61
40875	40797	40856	61
41432	41352	41387	61
41681	41624	41646	61
41944	41923	41899	61
42486	42508	42477	61
42841	42760	42784	61
43121	43102	43105	61
43354	43398	43318	61
43908	43918	43901	61
44227	44203	44186	61
44486	44443	44491	61
45137	45084	45082	61
45338	45315	45376	61
45648	45619	45579	61
45884	45903	45930	61
46526	46481	46455	61
46777	46795	46798	61
47041	47032	47029	61
47609	47588	47625	61
47895	47864	47856	61
48151	48144	48185	61
48449	48419	48447	61
49024	48986	49038	60
49306	49305	49301	61
49630	49556	49596	61
50141	50124	50119	61
50431	50368	50420	61
50646	50679	50670	61
51272	51237	51275	61
51527	51580	51519	61
51848	51779	51850	61
52392	52321	52356	61
52631	52613	52640	61
52892	52906	52879	61
53423	53439	53437	61
53752	53687	53707	61
53990	53964	54015	60
54273	54310	54265	61
54830	54841	54849	61
55155	55109	55099	61
55377	55366	55423	60
55942	55924	55957	61
56190	56197	56223	61
56507	56474	56433	61
57019	57055	57016	61
57315	57279	57308	61
57565	57591	57591	61
58120	58128	58188	61
58404	58433	58423	61
58723	58697	58687	61
58982	58990	59018	61
59548	59577	59588	61
59875	59867	59877	61
60165	60161	60136	61
60446	60424	60460	61
61023	60972	60992	61
61271	61251	61282	60
61546	61573	61539	61
62098	62096	62097	61
62409	62384	62384	61
62704	62679	62714	60
63297	63240	63266	61
63534	63520	63533	61
63800	63821	63795	61
64126	64096	64128	61
64707	64695	64660	60
64965	64956	65004	61
65215	65255	65229	61
65790	65793	65819	61
66098	66075	66040	61
66332	66332	66371	61
66942	66897	66902	61
67159	67156	67198	60
67480	67457	67406	61
67714	67735	67771	61
68313	68276	68282	61
68554	68586	68608	61
68859	68865	68816	61
69399	69404	69419	61
69738	69734	69708	61
69991	69998	70035	60
70273	70284	70280	61
70842	70820	70848	61
71089	71139	71108	61
71430	71379	71434	60
71964	71941	71954	61
72258	72245	72262	61
72515	72553	72534	61
73082	73071	73095	61
73353	73375	73344	61
73645	73630	73663	60
73917	73934	73934	61
74495	74481	74530	61
74749	74784	74756	61
75069	75018	75066	61
75636	75602	75582	61
75879	75891	75952	61
76140	76169	76164	61
76708	76756	76769	60
77015	77031	76965	61
77240	77278	77334	61
77552	77579	77590	61
78110	78138	78172	60
78388	78413	78398	60
78644	78675	78713	60
79250	79234	79238	61
79513	79552	79596	61
79791	79831	79812	61
80020	80075	80081	61
80569	80633	80518	60
80759	80876	80704	61
80892	81140	80856	63
81304	81554	81093	84
81485	81735	81216	92
81658	81884	81422	97
81694	81948	81432	99
81695	81949	81432	99
81695	81950	81432	99
81696	81951	81432	100
81697	81952	81432	100
81697	81956	81433	100
81698	81965	81433	100
81698	81965	81433	100
81698	81966	81433	101
81698	81967	81433	100
81698	81967	81433	101
81698	81967	81433	101
81699	81967	81433	100
81699	81967	81433	101
81699	81967	81433	101
81699	81968	81433	101
81699	81968	81433	100
81699	81968	81433	101
81699	81969	81433	100
81699	81969	81433	100
81699	81969	81433	101
81700	81968	81433	100
81700	81969	81433	101
81700	81970	81433	101
81700	81970	81433	101
81700	81970	81433	101
81700	81971	81433	101
81700	81971	81433	101
81700	81971	81433	101
81700	81970	81433	101
81700	81971	81433	101
81700	81971	81433	100
81700	81970	81433	101
81700	81971	81433	101
81700	81971	81433	100
81701	81971	81433	101
81700	81971	81433	101
81701	81971	81433	100
81700	81971	81433	100
81700	81971	81433	101
81701	81971	81433	101
81701	81971	81433	101
81701	81972	81433	101
81701	81972	81433	101
81700	81972	81433	100
81701	81972	81433	101
81701	81972	81433	100
81701	81973	81433	101
81701	81973	81433	100
81700	81973	81433	101
81701	81973	81433	101
81701	81973	81433	100
81701	81972	81433	100
81701	81973	81433	101
81701	81973	81433	100
81701	81977	81433	100
81701	81977	81433	100
81701	81977	81433	101
81701	81977	81433	101
81701	81977	81433	101
81701	81977	81433	101
81701	81977	81433	100
81701	81977	81433	101
81701	81977	81433	101
81701	81979	81433	100
81701	81979	81433	101
81701	81979	81433	101
81701	81979	81433	101
81701	81979	81433	101
81701	81979	81433	101
81701	81979	81433	101
81701	81979	81433	101
81701	81979	81433	100
81701	81979	81433	101
81702	81979	81433	100
81701	81980	81433	100
81702	81980	81433	100
81701	81980	81433	100
81702	81980	81433	100
81702	81979	81433	101
81701	81980	81433	101
81702	81980	81433	101
81702	81980	81433	100
81702	81980	81433	101
81702	81980	81433	101
81702	81980	81433	100
81702	81980	81433	101
81702	81980	81433	101
81702	81980	81433	101
81702	81980	81433	101
81702	81980	81433	100
81702	81980	81433	100
81702	81980	81433	101
81702	81980	81433	101
81702	81980	81433	101
81702	81980	81434	101
81702	81980	81433	100
81702	81981	81433	101
81702	81981	81433	101
81702	81980	81433	100
81702	81981	81433	100
80038	79778	80346	94
77075	76883	76998	68
71563	71485	71624	65
68604	68543	68745	65
65882	65838	66048	64
60435	60397	60603	63
57695	57635	57830	62
54997	54964	55138	62
49611	49512	49707	60
46839	46813	46974	59
44153	44078	44252	60
41053	41008	41142	59
35616	35597	35754	59
32707	32674	32828	59
30011	29963	30177	59
24190	24110	24272	59
21509	21415	21606	59
18831	18710	18879	59
13197	13083	13235	58
10465	10350	10593	59
7524	7465	7634	58
2078	2105	2213	58
32	81	151	56
42	86	159	60
44	86	159	58
-1000	-1000	-1000	-1000
45	87	160	58
45	86	159	58
45	86	159	58
46	87	160	59
45	87	159	59
46	87	160	59
46	87	159	179
46	87	160	282
46	87	160	678
46	87	160	813
45	87	160	959
46	87	160	1066
46	87	159	1290
46	87	160	1375
45	87	160	1386
46	87	160	1384
46	87	159	1382
46	87	160	1382
46	87	159	1381
46	87	159	1380
46	87	159	1380
67	93	168	1380
732	855	895	1379
1029	942	937	1380
1263	1271	1383	1379
1858	1797	1859	1379
2087	2088	2135	1379
2365	2400	2362	1379
2910	2954	2943	1379
3272	3212	3210	1379
3482	3466	3530	1379
4040	4014	4070	1379
4292	4326	4326	1379
4621	4589	4561	1379
5111	5161	5115	1379
5417	5428	5428	1379
5645	5663	5676	1379
6225	6235	6258	1380
6481	6500	6480	1380
6818	6787	6807	1379
7362	7333	7307	1379
7600	7591	7640	1380
7874	7910	7874	1380
8254	8171	8215	1379
8778	8801	8760	1380
9072	9040	9100	1380
9303	9340	9311	1380
9664	9688	9636	1380
10213	10257	10214	1380
10541	10485	10504	1379
10809	10788	10790	1379
11058	11118	11065	1379
11649	11621	11637	1380
11920	11941	11884	1380
12223	12191	12208	1380
12805	12766	12746	1380
13047	13042	13034	1380
13294	13353	13269	1380
13855	13888	13861	1380
14191	14180	14128	1380
14421	14390	14427	1380
14976	14933	14990	1380
15241	15269	15242	1380
15556	15518	15476	1380
16064	16083	16028	1380
16348	16348	16354	1380
16630	16644	16647	1380
16935	16909	16860	1380
17445	17462	17415	1380
17785	17719	17745	1380
18304	18311	18260	1380
18601	18572	18599	1381
18820	18863	18825	1381
19393	19399	19381	1380
19681	19692	19632	1381
19961	19939	19971	1381
20541	20468	20497	1381
20771	20810	20729	1381
21047	21077	21007	1381
21324	21308	21333	1381
21912	21872	21887	1380
22192	22190	22168	1381
22428	22479	22417	1381
22998	23000	22984	1380
23302	23292	23262	1381
23549	23558	23562	1381
24118	24100	24116	1381
24355	24351	24367	1380
24684	24665	24616	1380
24948	24949	24981	1381
25540	25515	25484	1381
25774	25767	25790	1380
26053	26087	26039	1381
26600	26602	26622	1381
26932	26941	26892	1381
27172	27183	27187	1381
27445	27466	27447	1381
28042	28059	28046	1381
28330	28372	28326	1381
28622	28609	28635	1381
29191	29164	29161	1381
29448	29441	29488	1381
29689	29752	29698	1381
30228	30291	30266	1381
30560	30555	30524	1381
30801	30813	30831	1381
31406	31329	31388	1381
31604	31673	31651	1381
31930	31868	31890	1381
32419	32492	32441	1381
32743	32697	32753	1382
32974	33030	33038	1381
33324	33367	33306	1381
33641	33614	33655	1382
34226	34229	34196	1382
34480	34486	34514	1382
34739	34767	34755	1382
35284	35273	35318	1382
35595	35595	35528	1382
35850	35874	35902	1382
36409	36414	36418	1382
36659	36682	36693	1382
36962	36975	36935	1381
37551	37556	37588	1382
37847	37891	37825	1381
38108	38141	38175	1382
38385	38433	38394	1382
38961	38968	38990	1382
39236	39260	39234	1382
39538	39505	39557	1382
40105	40048	40055	1382
40371	40353	40425	1382
40629	40682	40627	1382
41193	41281	41209	1382
41495	41471	41448	1382
41745	41742	41792	1382
42005	42063	42021	1382
42563	42600	42573	1382
42859	42862	42823	1382
43130	43121	43147	1382
43709	43674	43686	1382
43906	43967	43923	1382
44229	44244	44213	1382
44715	44785	44757	1382
45069	45011	45052	1382
45605	45571	45542	1382
45827	45840	45903	1382
46118	46130	46129	1382
46427	46397	46406	1382
46979	47012	46945	1382
47220	47222	47279	1382
47486	47540	47525	1382
48042	48042	48101	1383
48356	48363	48316	1382
48624	48617	48667	1382
49217	49189	49168	1382
49431	49447	49468	1383
49724	49753	49683	1383
50255	50263	50276	1383
50581	50533	50546	1382
50822	50809	50838	1383
51089	51114	51054	1382
51663	51690	51657	1382
51960	51961	51950	1382
52222	52201	52227	1383
52847	52813	52833	1383
53095	53094	53127	1382
53367	53409	53370	1382
53683	53641	53686	1383
54248	54270	54232	1382
54575	54529	54592	1383
54832	54852	54855	1382
55151	55123	55112	1382
55681	55676	55698	1382
56026	56020	55996	1383
56243	56237	56274	1383
56794	56807	56852	1383
57084	57086	57116	1382
57402	57342	57354	1382
57924	57928	57888	1382
58161	58184	58231	1382
58465	58467	58494	1382
58791	58752	58748	1383
59320	59327	59333	1382
59613	59572	59628	1382
59891	59865	59920	1382
60458	60441	60490	1382
60690	60736	60739	1383
61011	60955	61008	1382
61284	61275	61326	1382
61883	61828	61890	1383
62145	62123	62184	1382
62414	62412	62413	1383
62755	62704	62779	1383
63309	63258	63274	1382
63539	63536	63556	1382
63798	63829	63820	1382
64436	64435	64476	1383
64733	64727	64709	1383
65011	65000	65070	1383
65615	65544	65568	1383
65832	65833	65903	1382
66122	66107	66122	1383
66375	66371	66413	1382
66984	66947	66937	1382
67203	67210	67274	1382
67493	67502	67490	1382
68023	68048	68058	1382
68349	68307	68339	1383
68580	68601	68652	1383
69148	69103	69176	1382
69423	69429	69478	1382
69728	69727	69743	1382
70036	70005	70070	1382
70606	70591	70598	1382
70902	70841	70924	1382
71135	71164	71183	1382
71719	71688	71733	1382
71991	72003	72006	1382
72278	72239	72303	1382
72837	72793	72829	1382
73106	73069	73132	1382
73364	73386	73353	1382
73648	73611	73676	1383
74255	74189	74223	1382
74500	74439	74516	1382
74759	74766	74768	1382
75344	75325	75376	1383
75666	75618	75629	1383
75939	75905	75974	1383
76520	76444	76465	1383
76753	76702	76799	1382
77047	77027	77018	1382
77562	77538	77591	1382
77880	77798	77837	1382
78124	78099	78177	1382
78434	78403	78410	1382
79006	78945	79012	1382
79294	79256	79263	1383
79595	79555	79605	1382
79860	79826	79862	1382
80395	80358	80415	1383
80673	80679	80652	1383
80910	80945	80952	1384
81491	81492	81463	1383
81644	81741	81664	1386
81838	82048	81845	1404
82202	82605	82093	1411
82363	82871	82282	1413
82485	83123	82428	1414
82606	83342	82746	1417
82836	83755	83008	1421
82839	83888	83009	1422
82841	84095	83010	1425
82850	84403	83010	1430
82862	84480	83010	1432
82869	84483	83010	1433
82878	84486	83010	1432
82881	84487	83010	1433
82883	84488	83010	1432
82884	84489	83010	1432
82886	84499	83010	1433
82887	84500	83011	1433
82888	84500	83010	1433
82889	84501	83010	1433
82889	84501	83010	1433
82890	84501	83011	1433
82891	84502	83010	1433
82891	84502	83010	1433
82891	84503	83010	1433
82892	84503	83010	1433
82892	84504	83011	1433
82893	84504	83011	1433
82893	84504	83011	1433
82893	84504	83011	1433
82893	84506	83011	1433
82894	84506	83011	1433
82894	84506	83011	1433
82894	84506	83011	1433
82895	84506	83011	1433
82895	84507	83011	1433
82895	84507	83011	1433
82895	84507	83011	1433
82895	84507	83011	1433
82895	84507	83011	1433
82895	84507	83011	1433
82895	84507	83011	1433
82896	84507	83011	1433
82896	84507	83011	1433
82896	84507	83011	1433
82896	84508	83011	1433
82896	84507	83011	1433
82896	84507	83011	1433
82896	84508	83011	1433
82897	84508	83011	1433
82897	84508	83011	1433
82896	84508	83011	1433
82897	84508	83011	1433
82897	84508	83011	1433
82897	84508	83011	1433
82897	84509	83011	1433
82897	84508	83011	1433
82897	84509	83011	1433
82897	84508	83011	1433
82897	84509	83011	1433
82897	84509	83011	1433
82897	84509	83011	1433
82898	84509	83011	1434
82897	84509	83011	1433
82898	84509	83011	1433
82898	84509	83011	1433
82898	84509	83011	1433
82898	84509	83011	1433
82898	84509	83011	1433
82898	84509	83011	1433
82898	84510	83011	1433
82898	84509	83011	1433
82898	84510	83011	1433
82898	84509	83011	1433
82898	84510	83011	1433
82899	84510	83011	1433
82899	84510	83011	1433
82899	84510	83011	1433
82899	84510	83011	1433
82898	84510	83011	1433
82898	84510	83011	1433
82899	84510	83011	1433
82899	84510	83011	1433
82899	84510	83011	1433
82899	84510	83011	1433
82899	84510	83011	1433
82899	84510	83011	1433
82899	84510	83011	1433
82899	84510	83011	1433
82899	84510	83011	1433
82899	84510	83011	1433
82899	84510	83011	1434
82899	84510	83011	1433
82899	84510	83011	1433
82899	84510	83011	1433
82899	84510	83011	1433
82899	84510	83011	1433
82899	84510	83011	1433
82899	84511	83011	1433
82900	84510	83011	1433
82899	84511	83011	1433
82899	84511	83011	1433
82900	84511	83011	1433
82899	84511	83011	1433
82900	84511	83011	1433
82899	84511	83011	1433
82899	84511	83011	1433
82900	84511	83011	1433
82899	84511	83011	1433
82900	84511	83011	1433
82899	84511	83011	1433
81572	83157	81923	1423
75405	77013	75581	1379
72522	74163	72731	1380
69830	71427	70077	1384
67107	68688	67354	1382
61499	63081	61729	1382
58625	60146	58888	1382
55530	57048	55829	1382
50081	51682	50357	1382
47328	48976	47623	1382
44680	46303	44929	1383
39255	40838	39524	1382
36560	38068	36749	1382
33836	35373	34099	1382
28041	29567	28267	1382
25299	26899	25566	1383
22612	24139	22858	1382
19915	21511	20091	1383
14321	15876	14543	1383
11574	13151	11786	1383
8906	10393	9060	1383
3226	4738	3453	1383
584	2090	1086	1383
52	86	158	1386
54	92	161	1390
-1000	-1000	-1000	-1000
55	92	160	1390
56	92	160	1389
56	92	161	1388
56	92	161	1388
56	92	161	1388
56	92	161	1451
56	91	161	1529
56	92	161	1671
56	92	161	2072
56	91	161	2215
57	91	161	2351
56	91	160	2592
56	92	160	2699
56	91	161	2770
56	92	161	2816
56	92	160	2786
56	92	160	2770
56	91	160	2772
56	92	160	2772
56	91	161	2771
57	91	160	2772
78	97	171	2772
736	853	919	2772
1086	1007	968	2772
1386	1334	1407	2772
1641	1686	1682	2771
2223	2187	2297	2772
2456	2483	2480	2773
2797	2721	2773	2771
3303	3309	3306	2772
3593	3565	3639	2771
3848	3870	3884	2771
4403	4446	4458	2770
4689	4656	4664	2771
4938	4940	4985	2772
5228	5215	5260	2772
5822	5831	5874	2772
6097	6095	6116	2772
6413	6361	6396	2773
6945	6947	6948	2772
7209	7214	7256	2771
7476	7489	7507	2772
8045	8094	8082	2771
8312	8333	8305	2772
8600	8582	8632	2771
9159	9129	9146	2772
9442	9406	9438	2772
9654	9708	9695	2772
10229	10256	10261	2772
10545	10522	10533	2772
10817	10790	10827	2772
11376	11309	11362	2772
11604	11617	11613	2772
11911	11904	11884	2772
12168	12150	12172	2772
12761	12720	12731	2772
13016	13028	13022	2772
13284	13339	13263	2772
13816	13828	13851	2773
14189	14140	14138	2772
14406	14400	14436	2772
14990	14959	15007	2772
15246	15239	15264	2773
15580	15559	15525	2773
15801	15804	15875	2773
16379	16357	16371	2773
16629	16635	16648	2773
16937	16930	16865	2772
17445	17469	17407	2773
17752	17723	17735	2773
17981	18033	17998	2773
18581	18574	18598	2773
18817	18881	18827	2773
19170	19132	19112	2773
19720	19769	19684	2773
20004	19983	20013	2774
20246	20295	20224	2773
20807	20830	20783	2773
21058	21097	21043	2774
21362	21342	21380	2774
21579	21617	21592	2774
22209	22206	22220	2773
22475	22526	22500	2774
22800	22813	22766	2774
23314	23355	23290	2774
23587	23580	23616	2774
23846	23879	23854	2773
24388	24402	24438	2774
24687	24698	24622	2773
24990	24991	25009	2774
25555	25570	25499	2774
25784	25814	25818	2774
26067	26126	26036	2774
26595	26623	26611	2774
26902	26911	26874	2774
27151	27157	27161	2774
27421	27452	27420	2774
28028	28043	28037	2774
28299	28355	28281	2774
28576	28552	28599	2774
29166	29123	29133	2774
29424	29405	29446	2774
29690	29748	29681	2774
30227	30293	30252	2775
30581	30580	30533	2774
30841	30832	30856	2774
31078	31121	31082	2774
31656	31658	31667	2775
31961	31997	31924	2774
32258	32238	32298	2774
32824	32796	32773	2774
33061	33090	33087	2774
33367	33455	33375	2774
33704	33682	33675	2774
33932	33965	33968	2774
34542	34551	34551	2775
34818	34827	34830	2774
35142	35144	35101	2774
35668	35682	35653	2774
35988	35969	35970	2774
36220	36213	36227	2774
36774	36774	36808	2775
37048	37066	37061	2775
37357	37329	37319	2775
37880	37898	37836	2774
38138	38146	38182	2775
38401	38436	38414	2775
38970	38973	38978	2774
39252	39294	39224	2775
39546	39545	39542	2775
40107	40048	40041	2775
40343	40339	40360	2775
40617	40641	40578	2775
41156	41196	41155	2774
41480	41440	41422	2775
41723	41705	41715	2775
42290	42239	42257	2775
42501	42551	42506	2775
42844	42805	42798	2775
43124	43110	43103	2775
43729	43660	43678	2775
43926	43964	43912	2774
44245	44310	44212	2775
44732	44812	44754	2775
45122	45030	45062	2774
45320	45336	45346	2775
45630	45635	45576	2775
46165	46157	46173	2774
46494	46467	46427	2775
46719	46729	46728	2775
47272	47275	47287	2775
47548	47557	47546	2775
47859	47836	47799	2775
48383	48402	48328	2775
48667	48651	48669	2775
48926	48927	48914	2775
49477	49518	49503	2775
49773	49768	49727	2775
50080	50039	50063	2775
50598	50593	50569	2775
50899	50859	50880	2775
51117	51155	51098	2775
51687	51687	51666	2775
51958	51966	51940	2775
52271	52226	52256	2775
52499	52544	52482	2775
53081	53054	53078	2774
53342	53357	53324	2774
53667	53630	53665	2775
54243	54274	54216	2775
54559	54516	54556	2774
54762	54827	54798	2775
55339	55340	55358	2775
55640	55628	55589	2775
55877	55870	55917	2775
56451	56420	56416	2775
56687	56668	56712	2775
56984	57000	56935	2775
57505	57524	57503	2775
57796	57768	57774	2775
58043	58026	58069	2774
58628	58608	58658	2775
58884	58920	58908	2775
59210	59193	59159	2775
59730	59754	59712	2775
60028	60002	60027	2775
60260	60278	60278	2775
60583	60534	60527	2775
61086	61144	61079	2775
61401	61349	61411	2775
61660	61673	61663	2775
62238	62218	62266	2775
62483	62553	62495	2775
62823	62783	62807	2775
63356	63368	63329	2775
63644	63616	63640	2775
63905	63912	63915	2775
64239	64221	64195	2775
64766	64780	64757	2775
65108	65116	65089	2775
65389	65369	65403	2775
65652	65660	65621	2775
66192	66176	66198	2775
66505	66466	66441	2775
66751	66734	66767	2775
67297	67301	67314	2775
67564	67553	67580	2775
67871	67829	67821	2775
68392	68382	68367	2775
68670	68658	68687	2775
68942	68953	68964	2775
69510	69493	69534	2775
69772	69774	69777	2775
70097	70064	70074	2775
70629	70640	70595	2775
70908	70878	70903	2775
71123	71160	71146	2775
71496	71421	71465	2775
71987	72016	71995	2775
72377	72304	72364	2775
72625	72612	72615	2775
72907	72915	72869	2775
73480	73498	73494	2775
73817	73816	73784	2775
74085	74088	74103	2775
74378	74365	74374	2775
74944	74903	74954	2775
75220	75213	75191	2775
75501	75478	75516	2775
76072	76035	76039	2775
76294	76297	76314	2775
76609	76607	76604	2775
77151	77125	77172	2775
77457	77414	77408	2775
77686	77673	77719	2775
78275	78242	78252	2775
78533	78577	78555	2775
78820	78752	78777	2775
79346	79361	79364	2775
79666	79594	79633	2775
79910	79904	79909	2775
80184	80195	80147	2775
80719	80756	80721	2775
81046	80994	81004	2776
81550	81558	81489	2779
81794	81790	81761	2779
82066	82106	82065	2780
82338	82378	82329	2781
82713	82975	82704	2807
82859	83202	82830	2812
83020	83472	83009	2814
83034	83997	83341	2814
83035	84285	83505	2815
83035	84517	83827	2815
83035	84993	84165	2818
83035	85178	84166	2819
83035	85356	84166	2819
83036	85521	84166	2821
83036	85750	84166	2824
83036	85752	84166	2823
83036	85756	84166	2824
83036	85758	84166	2824
83036	85758	84166	2824
83036	85759	84166	2824
83037	85760	84166	2824
83036	85762	84166	2824
83037	85762	84166	2824
83037	85763	84166	2824
83037	85763	84167	2824
83037	85763	84166	2824
83037	85764	84167	2824
83037	85764	84167	2824
83036	85764	84166	2824
83037	85764	84166	2824
83037	85764	84166	2824
83037	85765	84166	2824
83037	85765	84166	2824
83037	85765	84166	2824
83037	85765	84167	2824
83037	85765	84167	2824
83037	85765	84166	2824
83037	85766	84166	2824
83037	85766	84166	2824
83037	85766	84167	2824
83037	85766	84166	2824
83037	85766	84166	2824
83037	85766	84166	2824
83037	85767	84167	2824
83037	85766	84166	2824
83037	85767	84166	2824
83037	85767	84167	2824
83037	85767	84167	2824
83037	85767	84167	2824
83037	85767	84167	2824
83037	85767	84166	2824
83037	85767	84167	2824
83037	85768	84167	2824
83037	85767	84167	2824
83037	85767	84166	2824
83037	85768	84167	2824
83037	85768	84167	2824
83037	85768	84167	2824
83037	85768	84167	2823
83037	85768	84167	2824
83037	85768	84167	2824
83037	85768	84166	2823
83037	85768	84167	2824
83037	85768	84166	2824
83037	85769	84167	2824
83037	85769	84167	2824
83037	85769	84167	2824
83037	85769	84167	2824
83037	85769	84167	2824
83037	85769	84167	2824
83037	85769	84167	2824
83037	85769	84167	2824
83037	85769	84167	2824
83037	85769	84167	2824
83037	85769	84167	2824
83037	85769	84166	2824
83037	85769	84167	2824
83037	85769	84167	2824
83037	85769	84167	2824
83037	85769	84167	2824
83037	85769	84167	2824
83037	85769	84167	2824
83037	85769	84167	2824
83037	85769	84167	2824
83037	85769	84167	2823
83037	85769	84167	2824
83037	85769	84167	2824
83037	85769	84167	2824
83037	85770	84167	2824
83037	85770	84167	2824
83037	85770	84167	2824
83037	85769	84167	2824
83037	85770	84167	2824
83037	85770	84167	2824
83037	85769	84167	2824
83037	85770	84167	2824
83037	85770	84167	2824
83037	85769	84167	2824
83037	85770	84167	2824
83037	85770	84167	2824
83037	85769	84167	2824
83037	85770	84167	2824
83037	85770	84167	2824
83037	85770	84167	2824
83037	85770	84167	2824
83037	85770	84166	2824
83037	85770	84167	2824
83037	85770	84167	2824
83037	85770	84167	2824
83037	85770	84167	2824
83038	85770	84167	2824
83037	85770	84167	2824
83037	85770	84167	2824
83037	85771	84167	2824
83037	85771	84167	2824
81139	83490	82475	2806
78361	80622	79386	2770
72821	75306	73974	2772
69849	72276	71003	2772
66857	69323	67974	2772
61391	63898	62516	2772
58699	61129	59826	2774
55807	58277	56946	2774
53119	55527	54187	2774
47480	49928	48569	2776
44753	47202	45845	2777
41498	43921	42563	2776
35879	38342	36896	2775
33162	35647	34254	2775
30487	32889	31502	2777
24675	27099	25737	2777
21999	24368	23059	2776
19221	21705	20333	2775
16516	18942	17586	2775
10712	13220	11786	2777
7980	10458	9114	2777
5281	7783	6391	2776
61	2024	938	2776
69	77	157	2779
69	83	159	2780
-1000	-1000	-1000	-1000
70	83	159	2779
70	84	159	2778
70	84	159	2778
70	84	159	2779
70	84	159	2778
70	84	159	2778
70	84	159	2851
70	84	159	3110
70	84	159	3312
70	84	159	3475
70	84	158	3743
70	84	158	3875
70	84	158	3972
70	84	158	4144
70	84	158	4179
70	84	158	4197
70	84	158	4153
70	84	158	4150
70	84	158	4151
70	84	158	4150
70	84	158	4150
92	89	168	4150
743	839	888	4150
1025	956	940	4150
1236	1266	1383	4150
1832	1814	1865	4151
2085	2091	2109	4152
2359	2379	2357	4152
2875	2927	2908	4152
3250	3178	3206	4152
3447	3454	3484	4152
3762	3788	3748	4152
4310	4293	4360	4151
4653	4629	4607	4151
4873	4871	4947	4151
5447	5416	5449	4152
5667	5711	5720	4152
6006	5975	5971	4152
6497	6521	6534	4151
6837	6819	6842	4152
7094	7119	7147	4152
7396	7443	7385	4152
7923	7986	7972	4152
8267	8209	8227	4152
8489	8501	8548	4152
9087	9052	9116	4152
9323	9332	9356	4152
9646	9700	9666	4151
9979	9928	9993	4152
10533	10481	10517	4152
10746	10750	10777	4151
11052	11082	11077	4152
11604	11593	11637	4151
11916	11950	11907	4151
12206	12204	12244	4152
12767	12734	12752	4152
13007	12985	13033	4152
13282	13293	13288	4151
13812	13848	13888	4151
14181	14125	14150	4151
14413	14415	14505	4152
14684	14726	14726	4152
15258	15246	15337	4152
15560	15547	15533	4151
15790	15789	15900	4152
16391	16363	16386	4152
16630	16639	16710	4151
16946	16959	16922	4152
17450	17511	17497	4152
17772	17711	17762	4152
17996	18045	18066	4152
18544	18556	18629	4151
18824	18861	18882	4152
19159	19125	19142	4151
19691	19743	19701	4152
19953	19931	20015	4152
20202	20245	20240	4152
20766	20782	20801	4152
21045	21066	21059	4152
21339	21323	21399	4152
21571	21615	21634	4152
22223	22204	22287	4152
22477	22521	22554	4151
22803	22797	22794	4151
23041	23073	23115	4151
23613	23637	23654	4152
23875	23879	23965	4152
24468	24491	24555	4151
24722	24784	24807	4152
25067	25038	25040	4151
25312	25341	25428	4152
25924	25887	25947	4152
26169	26210	26252	4152
26490	26513	26473	4151
26985	27021	27045	4152
27288	27288	27328	4151
27534	27559	27611	4152
28075	28115	28176	4151
28359	28447	28408	4151
28665	28631	28709	4152
28916	28953	28991	4152
29485	29487	29582	4152
29741	29804	29833	4152
30099	30091	30098	4151
30595	30642	30645	4152
30889	30889	30950	4152
31104	31183	31205	4151
31718	31772	31810	4151
31989	32024	32064	4152
32311	32301	32334	4152
32554	32587	32678	4151
33105	33147	33195	4152
33399	33434	33472	4151
33672	33677	33694	4151
34251	34286	34300	4151
34522	34555	34591	4151
34776	34790	34864	4151
35339	35377	35430	4151
35637	35686	35683	4151
35906	35914	35964	4152
36456	36455	36485	4151
36708	36729	36813	4152
36992	37033	37069	4151
37248	37296	37317	4152
37840	37871	37866	4151
38080	38105	38197	4151
38368	38415	38463	4152
38915	38950	39029	4151
39220	39256	39271	4151
39494	39511	39580	4151
40070	40079	40099	4152
40335	40353	40463	4151
40632	40685	40728	4152
40932	40911	40989	4151
41484	41515	41505	4151
41740	41778	41857	4151
41998	42081	42128	4152
42614	42658	42713	4152
42885	42963	42982	4152
43174	43196	43228	4152
43748	43764	43753	4151
43973	44034	44092	4152
44259	44338	44326	4152
44564	44622	44643	4152
45138	45134	45158	4151
45373	45428	45484	4152
45649	45686	45737	4151
46160	46290	46292	4151
46504	46541	46540	4151
46727	46782	46848	4151
47307	47376	47379	4151
47560	47645	47684	4151
47866	47934	47949	4152
48425	48469	48539	4152
48722	48769	48766	4152
48963	49017	49083	4151
49528	49595	49613	4151
49794	49876	49906	4151
50101	50157	50145	4151
50605	50695	50696	4152
50934	50940	50984	4152
51158	51240	51292	4151
51723	51792	51836	4151
51960	52049	52066	4152
52284	52338	52360	4152
52834	52907	52866	4152
53093	53157	53222	4152
53361	53467	53459	4151
53672	53708	53733	4151
54232	54317	54300	4151
54491	54539	54605	4151
54736	54853	54872	4151
55350	55441	55493	4151
55648	55699	55738	4152
55905	55960	55999	4151
56502	56548	56525	4152
56738	56822	56868	4151
57027	57110	57161	4151
57305	57401	57376	4152
57907	57971	57989	4151
58133	58216	58255	4151
58435	58490	58558	4151
58777	58822	58823	4151
59299	59382	59408	4151
59586	59671	59662	4152
59862	59925	59982	4151
60412	60475	60517	4152
60680	60766	60795	4152
60998	61040	61038	4151
61522	61604	61587	4151
61792	61855	61891	4152
62064	62149	62183	4151
62620	62676	62736	4152
62886	62967	62981	4151
63185	63217	63257	4151
63768	63854	63821	4151
64015	64105	64128	4151
64271	64356	64366	4151
64822	64904	64969	4152
65142	65226	65201	4152
65396	65469	65508	4151
65652	65745	65773	4152
66248	66307	66379	4151
66538	66600	66636	4152
66823	66896	66902	4152
67098	67200	67230	4151
67651	67748	67783	4152
67942	67983	68048	4151
68242	68293	68309	4152
68810	68872	68871	4151
69042	69156	69163	4151
69322	69405	69442	4151
69873	69938	69999	4151
70175	70242	70232	4151
70442	70518	70555	4152
71045	71103	71081	4151
71281	71327	71388	4151
71530	71623	71618	4152
72080	72180	72181	4151
72412	72469	72459	4152
72670	72753	72779	4152
72942	73022	73019	4151
73526	73597	73637	4152
73813	73895	73889	4151
74077	74149	74167	4151
74664	74760	74712	4152
74909	74957	75019	4151
75201	75265	75270	4152
75723	75776	75821	4152
76057	76122	76086	4151
76283	76364	76408	4151
76593	76679	76696	4151
77146	77219	77292	4152
77462	77545	77529	4151
77701	77804	77807	4152
78270	78334	78307	4152
78542	78623	78686	4152
78837	78917	78928	4151
79107	79176	79201	4152
79695	79756	79732	4152
79937	80009	80050	4152
80204	80306	80287	4151
80731	80855	80844	4151
81037	81127	81088	4152
81551	81642	81612	4152
81805	81886	81933	4152
82079	82213	82190	4152
82607	82728	82749	4152
82889	83024	83001	4152
83126	83329	83248	4152
83325	83602	83420	4159
83651	84125	83737	4181
83783	84399	83900	4180
83893	84684	84092	4181
83918	85241	84553	4180
83918	85522	84870	4179
83918	85757	85183	4178
83918	86391	85503	4177
83918	86563	85504	4177
83919	86775	85504	4178
83919	87197	85504	4183
83919	87378	85505	4183
83919	87599	85505	4186
83919	87777	85505	4189
83920	88183	85505	4194
83920	88210	85505	4195
83920	88224	85505	4195
83920	88227	85505	4195
83921	88228	85505	4194
83921	88229	85505	4194
83920	88232	85505	4194
83921	88232	85505	4195
83921	88233	85505	4195
83921	88233	85506	4195
83921	88233	85505	4195
83921	88235	85506	4195
83921	88235	85505	4195
83921	88235	85505	4195
83921	88235	85506	4194
83921	88236	85505	4195
83921	88236	85506	4194
83921	88236	85506	4195
83921	88237	85505	4195
83921	88237	85506	4195
83921	88237	85505	4194
83921	88237	85506	4195
83922	88237	85505	4194
83921	88238	85506	4194
83921	88237	85505	4195
83921	88238	85505	4194
83921	88238	85506	4195
83921	88238	85506	4195
83921	88238	85506	4195
83921	88239	85506	4195
83922	88239	85506	4195
83922	88239	85505	4195
83922	88239	85505	4194
83921	88239	85506	4195
83921	88239	85506	4194
83922	88240	85505	4194
83922	88240	85506	4194
83921	88240	85506	4194
83922	88240	85506	4195
83922	88240	85506	4195
83922	88240	85506	4194
83922	88241	85506	4194
83922	88241	85506	4195
83922	88242	85506	4194
83922	88241	85505	4194
83921	88242	85505	4194
83922	88242	85506	4194
83922	88242	85505	4195
83922	88243	85506	4194
83922	88243	85506	4195
83922	88243	85505	4195
83922	88243	85506	4194
83922	88244	85506	4194
83922	88244	85506	4194
83922	88245	85505	4194
83922	88245	85506	4195
83922	88245	85505	4195
83922	88246	85506	4194
83922	88246	85506	4194
83922	88247	85506	4195
83922	88248	85506	4195
83922	88253	85506	4195
83922	88254	85506	4194
83922	88255	85506	4194
83922	88256	85506	4195
83922	88257	85506	4194
83922	88258	85506	4195
83922	88259	85506	4194
83922	88259	85506	4195
83922	88259	85506	4194
83922	88260	85505	4194
83922	88260	85506	4194
83922	88260	85506	4195
83922	88260	85506	4194
83922	88260	85506	4194
83922	88260	85506	4194
83922	88260	85506	4195
83922	88260	85506	4194
83922	88260	85506	4195
83922	88260	85506	4194
83922	88260	85506	4194
83922	88260	85506	4194
83922	88261	85506	4195
83922	88261	85506	4194
83922	88261	85506	4194
83922	88261	85506	4195
83922	88261	85506	4194
83922	88262	85506	4194
83922	88262	85506	4194
83922	88262	85506	4194
83922	88262	85506	4194
83922	88262	85506	4194
83922	88262	85506	4194
83922	88262	85506	4195
83922	88262	85506	4195
83922	88262	85506	4194
83922	88262	85506	4194
83922	88262	85506	4194
83922	88263	85506	4195
83922	88262	85506	4194
83922	88262	85506	4195
83922	88262	85506	4195
82418	86951	84213	4186
79185	83490	80741	4146
73701	78087	75280	4145
70799	75164	72335	4145
67929	72277	69436	4145
65243	69531	66767	4145
59650	63889	61122	4145
56915	61163	58418	4145
53979	58258	55501	4145
48555	52801	50062	4145
45869	50116	47403	4146
42452	46655	43971	4146
39689	43969	41211	4146
34498	38737	36075	4145
31757	35987	33283	4146
26321	30574	27846	4146
23384	27724	24972	4146
20707	24959	22232	4145
17780	22072	19342	4145
11962	16275	13594	4147
9094	13392	10702	4149
6351	10640	7984	4148
3430	7754	5084	4147
65	1942	129	4151
66	82	140	4151
-1000	-1000	-1000	-1000
67	87	141	4151
67	88	141	4147
67	88	141	4147
67	88	141	4147
67	88	141	4147
67	88	141	4147
67	89	141	4220
67	89	141	4466
67	88	141	4670
67	88	141	4825
68	88	141	5087
67	89	141	5233
67	89	141	5314
67	88	141	5512
68	88	141	5553
67	88	141	5559
67	88	141	5517
67	88	141	5518
67	88	141	5518
67	88	141	5518
67	89	140	5518
90	94	161	5519
735	843	969	5519
1054	1097	975	5519
1298	1351	1426	5519
1605	1650	1603	5519
2151	2161	2234	5519
2395	2451	2431	5519
2788	2737	2778	5519
2995	3036	3020	5519
3604	3576	3642	5519
3842	3866	3870	5519
4181	4127	4124	5519
4708	4706	4679	5519
4963	4982	4988	5519
5229	5259	5247	5519
5774	5784	5802	5519
6054	6054	6031	5519
6335	6329	6343	5519
6926	6946	6908	5518
7185	7195	7231	5518
7457	7537	7471	5519
7783	7722	7755	5518
8309	8327	8288	5519
8653	8607	8642	5518
8886	8871	8878	5518
9470	9426	9444	5518
9664	9736	9696	5519
10047	9969	10011	5518
10550	10541	10513	5518
10790	10753	10766	5519
11033	11066	11026	5518
11608	11588	11598	5519
11908	11881	11882	5519
12159	12136	12159	5519
12768	12725	12739	5519
13013	12987	12996	5518
13289	13296	13259	5518
13797	13823	13823	5518
14150	14083	14116	5519
14353	14349	14382	5518
14899	14895	14952	5518
15168	15206	15193	5518
15471	15453	15472	5518
15750	15719	15812	5519
16292	16281	16344	5518
16567	16569	16584	5518
16885	16860	16842	5519
17408	17440	17381	5518
17680	17670	17705	5518
17944	17968	17973	5518
18503	18508	18544	5518
18773	18796	18758	5518
19125	19074	19098	5518
19393	19395	19404	5518
19951	19923	19982	5518
20187	20240	20182	5518
20526	20431	20505	5518
21048	21071	21043	5518
21350	21307	21380	5518
21606	21640	21612	5519
21911	21894	21904	5518
22445	22476	22457	5518
22782	22731	22762	5518
23003	22992	23024	5519
23586	23610	23623	5518
23873	23914	23908	5518
24188	24166	24141	5518
24705	24722	24692	5518
25021	24999	25021	5519
25276	25263	25322	5518
25576	25599	25540	5518
26098	26165	26122	5518
26444	26390	26394	5518
26732	26749	26782	5518
27003	27013	27010	5518
27556	27555	27581	5518
27870	27886	27770	5518
28138	28122	28195	5518
28750	28701	28727	5518
28992	29007	29023	5518
29303	29330	29327	5518
29623	29597	29600	5518
30136	30180	30135	5519
30475	30434	30469	5518
30703	30706	30706	5518
31019	31000	30983	5518
31542	31594	31550	5518
31877	31848	31845	5518
32156	32159	32157	5518
32708	32666	32732	5518
32945	32973	32971	5518
33276	33242	33225	5518
33775	33835	33763	5518
34100	34061	34091	5518
34306	34330	34329	5518
34896	34910	34927	5518
35167	35202	35149	5518
35491	35475	35449	5518
36034	36010	35977	5518
36264	36287	36278	5518
36538	36570	36531	5518
36855	36838	36844	5518
37432	37416	37355	5518
37642	37666	37695	5518
37946	37954	37941	5518
38495	38529	38490	5518
38810	38835	38745	5518
39062	39050	39085	5518
39668	39603	39605	5518
39903	39912	39904	5518
40197	40218	40148	5518
40718	40732	40711	5518
41039	41009	40985	5518
41293	41303	41282	5518
41551	41623	41523	5519
42108	42142	42102	5518
42397	42379	42376	5519
42678	42668	42657	5518
43243	43200	43205	5518
43472	43501	43454	5518
43780	43797	43733	5518
44293	44320	44285	5518
44623	44596	44610	5518
44923	44965	44925	5518
45169	45176	45152	5518
45735	45713	45747	5518
46042	46036	45984	5518
46296	46279	46311	5518
46876	46840	46852	5518
47101	47096	47123	5519
47421	47419	47380	5518
47943	47945	47947	5519
48237	48215	48214	5518
48493	48473	48502	5518
49061	49049	49069	5518
49319	49328	49304	5518
49619	49585	49595	5518
50150	50184	50126	5518
50457	50462	50447	5518
50678	50736	50688	5518
51028	50978	50975	5518
51512	51580	51519	5519
51886	51848	51861	5518
52086	52120	52080	5518
52651	52638	52655	5519
52895	52949	52896	5519
53206	53211	53214	5519
53763	53745	53720	5518
54004	54003	54008	5518
54255	54330	54283	5518
54838	54886	54859	5518
55158	55155	55115	5518
55406	55424	55456	5518
56008	56012	55991	5518
56249	56295	56282	5518
56548	56583	56508	5518
56810	56828	56861	5518
57404	57400	57352	5518
57630	57693	57689	5518
57922	57975	57916	5518
58454	58479	58508	5518
58792	58813	58755	5518
59030	59061	59076	5518
59586	59603	59616	5518
59847	59868	59882	5518
60151	60171	60140	5518
60653	60738	60694	5518
60964	60967	60996	5519
61222	61257	61285	5518
61525	61582	61536	5518
62066	62127	62130	5518
62395	62430	62389	5518
62672	62684	62728	5518
63252	63238	63260	5518
63487	63557	63533	5518
63790	63853	63798	5518
64068	64094	64116	5519
64684	64687	64643	5518
64906	64946	64980	5519
65171	65274	65189	5518
65744	65794	65817	5518
66067	66080	66010	5518
66292	66363	66374	5518
66860	66888	66872	5518
67097	67140	67170	5518
67410	67438	67375	5518
67636	67705	67721	5518
68234	68276	68271	5518
68510	68562	68584	5518
68812	68847	68792	5518
69318	69385	69351	5518
69629	69688	69639	5518
69870	69911	69931	5519
70417	70471	70495	5518
70669	70727	70715	5518
71030	71048	71025	5518
71529	71612	71557	5518
71868	71877	71899	5519
72079	72165	72114	5518
72427	72505	72428	5518
72960	73027	72959	5518
73243	73270	73274	5518
73491	73551	73523	5518
74087	74132	74123	5519
74351	74403	74370	5519
74674	74720	74668	5518
75206	75265	75202	5519
75520	75557	75535	5519
75767	75863	75794	5518
76080	76098	76051	5518
76635	76679	76644	5519
76943	76983	76910	5518
77182	77239	77216	5518
77737	77771	77775	5519
78023	78082	78062	5518
78362	78387	78297	5518
78842	78904	78835	5518
79131	79178	79162	5519
79391	79473	79409	5518
79942	79968	79980	5518
80208	80261	80207	5518
80492	80508	80521	5518
80744	80797	80773	5518
81316	81333	81357	5518
81573	81655	81587	5518
81924	81894	81918	5518
82218	82255	82226	5519
82782	82806	82816	5519
83020	83071	83043	5520
83332	83379	83307	5521
83847	83942	83880	5519
84051	84199	84141	5522
84290	84467	84336	5536
84663	85075	84659	5539
84675	85305	84847	5536
84675	85628	85031	5535
84675	86180	85466	5534
84675	86426	85785	5535
84675	86683	85917	5535
84675	87005	85917	5534
84675	87538	85918	5534
84675	87794	85919	5533
84675	88042	85919	5533
84675	88622	85919	5535
84675	88834	85919	5536
84675	89072	85919	5537
84675	89527	85919	5540
84675	89655	85919	5542
84675	89819	85919	5544
84675	90006	85918	5548
84675	90078	85918	5550
84675	90079	85919	5549
84675	90079	85919	5550
84675	90082	85919	5549
84676	90082	85919	5550
84676	90082	85919	5549
84676	90083	85919	5550
84675	90083	85918	5550
84676	90083	85919	5550
84676	90083	85919	5549
84676	90084	85919	5550
84676	90084	85919	5550
84676	90084	85919	5550
84675	90085	85919	5550
84676	90085	85919	5550
84676	90085	85919	5550
84676	90085	85919	5549
84676	90086	85919	5549
84676	90086	85919	5549
84675	90086	85919	5549
84675	90086	85919	5549
84676	90086	85919	5549
84675	90086	85919	5549
84676	90087	85919	5549
84676	90087	85919	5549
84675	90087	85919	5550
84675	90087	85919	5550
84676	90087	85919	5549
84675	90087	85919	5549
84676	90087	85919	5549
84676	90087	85919	5549
84676	90087	85919	5549
84675	90087	85919	5549
84676	90087	85919	5549
84676	90087	85919	5549
84676	90088	85919	5549
84676	90088	85919	5549
84676	90088	85919	5549
84676	90088	85919	5549
84676	90088	85919	5549
84676	90088	85919	5549
84676	90088	85919	5549
84676	90088	85919	5550
84676	90088	85919	5549
84676	90088	85919	5549
84676	90088	85919	5549
84676	90089	85919	5549
84676	90088	85919	5549
84676	90088	85919	5549
84676	90089	85919	5549
84676	90088	85919	5549
84676	90089	85919	5549
84676	90089	85919	5549
84676	90089	85919	5549
84675	90089	85919	5549
84676	90089	85919	5549
84676	90089	85919	5549
84675	90089	85919	5549
84676	90089	85919	5549
84676	90089	85919	5549
84676	90089	85919	5549
84676	90089	85919	5549
84676	90089	85919	5549
84676	90089	85919	5549
84676	90089	85919	5549
84675	90090	85919	5549
84675	90089	85919	5549
84676	90089	85919	5549
84676	90090	85919	5549
84675	90090	85919	5549
84676	90090	85919	5549
84676	90090	85919	5549
84676	90090	85919	5549
84676	90090	85919	5549
84676	90089	85919	5549
84676	90090	85919	5549
84676	90090	85919	5549
84676	90090	85919	5549
84676	90090	85919	5549
84676	90090	85919	5549
84676	90090	85919	5549
84676	90090	85919	5549
84676	90090	85919	5549
84676	90090	85919	5549
84676	90090	85919	5549
84676	90090	85919	5549
84676	90090	85919	5549
84676	90090	85919	5548
84676	90091	85919	5549
84676	90090	85919	5549
84676	90091	85919	5549
84676	90091	85919	5549
84676	90090	85919	5548
84676	90090	85919	5549
84676	90091	85919	5549
84676	90091	85920	5549
84676	90091	85919	5549
84676	90091	85919	5549
84676	90091	85919	5549
84676	90090	85919	5549
84676	90091	85919	5548
81893	88121	83725	5521
76511	82415	78140	5510
73863	79725	75471	5509
71001	76802	72564	5509
65546	71326	67131	5509
62608	68480	64199	5510
59926	65707	61476	5510
54517	60288	56055	5509
51612	57437	53121	5510
48944	54696	50444	5510
46163	52009	47692	5509
40543	46452	42061	5509
37817	43749	39406	5509
35112	40977	36663	5509
29519	35364	31053	5509
26839	32704	28291	5509
23898	29741	25453	5510
18469	24382	20051	5510
15734	21593	17259	5510
13016	18918	14563	5508
7589	13502	9164	5509
4860	10799	6457	5510
1775	7707	3429	5510
99	2021	176	5509
99	96	178	5510
-1000	-1000	-1000	-1000
99	101	178	5509
99	102	178	5509
99	102	178	5510
99	102	178	5509
99	102	178	5510
99	102	178	5573
99	102	178	5664
99	102	178	5823
99	102	178	6194
99	102	179	6317
99	102	178	6441
99	102	178	6660
99	102	178	6820
99	103	178	6918
99	102	177	6929
99	102	178	6873
99	102	178	6876
99	102	178	6876
99	102	178	6877
99	102	178	6877
123	108	190	6876
359	346	229	6878
771	863	910	6877
1262	1322	1398	6877
1540	1600	1534	6877
1874	1886	1872	6877
2374	2438	2388	6877
2704	2673	2752	6878
2906	2972	2948	6877
3274	3288	3234	6877
3761	3819	3768	6877
4049	4054	4092	6878
4300	4342	4341	6877
4864	4890	4932	6876
5130	5166	5154	6876
5440	5415	5442	6876
5999	5974	5952	6876
6216	6247	6277	6876
6500	6517	6502	6876
7035	7070	7058	6877
7368	7381	7316	6877
7593	7636	7669	6877
8207	8179	8202	6876
8453	8477	8485	6877
8758	8783	8730	6877
9259	9307	9276	6876
9617	9586	9581	6877
9890	9913	9879	6877
10120	10181	10128	6876
10674	10718	10693	6878
11012	11012	10979	6878
11251	11271	11260	6877
11848	11822	11841	6876
12064	12089	12074	6877
12388	12393	12340	6877
12905	12934	12906	6876
13233	13248	13205	6877
13462	13475	13490	6877
13743	13811	13762	6876
14270	14313	14314	6877
14612	14582	14598	6877
14855	14857	14916	6878
15433	15457	15467	6877
15730	15729	15781	6877
16023	16045	15986	6876
16264	16279	16338	6877
16886	16861	16849	6876
17115	17131	17180	6877
17673	17669	17720	6876
17948	17982	17988	6877
18275	18211	18228	6877
18502	18514	18554	6877
19061	19044	19086	6877
19307	19343	19333	6877
19633	19609	19599	6877
20125	20171	20101	6877
20418	20398	20436	6877
20694	20743	20711	6877
21255	21265	21304	6876
21491	21584	21531	6877
21825	21776	21848	6876
22383	22420	22392	6877
22670	22669	22727	6878
22902	22948	22944	6877
23465	23492	23506	6877
23772	23793	23743	6877
24016	24060	24087	6876
24271	24329	24309	6876
24886	24924	24962	6876
25181	25209	25179	6875
25490	25501	25481	6876
25731	25746	25788	6877
26365	26368	26373	6877
26630	26679	26678	6877
26946	26994	26929	6876
27470	27499	27488	6877
27773	27748	27719	6878
28040	28050	28074	6877
28322	28346	28293	6877
28870	28898	28894	6877
29213	29221	29179	6877
29457	29450	29517	6876
30031	29998	30047	6877
30279	30326	30322	6876
30581	30625	30540	6876
30894	30888	30928	6877
31458	31429	31431	6878
31700	31706	31740	6877
31975	32002	31965	6877
32503	32536	32548	6876
32833	32807	32794	6877
33081	33097	33116	6876
33631	33625	33653	6876
33862	33948	33913	6876
34199	34134	34152	6877
34757	34771	34744	6876
35074	35048	35050	6876
35292	35304	35320	6877
35605	35627	35535	6877
36138	36178	36154	6876
36447	36452	36429	6876
36690	36683	36705	6877
37222	37244	37272	6876
37521	37501	37538	6877
37835	37844	37813	6876
38378	38433	38412	6877
38682	38648	38676	6877
38954	38966	38989	6876
39233	39242	39222	6877
39765	39811	39813	6878
40106	40060	40062	6876
40368	40356	40433	6877
40630	40698	40677	6876
41239	41248	41280	6877
41511	41521	41494	6877
41807	41792	41851	6877
42381	42355	42366	6876
42659	42667	42667	6877
42897	42959	42907	6876
43266	43226	43226	6878
43788	43807	43778	6878
44074	44054	44089	6876
44323	44343	44348	6877
44876	44864	44911	6876
45169	45172	45148	6877
45412	45438	45476	6876
46008	46014	45987	6877
46240	46232	46298	6877
46541	46556	46553	6876
47065	47073	47128	6877
47399	47388	47375	6878
47640	47643	47691	6877
48230	48216	48225	6877
48497	48516	48549	6876
48802	48839	48809	6877
49108	49082	49126	6877
49662	49644	49634	6876
49909	49909	49964	6877
50162	50222	50197	6878
50724	50768	50757	6876
51039	51048	51024	6877
51337	51327	51371	6878
51565	51625	51617	6877
52147	52153	52163	6877
52421	52449	52418	6876
52694	52704	52755	6877
53317	53318	53289	6875
53566	53579	53612	6876
53830	53861	53841	6876
54139	54130	54161	6876
54725	54769	54729	6876
55012	54997	55045	6877
55257	55292	55303	6877
55809	55815	55870	6878
56100	56146	56143	6877
56406	56444	56409	6877
56961	56959	56918	6877
57242	57256	57291	6877
57519	57567	57555	6877
57813	57834	57793	6876
58367	58403	58360	6877
58647	58644	58675	6876
58915	58935	58951	6877
59486	59502	59539	6877
59742	59803	59760	6877
60086	60054	60062	6877
60336	60355	60366	6877
60912	60904	60961	6876
61141	61212	61180	6877
61503	61526	61486	6876
62017	62066	62020	6876
62297	62285	62340	6877
62540	62575	62578	6876
63120	63127	63134	6877
63372	63415	63379	6877
63679	63662	63705	6877
64247	64253	64212	6876
64548	64547	64556	6877
64820	64863	64838	6876
65134	65152	65113	6876
65383	65381	65412	6877
66035	66003	65980	6876
66272	66264	66298	6876
66540	66582	66523	6877
67102	67106	67153	6876
67425	67407	67356	6876
67654	67689	67726	6877
68228	68206	68234	6877
68487	68496	68531	6877
68795	68784	68738	6878
69316	69370	69339	6877
69625	69593	69618	6877
69886	69900	69929	6876
70182	70192	70145	6877
70678	70736	70705	6876
71040	71029	71023	6876
71298	71295	71287	6876
71853	71830	71866	6877
72074	72144	72091	6878
72407	72411	72380	6877
72947	72977	72930	6877
73239	73227	73259	6877
73499	73545	73522	6877
74063	74086	74066	6876
74330	74344	74328	6876
74626	74631	74633	6877
75193	75180	75126	6877
75432	75440	75475	6878
75723	75726	75705	6877
76253	76255	76270	6877
76562	76576	76497	6877
76792	76811	76839	6876
77360	77351	77356	6876
77612	77626	77639	6876
77908	77895	77850	6876
78427	78429	78398	6876
78701	78693	78715	6878
78968	78965	78981	6876
79538	79543	79556	6877
79812	79816	79804	6877
80117	80092	80095	6877
80650	80669	80626	6878
80954	80944	80966	6878
81226	81230	81228	6877
81522	81518	81483	6877
82023	82069	82029	6876
82365	82348	82363	6877
82666	82640	82671	6877
82910	82970	82904	6876
83481	83502	83514	6877
83794	83774	83753	6877
84032	84060	84058	6877
84578	84656	84613	6875
84785	84889	84847	6878
84977	85205	85052	6879
85181	85503	85254	6877
85452	86020	85513	6876
85628	86346	85646	6876
85763	86658	85949	6878
85796	87170	85970	6877
85797	87444	85971	6877
85798	87735	85971	6875
85799	88329	85972	6879
85800	88594	85972	6878
85801	88855	85973	6881
85802	89335	85973	6884
85803	89575	85973	6888
85805	89793	85973	6889
85807	89970	85973	6889
85813	90327	85973	6895
85817	90373	85973	6897
85819	90374	85973	6897
85822	90376	85973	6897
85823	90377	85973	6897
85824	90377	85973	6897
85825	90378	85973	6897
85825	90378	85973	6897
85826	90378	85973	6897
85827	90378	85974	6896
85827	90379	85973	6896
85827	90379	85973	6896
85828	90380	85974	6896
85828	90380	85973	6896
85829	90380	85974	6896
85829	90380	85974	6896
85829	90380	85974	6896
85829	90381	85974	6896
85830	90381	85974	6897
85830	90381	85974	6896
85831	90381	85974	6896
85831	90381	85974	6896
85831	90381	85974	6896
85831	90381	85974	6896
85831	90381	85973	6896
85831	90382	85974	6896
85831	90383	85974	6896
85832	90382	85974	6896
85832	90382	85973	6896
85832	90383	85974	6896
85832	90382	85974	6896
85832	90382	85974	6896
85832	90383	85974	6897
85832	90383	85974	6896
85832	90383	85974	6896
85833	90384	85974	6897
85832	90383	85974	6896
85833	90383	85974	6896
85833	90383	85974	6896
85834	90384	85974	6896
85833	90383	85974	6896
85833	90384	85974	6896
85833	90383	85974	6896
85833	90384	85974	6896
85834	90384	85974	6896
85834	90384	85974	6896
85834	90383	85974	6896
85834	90384	85974	6896
85834	90384	85974	6897
85834	90384	85974	6896
85834	90384	85974	6896
85834	90384	85974	6896
85834	90384	85974	6896
85834	90384	85974	6896
85834	90384	85974	6896
85834	90384	85974	6896
85834	90384	85974	6896
85835	90384	85974	6896
85835	90384	85974	6896
85835	90384	85974	6896
85835	90384	85974	6896
85835	90384	85974	6896
85835	90384	85974	6896
85835	90385	85974	6896
85835	90385	85974	6896
85835	90385	85974	6896
85835	90384	85974	6896
85835	90385	85974	6896
85835	90385	85974	6896
85835	90385	85974	6896
85835	90385	85974	6896
85835	90385	85974	6896
85835	90385	85974	6896
85835	90385	85974	6896
85835	90385	85974	6896
85835	90385	85974	6896
85836	90385	85974	6896
85835	90385	85974	6896
85835	90385	85974	6896
85836	90385	85974	6896
85835	90385	85974	6896
85836	90385	85974	6896
85836	90385	85974	6896
85836	90385	85974	6896
85836	90385	85974	6896
85836	90385	85974	6896
85836	90385	85974	6896
85836	90385	85974	6896
85836	90385	85974	6896
85836	90386	85975	6896
85836	90385	85974	6896
85836	90385	85974	6896
85836	90385	85975	6896
85836	90386	85974	6896
85836	90386	85974	6896
85836	90386	85975	6897
85836	90386	85974	6896
85836	90386	85974	6896
85836	90386	85975	6897
85836	90386	85974	6896
85836	90386	85974	6896
85836	90386	85975	6896
84411	88681	84778	6890
81272	85632	81474	6880
75880	80258	76110	6872
72916	77318	73234	6877
70237	74634	70546	6876
67487	71888	67780	6876
61904	66203	62167	6876
59218	63537	59496	6877
53760	58109	54043	6877
51006	55316	51380	6877
48289	52680	48637	6876
45406	49747	45713	6876
39810	44162	40104	6875
37130	41384	37386	6875
34423	38727	34724	6875
28628	32876	28891	6874
25899	30196	26259	6874
23157	27443	23522	6873
17771	21987	18024	6874
15023	19304	15335	6874
12300	16596	12570	6874
6660	10952	6957	6874
3989	8270	4255	6874
1205	5558	1472	6874
81	280	182	6875
81	78	184	6875
-1000	-1000	-1000	-1000
82	79	184	6875
81	80	184	6876
81	79	183	6876
82	79	184	6875
