18	5	3	48
18	5	3	48
18	5	2	48
28	13	10	48
448	606	589	48
755	785	767	48
1048	1114	1065	48
1569	1641	1610	48
1903	1939	1880	48
2169	2170	2248	48
2773	2747	2743	48
3013	3011	3054	49
3305	3318	3262	49
3822	3834	3832	49
4143	4101	4108	48
4370	4358	4396	49
4902	4919	4938	49
5174	5172	5186	49
5548	5530	5474	49
5773	5792	5814	49
6324	6324	6342	49
6586	6590	6600	49
6918	6912	6861	49
7493	7515	7450	49
7776	7726	7741	49
8041	8050	8021	49
8312	8338	8289	49
8898	8901	8884	49
9181	9189	9151	49
9497	9465	9466	49
10086	10034	10042	49
10333	10322	10289	49
10573	10620	10565	49
11116	11143	11114	49
11453	11474	11393	49
11699	11688	11679	49
11948	12004	11951	49
12534	12545	12502	49
12832	12839	12786	49
13084	13087	13083	49
13664	13622	13639	49
13892	13904	13910	49
14200	14190	14139	49
14702	14745	14681	49
15009	14968	15007	49
15281	15293	15309	49
15858	15856	15901	49
16123	16154	16140	49
16451	16408	16393	49
16675	16696	16719	49
17256	17262	17280	49
17527	17577	17548	49
17850	17863	17821	49
18387	18424	18412	49
18720	18704	18664	49
18959	18970	18959	49
19221	19251	19210	49
19813	19800	19802	49
20101	20124	20028	49
20371	20371	20367	49
20935	20943	20927	49
21176	21179	21177	49
21467	21525	21450	49
21987	22064	21994	49
22327	22306	22300	49
22574	22598	22572	49
23122	23145	23140	49
23362	23436	23372	49
23708	23724	23665	49
23946	23997	23971	49
24536	24556	24552	49
24806	24859	24814	49
25114	25132	25044	49
25620	25651	25588	49
25952	25930	25917	49
26183	26246	26184	49
26708	26780	26751	49
26993	27016	26970	49
27312	27322	27284	49
27867	27869	27731	49
28094	28146	28104	49
28364	28423	28331	49
28932	29003	28936	49
29229	29258	29171	49
29506	29523	29532	49
29745	29810	29741	49
30307	30356	30300	49
30582	30642	30535	49
30867	30880	30855	49
31434	31421	31394	49
31684	31726	31667	49
31959	32019	31907	49
32528	32602	32537	49
32846	32875	32797	49
33091	33144	33101	49
33652	33676	33655	49
33934	33980	33926	49
34227	34252	34154	49
34505	34548	34507	49
35096	35140	35035	49
35326	35360	35319	49
35619	35672	35520	49
36180	36198	36147	49
36489	36541	36439	49
36730	36762	36711	49
37275	37321	37279	49
37567	37582	37574	49
37871	37911	37802	49
38116	38149	38139	49
38699	38717	38660	49
38962	38994	38964	49
39255	39313	39219	49
39814	39865	39799	49
40129	40153	40058	49
40376	40395	40396	49
40987	40944	40947	49
41241	41293	41210	49
41518	41549	41446	49
42014	42076	42001	49
42376	42357	42318	49
42645	42668	42590	49
42883	42940	42840	49
43424	43451	43376	49
43748	43759	43691	49
44009	44026	43930	49
44591	44584	44544	49
44775	44830	44784	49
45143	45165	45083	49
45654	45717	45615	49
45963	45973	45944	49
46187	46256	46184	50
46768	46811	46762	49
47022	47065	47011	49
47323	47345	47306	49
47609	47653	47613	49
48149	48207	48167	49
48434	48439	48417	49
48755	48776	48707	49
49283	49328	49253	49
49554	49578	49563	49
49835	49848	49797	49
50403	50406	50374	49
50645	50747	50633	49
51001	50960	50939	49
51256	51287	51224	49
51853	51827	51788	49
52053	52137	52023	49
52386	52370	52335	49
52880	52945	52843	49
53264	53234	53217	49
53516	53552	53463	49
53801	53819	53718	49
54337	54366	54307	49
54690	54701	54617	49
54935	54945	54901	49
55483	55469	55474	49
55727	55752	55690	49
56090	56078	55987	49
56602	56593	56512	49
56872	56903	56836	49
57122	57165	57080	49
57663	57714	57637	49
57934	57969	57859	49
58207	58233	58213	49
58798	58815	58711	49
59037	59068	59018	49
59324	59357	59234	49
59605	59606	59581	49
60161	60213	60095	49
60421	60444	60383	49
60683	60734	60626	49
61256	61273	61205	49
61531	61608	61484	49
61825	61842	61798	49
62409	62466	62357	49
62678	62679	62634	49
62949	63059	62916	49
63323	63310	63247	49
63824	63868	63764	49
64128	64129	64072	49
64354	64404	64311	49
64958	64997	64925	49
65209	65262	65152	49
65522	65518	65468	49
65821	65866	65779	49
66364	66412	66349	49
66630	66649	66602	49
66969	66981	66891	49
67490	67534	67386	49
67725	67744	67721	49
68004	68041	67958	49
68546	68593	68534	49
68841	68868	68743	49
69082	69121	69083	49
69691	69691	69626	49
69941	70001	69913	49
70244	70262	70166	49
70770	70800	70736	49
71070	71097	71015	49
71341	71358	71261	49
71930	71919	71872	49
72156	72188	72092	50
72445	72494	72394	49
72747	72783	72700	49
73333	73372	73289	49
73580	73616	73528	49
73870	73912	73811	49
74428	74438	74383	49
74722	74770	74670	49
75026	75022	74987	49
75259	75301	75206	49
75830	75861	75813	49
76122	76157	76063	49
76405	76427	76387	49
76680	76705	76663	49
77287	77291	77282	49
77536	77566	77499	49
77890	77887	77799	49
78377	78412	78293	49
78677	78697	78681	50
78951	78936	78893	51
79503	79520	79470	51
79787	79826	79689	52
80081	80111	80020	53
80302	80345	80243	54
80663	80908	80530	61
80845	81161	80716	76
80907	81432	80903	81
80908	81817	81253	88
80908	82031	81387	92
80908	82236	81627	95
80909	82621	81665	99
80914	82748	81665	99
80931	82985	81665	100
80951	83191	81665	101
80953	83201	81665	101
80954	83204	81665	102
80955	83207	81665	102
80955	83208	81665	103
80956	83208	81665	103
80956	83209	81665	103
80956	83209	81665	103
80957	83209	81665	103
80957	83210	81665	103
80957	83210	81665	103
80958	83210	81665	104
80958	83210	81665	103
80958	83210	81665	103
80959	83210	81665	104
80959	83210	81665	104
80959	83210	81665	103
80959	83210	81665	104
80959	83210	81665	104
80959	83210	81665	104
80959	83210	81665	104
80959	83210	81665	104
80960	83210	81665	104
80960	83210	81665	104
80960	83210	81665	104
80961	83210	81665	104
80961	83210	81665	105
80961	83210	81665	104
80961	83210	81665	104
80961	83210	81665	105
80961	83210	81665	104
80962	83211	81665	104
80962	83210	81665	104
80962	83210	81665	104
80962	83211	81665	105
80962	83211	81665	104
80963	83211	81665	104
80963	83211	81665	104
80963	83211	81665	104
80963	83211	81665	104
80963	83211	81665	105
80963	83211	81665	104
80963	83211	81665	104
80963	83211	81665	104
80963	83211	81665	104
80964	83212	81665	104
80963	83212	81666	104
80964	83212	81665	104
80964	83212	81665	104
80964	83212	81665	104
80964	83212	81665	104
80965	83212	81665	104
80965	83212	81665	104
80965	83212	81665	104
80966	83212	81665	104
80966	83212	81666	104
80966	83212	81665	104
80967	83213	81665	104
80967	83212	81666	104
80967	83213	81666	104
80967	83213	81665	104
80968	83214	81666	104
80968	83213	81666	104
80968	83213	81666	104
80969	83213	81666	104
80969	83214	81666	104
80970	83214	81665	104
80971	83214	81666	104
80970	83214	81665	104
80971	83214	81666	104
80971	83214	81665	104
80971	83214	81665	105
80972	83214	81665	104
80972	83215	81666	104
80972	83214	81665	104
80972	83214	81665	104
80972	83214	81665	104
80972	83215	81665	104
80972	83215	81666	104
80972	83215	81665	104
80972	83215	81666	104
80972	83215	81665	104
80973	83215	81665	104
80973	83216	81666	104
80974	83216	81665	104
80974	83216	81665	104
80974	83216	81665	104
80975	83217	81665	104
80975	83217	81666	104
80976	83219	81666	104
80976	83220	81665	104
80976	83220	81666	104
80977	83222	81665	104
80977	83223	81666	104
80978	83224	81665	104
80978	83225	81665	103
80979	83227	81666	103
80979	83229	81665	104
80979	83230	81665	103
80979	83234	81666	104
80979	83235	81665	104
80980	83236	81665	104
76031	78725	77321	67
73167	76183	74710	68
70538	73447	72029	66
64856	67869	66397	64
61983	64963	63463	64
59113	62034	60606	63
56396	59302	57901	63
50611	53560	52108	62
47939	50834	49421	62
45170	48152	46656	61
39534	42503	41042	61
36887	39804	38324	60
34123	37081	35635	58
28853	31833	30379	57
26212	29091	27639	57
23239	26192	24779	56
17859	20747	19331	56
15125	18049	16578	56
12217	15144	13774	56
6763	9693	8298	56
4044	7028	5546	57
1362	4266	2868	56
45	78	32	54
48	81	36	56
49	82	37	56
-1000	-1000	-1000	-1000
50	82	39	56
50	82	39	56
50	82	39	56
50	81	39	56
50	82	39	56
50	81	39	97
50	81	39	180
49	81	40	468
50	81	40	676
50	81	40	810
49	81	40	1057
50	82	40	1190
49	81	40	1276
50	81	40	1386
50	81	40	1395
50	81	40	1386
50	81	40	1381
50	81	40	1381
50	81	40	1381
50	81	40	1380
74	86	57	1380
436	418	507	1380
755	810	793	1380
1367	1310	1353	1380
1617	1661	1666	1380
1915	1955	1884	1380
2212	2179	2282	1380
2804	2754	2766	1379
3071	3082	3121	1379
3339	3340	3367	1379
3884	3891	3935	1378
4196	4168	4171	1378
4453	4461	4495	1379
5039	4994	4998	1378
5269	5257	5304	1378
5577	5558	5550	1378
5864	5859	5882	1378
6442	6394	6387	1378
6666	6656	6704	1378
6989	6992	7009	1378
7537	7500	7574	1378
7827	7827	7798	1378
8082	8049	8134	1378
8666	8600	8648	1378
8920	8889	8937	1378
9190	9199	9158	1378
9703	9752	9726	1378
10071	9977	10035	1378
10328	10319	10310	1378
10551	10593	10572	1378
11138	11178	11153	1378
11459	11426	11423	1378
11710	11704	11738	1378
12283	12231	12269	1378
12506	12563	12521	1378
12827	12779	12775	1378
13318	13364	13348	1378
13669	13616	13649	1378
13958	13985	14005	1378
14228	14222	14206	1379
14749	14761	14777	1378
15074	15022	15043	1378
15326	15354	15403	1378
15905	15903	15929	1378
16170	16186	16204	1378
16467	16435	16434	1378
16986	17007	17018	1378
17315	17294	17304	1378
17580	17599	17607	1378
18153	18144	18167	1378
18401	18442	18423	1379
18716	18677	18686	1378
18971	18992	19005	1378
19556	19535	19566	1378
19812	19813	19822	1378
20100	20100	20082	1378
20613	20663	20648	1378
20944	20932	20949	1378
21182	21182	21212	1378
21756	21750	21809	1378
22010	22038	22052	1378
22378	22369	22364	1378
22638	22634	22704	1378
23208	23184	23218	1378
23465	23466	23505	1378
23775	23769	23743	1378
24038	24043	24107	1378
24662	24621	24622	1378
24884	24879	24943	1378
25437	25426	25474	1378
25671	25680	25735	1378
26010	25970	25969	1378
26231	26238	26286	1378
26803	26798	26832	1378
27061	27087	27115	1378
27407	27379	27385	1378
27950	27964	27963	1378
28275	28215	28261	1378
28511	28520	28545	1378
28797	28816	28822	1378
29372	29373	29421	1378
29667	29679	29676	1378
29953	29932	30009	1378
30548	30483	30507	1378
30792	30786	30841	1378
31050	31070	31074	1378
31373	31353	31388	1378
31929	31936	31906	1378
32204	32187	32264	1378
32436	32486	32489	1378
33009	33034	33069	1378
33305	33303	33266	1378
33604	33605	33642	1378
34178	34144	34147	1378
34433	34455	34478	1378
34713	34714	34694	1378
35014	35038	35034	1378
35583	35598	35542	1378
35842	35851	35890	1378
36106	36132	36125	1378
36687	36691	36722	1378
36961	36961	36968	1378
37227	37242	37275	1378
37514	37520	37559	1378
38094	38089	38158	1378
38366	38421	38393	1378
38683	38641	38677	1378
39222	39218	39212	1378
39477	39481	39532	1378
39744	39787	39799	1378
40331	40345	40392	1378
40599	40628	40601	1378
40889	40875	40923	1378
41145	41167	41174	1378
41711	41723	41740	1378
41958	42008	41971	1378
42275	42268	42312	1378
42854	42869	42831	1378
43140	43150	43183	1378
43385	43435	43417	1378
43758	43758	43723	1378
44281	44305	44265	1378
44579	44563	44617	1378
44849	44845	44886	1378
45180	45200	45176	1378
45711	45715	45750	1378
46009	46022	45997	1378
46244	46267	46295	1378
46804	46826	46842	1378
47050	47091	47105	1378
47369	47366	47353	1378
47895	47953	47903	1378
48140	48167	48197	1378
48448	48462	48495	1378
49012	49010	49047	1378
49291	49346	49324	1378
49607	49590	49616	1378
50142	50189	50143	1378
50472	50438	50495	1378
50687	50747	50734	1378
51032	51016	50986	1378
51528	51604	51569	1378
51882	51838	51883	1378
52132	52126	52151	1378
52678	52670	52740	1378
52901	52966	52953	1378
53227	53194	53266	1378
53773	53783	53765	1378
54018	54041	54102	1378
54266	54312	54326	1378
54585	54559	54617	1378
55157	55139	55141	1378
55403	55431	55493	1378
55649	55674	55711	1378
56230	56245	56303	1378
56538	56552	56537	1378
56770	56791	56858	1378
57026	57067	57096	1378
57648	57679	57736	1378
57929	57959	57991	1378
58224	58278	58263	1378
58796	58815	58800	1378
59036	59077	59119	1378
59326	59378	59372	1378
59858	59872	59932	1378
60146	60187	60164	1378
60418	60436	60487	1378
60976	60972	61007	1378
61207	61270	61284	1378
61513	61523	61524	1378
62025	62071	62072	1378
62333	62353	62387	1378
62568	62599	62652	1378
63159	63195	63233	1378
63421	63459	63501	1378
63755	63776	63766	1378
64270	64308	64304	1378
64542	64579	64607	1378
64787	64833	64875	1378
65351	65372	65419	1378
65643	65710	65684	1378
65917	65939	65974	1378
66184	66216	66255	1378
66734	66767	66821	1378
67042	67092	67097	1378
67343	67359	67354	1378
67904	67942	67925	1378
68142	68184	68233	1378
68449	68509	68547	1378
68773	68780	68755	1378
69277	69342	69299	1378
69538	69549	69611	1378
69840	69887	69900	1378
70386	70401	70480	1378
70650	70723	70698	1378
70974	70960	71023	1378
71540	71576	71559	1378
71836	71836	71908	1378
72074	72137	72120	1378
72398	72406	72398	1378
72939	73003	72980	1378
73215	73239	73290	1378
73493	73538	73549	1378
74048	74095	74105	1378
74328	74363	74357	1378
74610	74634	74653	1378
75178	75200	75155	1378
75429	75467	75505	1378
75697	75730	75732	1378
76256	76280	76313	1378
76579	76603	76578	1378
76805	76857	76875	1378
77108	77150	77174	1378
77655	77696	77729	1378
77949	78007	77977	1378
78251	78276	78273	1378
78803	78866	78813	1378
79059	79108	79158	1378
79348	79451	79421	1378
79923	79976	79991	1379
80192	80278	80227	1379
80450	80497	80533	1380
80724	80809	80790	1381
81313	81375	81428	1384
81565	81676	81611	1384
81866	81906	81927	1385
82130	82204	82137	1387
82587	82710	82530	1394
82808	82939	82722	1409
82947	83138	82752	1416
83140	83338	82859	1422
83369	83569	83030	1429
83371	83569	83041	1429
83373	83570	83047	1430
83375	83571	83050	1430
83376	83572	83051	1430
83376	83572	83052	1430
83377	83573	83054	1430
83377	83573	83054	1430
83378	83573	83054	1430
83378	83574	83054	1430
83378	83574	83055	1430
83378	83574	83055	1431
83379	83574	83055	1431
83379	83574	83055	1431
83379	83574	83055	1431
83379	83575	83055	1431
83379	83575	83056	1431
83380	83575	83056	1430
83380	83575	83056	1431
83380	83575	83056	1431
83380	83575	83056	1430
83380	83576	83056	1431
83380	83576	83056	1431
83380	83576	83056	1431
83380	83576	83056	1431
83380	83576	83056	1431
83380	83576	83056	1431
83380	83576	83056	1431
83380	83576	83056	1431
83380	83577	83056	1431
83380	83577	83056	1430
83380	83577	83056	1431
83380	83577	83056	1430
83380	83577	83056	1431
83380	83577	83056	1430
83380	83578	83056	1431
83380	83578	83056	1431
83380	83578	83057	1431
83381	83579	83056	1431
83381	83579	83057	1430
83380	83579	83056	1430
83381	83579	83056	1431
83381	83579	83056	1430
83381	83579	83056	1431
83381	83579	83057	1431
83381	83580	83057	1431
83381	83580	83057	1430
83381	83580	83057	1431
83381	83581	83057	1430
83381	83581	83056	1430
83381	83581	83056	1431
83381	83581	83057	1431
83381	83581	83056	1430
83381	83581	83057	1430
83382	83581	83057	1431
83381	83581	83057	1430
83381	83581	83057	1430
83381	83581	83057	1431
83381	83581	83057	1431
83381	83581	83057	1431
83381	83581	83057	1431
83381	83581	83057	1431
83382	83581	83057	1430
83382	83581	83057	1430
83381	83581	83057	1430
83382	83581	83057	1431
83381	83581	83057	1430
83382	83581	83057	1430
83382	83581	83057	1431
83381	83581	83057	1431
83382	83582	83057	1431
83382	83582	83057	1430
83382	83581	83057	1431
83382	83581	83057	1431
83382	83581	83057	1430
83382	83582	83057	1431
83382	83582	83057	1431
83382	83582	83057	1430
83382	83582	83057	1431
83382	83582	83057	1431
83382	83582	83058	1431
83382	83582	83057	1431
83382	83582	83058	1430
83382	83582	83057	1431
83382	83582	83058	1430
83382	83583	83058	1430
83382	83582	83058	1430
83382	83583	83058	1431
83382	83582	83058	1431
83382	83583	83058	1431
83382	83582	83058	1431
83382	83583	83058	1430
83382	83583	83058	1431
83382	83583	83058	1431
83382	83582	83058	1431
83382	83583	83058	1431
83382	83583	83058	1431
83382	83583	83058	1430
83382	83583	83058	1430
83382	83583	83058	1430
83382	83583	83058	1430
83382	83583	83058	1431
81487	81711	81890	1417
78609	78708	78716	1367
73077	73299	73338	1373
70282	70459	70490	1373
67485	67709	67668	1374
62038	62257	62234	1373
59331	59502	59499	1373
56389	56627	56656	1373
50957	51194	51250	1373
48248	48497	48550	1373
45490	45713	45826	1374
39881	40087	40220	1374
37073	37263	37301	1374
34312	34527	34676	1374
31602	31799	31858	1374
25984	26279	26264	1374
23292	23489	23600	1374
20546	20851	20812	1373
14929	15243	15263	1373
12324	12503	12551	1372
9542	9821	9779	1373
4203	4335	4291	1373
1267	1419	1439	1373
46	94	51	1374
51	97	62	1377
-1000	-1000	-1000	-1000
53	98	62	1377
54	97	63	1377
54	97	63	1376
55	97	63	1376
55	97	63	1376
55	97	63	1376
55	97	63	1522
55	98	63	1686
56	97	63	1890
55	97	64	2206
55	97	63	2331
55	97	63	2449
55	98	63	2581
55	97	63	2763
55	97	63	2805
55	97	63	2778
55	97	63	2762
55	97	63	2765
55	98	63	2765
55	97	63	2765
55	98	63	2765
75	103	79	2765
738	835	846	2765
1032	1072	947	2765
1304	1298	1374	2765
1886	1888	1851	2767
2142	2137	2224	2765
2369	2448	2382	2765
2943	2978	2975	2765
3272	3277	3232	2765
3507	3510	3576	2765
4125	4073	4105	2765
4353	4378	4389	2765
4667	4683	4627	2765
4938	4951	4979	2765
5535	5510	5475	2765
5759	5811	5803	2765
6042	6044	6016	2765
6572	6558	6597	2765
6885	6881	6842	2765
7116	7154	7159	2765
7708	7707	7736	2765
7945	7964	7953	2765
8278	8254	8225	2765
8792	8822	8767	2766
9076	9052	9100	2766
9345	9388	9338	2766
9918	9915	9889	2766
10154	10180	10135	2767
10488	10432	10467	2766
10730	10759	10710	2766
11351	11342	11341	2766
11600	11607	11610	2766
11903	11930	11868	2766
12444	12480	12444	2767
12743	12734	12724	2767
13004	12990	13005	2767
13281	13313	13235	2766
13826	13872	13849	2767
14180	14118	14123	2767
14410	14424	14453	2767
15018	15000	15006	2767
15261	15241	15283	2768
15564	15543	15497	2767
16066	16076	16055	2767
16392	16362	16374	2768
16628	16620	16662	2767
16961	16965	16907	2768
17475	17497	17508	2768
17814	17769	17759	2768
18040	18048	18072	2768
18653	18603	18640	2768
18906	18944	18920	2768
19200	19187	19176	2768
19719	19739	19724	2768
20009	20013	20028	2768
20249	20256	20259	2768
20825	20838	20851	2768
21128	21187	21144	2769
21433	21376	21417	2768
21677	21683	21714	2769
22270	22248	22285	2769
22499	22486	22530	2769
22824	22824	22813	2769
23093	23086	23126	2769
23676	23670	23665	2768
23923	23915	23993	2768
24210	24270	24203	2768
24736	24770	24780	2769
25041	25033	25023	2769
25292	25294	25353	2768
25825	25833	25888	2769
26082	26133	26131	2769
26418	26402	26396	2768
26969	26987	26976	2769
27229	27266	27280	2769
27528	27534	27572	2769
27851	27854	27796	2769
28397	28420	28408	2769
28711	28682	28712	2769
28949	28952	28979	2769
29539	29509	29591	2769
29779	29799	29810	2769
30102	30118	30091	2769
30607	30641	30601	2769
30960	30918	30957	2769
31176	31198	31205	2769
31476	31466	31470	2769
31987	32013	32004	2769
32310	32302	32334	2770
32549	32580	32603	2769
33128	33163	33185	2769
33415	33423	33457	2769
33725	33729	33700	2769
33979	33987	34042	2769
34549	34561	34568	2769
34819	34827	34878	2769
35146	35168	35157	2769
35703	35716	35751	2769
36022	36010	35972	2769
36249	36277	36324	2769
36532	36567	36581	2769
37098	37104	37157	2769
37407	37400	37379	2769
37624	37667	37738	2769
38213	38191	38245	2770
38482	38536	38564	2770
38787	38791	38783	2770
39023	39044	39112	2770
39664	39642	39643	2770
39919	39935	40002	2770
40199	40229	40246	2770
40728	40746	40806	2770
41036	41050	41027	2769
41276	41287	41358	2770
41833	41830	41863	2770
42069	42103	42140	2770
42386	42385	42386	2769
42892	42942	42953	2770
43217	43230	43236	2769
43481	43481	43523	2769
44024	44063	44096	2770
44299	44309	44329	2770
44623	44655	44649	2769
45175	45190	45211	2770
45461	45495	45503	2769
45722	45712	45796	2769
46023	46047	46012	2769
46556	46614	46620	2770
46871	46866	46875	2770
47087	47125	47177	2769
47657	47699	47730	2770
47956	48020	48033	2770
48260	48246	48249	2770
48796	48866	48818	2769
49087	49095	49131	2770
49341	49424	49398	2769
49667	49691	49662	2769
50157	50262	50209	2769
50505	50494	50543	2769
50749	50840	50807	2770
51331	51339	51390	2770
51518	51655	51598	2770
51907	51866	51910	2770
52405	52453	52406	2770
52677	52707	52758	2770
52906	53003	52991	2769
53499	53592	53583	2770
53806	53852	53843	2769
54077	54134	54154	2769
54677	54691	54668	2769
54915	54979	55005	2769
55210	55234	55240	2769
55478	55534	55531	2769
56054	56072	56044	2769
56281	56370	56373	2769
56588	56604	56630	2769
57098	57174	57176	2769
57448	57507	57479	2769
57684	57758	57767	2769
58284	58339	58302	2769
58534	58578	58630	2770
58817	58875	58876	2770
59356	59404	59445	2770
59664	59680	59663	2770
59899	59956	59996	2769
60182	60244	60253	2769
60737	60796	60845	2769
61044	61081	61056	2770
61300	61338	61399	2770
61893	61929	61932	2770
62141	62186	62242	2769
62405	62494	62457	2770
62726	62752	62799	2770
63304	63322	63316	2769
63556	63588	63664	2770
63813	63886	63889	2770
64355	64406	64431	2769
64702	64734	64712	2769
64927	64983	65042	2770
65510	65548	65567	2770
65759	65796	65854	2769
66074	66103	66080	2769
66602	66627	66707	2770
66919	66955	66942	2770
67149	67188	67265	2769
67466	67518	67476	2770
68006	68043	68097	2770
68324	68324	68335	2769
68563	68617	68668	2770
69178	69186	69210	2770
69414	69465	69515	2770
69723	69765	69763	2769
70296	70350	70398	2769
70595	70619	70624	2770
70800	70833	70922	2770
71082	71148	71158	2769
71637	71699	71755	2770
71962	72004	72001	2770
72210	72245	72318	2769
72753	72788	72832	2770
73001	73068	73119	2769
73309	73365	73369	2770
73835	73900	73913	2769
74128	74179	74195	2769
74392	74451	74509	2769
74949	74983	75050	2769
75211	75273	75309	2770
75553	75572	75580	2770
76095	76132	76165	2769
76346	76415	76437	2770
76614	76656	76728	2770
76947	76986	76957	2770
77481	77538	77558	2769
77753	77812	77832	2769
78021	78068	78156	2769
78588	78630	78717	2769
78870	78932	78966	2769
79171	79180	79236	2770
79420	79487	79543	2770
79994	80044	80104	2770
80270	80349	80363	2770
80828	80891	80931	2770
81130	81188	81211	2771
81390	81445	81489	2772
81643	81716	81759	2774
82186	82298	82312	2775
82476	82540	82579	2777
82721	82875	82823	2780
83147	83441	83228	2805
83296	83661	83429	2804
83467	83954	83617	2805
83490	84468	83908	2807
83490	84728	84082	2808
83489	84948	84191	2809
83490	85268	84754	2812
83490	85434	84755	2813
83490	85634	84755	2814
83490	85845	84755	2815
83490	86058	84755	2818
83491	86060	84755	2818
83491	86062	84756	2818
83492	86064	84755	2818
83492	86065	84756	2819
83492	86066	84756	2818
83493	86067	84756	2818
83493	86067	84756	2819
83493	86068	84756	2818
83493	86068	84756	2818
83493	86069	84756	2819
83493	86069	84756	2818
83493	86070	84756	2818
83494	86070	84756	2818
83493	86071	84756	2818
83494	86071	84756	2818
83494	86072	84757	2818
83494	86072	84756	2818
83494	86072	84757	2819
83494	86072	84756	2818
83494	86073	84757	2819
83494	86073	84756	2818
83495	86073	84757	2818
83495	86074	84756	2818
83494	86073	84757	2818
83494	86073	84757	2818
83495	86074	84757	2819
83494	86074	84757	2818
83495	86074	84757	2818
83494	86075	84757	2818
83495	86075	84757	2818
83495	86075	84757	2818
83495	86075	84757	2818
83495	86075	84757	2818
83495	86075	84757	2818
83495	86076	84757	2818
83495	86076	84757	2818
83495	86076	84757	2818
83495	86076	84757	2818
83495	86076	84757	2818
83495	86076	84757	2818
83495	86076	84757	2818
83495	86076	84757	2818
83495	86076	84758	2818
83495	86076	84757	2818
83495	86076	84758	2818
83495	86077	84757	2818
83495	86077	84758	2818
83495	86077	84757	2818
83495	86077	84757	2818
83495	86077	84758	2818
83495	86077	84758	2818
83495	86077	84758	2818
83495	86077	84758	2818
83495	86077	84758	2818
83496	86077	84758	2818
83495	86077	84758	2818
83495	86077	84758	2818
83495	86077	84757	2818
83495	86077	84757	2818
83496	86078	84758	2818
83495	86077	84758	2818
83496	86078	84758	2818
83496	86078	84758	2818
83496	86078	84758	2818
83495	86078	84758	2818
83495	86078	84758	2818
83495	86078	84758	2818
83496	86078	84758	2818
83495	86078	84758	2818
83496	86078	84758	2818
83496	86078	84758	2818
83495	86078	84758	2818
83496	86078	84757	2818
83496	86078	84758	2818
83496	86078	84758	2818
83496	86078	84758	2818
83496	86078	84758	2818
83496	86078	84758	2818
83496	86078	84758	2818
83496	86078	84758	2818
83496	86078	84758	2818
83496	86078	84758	2818
83496	86079	84758	2818
83496	86079	84758	2818
83495	86078	84758	2818
83496	86079	84758	2818
83495	86079	84758	2818
83496	86079	84758	2818
83496	86079	84758	2818
83496	86079	84758	2818
83496	86078	84758	2818
83496	86079	84758	2818
83496	86079	84758	2818
83496	86079	84758	2818
83496	86079	84758	2818
83496	86079	84758	2818
83496	86079	84758	2818
83496	86079	84758	2818
83496	86079	84758	2818
83496	86079	84758	2818
83496	86079	84758	2818
78669	81261	80217	2756
75714	78463	77222	2761
73021	75725	74652	2765
70214	72890	71755	2765
64529	67170	66106	2765
61751	64563	63396	2770
59071	61740	60644	2771
53632	56321	55212	2769
50722	53468	52345	2769
48027	50709	49572	2771
42580	45298	44167	2771
39875	42552	41408	2771
37139	39821	38741	2770
31717	34422	33246	2771
28955	31741	30573	2772
26309	28978	27816	2772
20627	23348	22157	2770
17972	20651	19433	2770
15189	17962	16716	2771
9792	12584	11313	2771
7074	9837	8599	2771
4325	7139	5898	2770
62	1668	773	2770
65	74	199	2772
-1000	-1000	-1000	-1000
67	78	201	2774
67	79	201	2771
67	79	201	2770
67	79	201	2771
67	79	201	2771
68	79	201	2771
68	79	201	2840
68	79	201	3075
68	79	201	3285
68	79	201	3461
68	79	201	3614
68	79	201	3900
68	79	200	3987
68	79	200	4090
69	79	200	4231
68	79	200	4240
68	80	200	4199
68	80	201	4166
68	79	200	4165
68	79	200	4165
68	79	200	4165
91	84	211	4165
450	428	257	4165
739	821	909	4166
1287	1281	1394	4165
1539	1619	1558	4165
1865	1843	1852	4164
2359	2440	2366	4164
2704	2673	2751	4164
2941	3004	2984	4163
3306	3302	3271	4164
3814	3824	3842	4164
4184	4143	4136	4165
4401	4414	4455	4164
4952	4953	4977	4164
5203	5195	5245	4163
5529	5506	5487	4164
6051	6093	6050	4164
6319	6312	6360	4163
6591	6582	6607	4164
6896	6879	6882	4164
7426	7464	7442	4163
7700	7680	7748	4164
7971	8022	8017	4164
8540	8568	8608	4164
8794	8821	8836	4165
9132	9129	9132	4163
9378	9394	9436	4164
10054	10011	10048	4164
10281	10307	10342	4163
10569	10632	10599	4163
10873	10854	10905	4163
11451	11462	11423	4164
11698	11724	11776	4164
11937	12002	11995	4164
12560	12603	12611	4164
12838	12883	12866	4164
13136	13157	13192	4163
13380	13429	13466	4163
13964	13991	14037	4163
14216	14256	14274	4163
14508	14516	14579	4163
15074	15059	15064	4163
15299	15346	15414	4163
15591	15610	15620	4162
16096	16165	16192	4164
16424	16413	16419	4163
16671	16736	16760	4163
17241	17283	17292	4163
17506	17553	17566	4163
17842	17857	17826	4163
18365	18403	18402	4162
18682	18702	18673	4164
18910	18939	18947	4163
19456	19501	19512	4162
19729	19765	19748	4163
20030	20036	20034	4165
20564	20600	20578	4163
20822	20871	20862	4163
21067	21118	21107	4163
21663	21682	21696	4163
21931	21995	21946	4163
22230	22244	22279	4163
22485	22518	22524	4163
23052	23085	23120	4163
23346	23413	23371	4163
23621	23648	23656	4163
24205	24249	24179	4163
24441	24491	24540	4163
24696	24757	24728	4163
25252	25328	25341	4164
25553	25590	25546	4163
25811	25863	25888	4162
26067	26147	26135	4162
26687	26749	26781	4162
26988	27031	27037	4162
27257	27324	27304	4162
27835	27895	27778	4163
28085	28124	28193	4163
28355	28441	28416	4163
28912	28987	29004	4162
29201	29271	29215	4163
29450	29488	29565	4163
30061	30052	30080	4163
30270	30355	30359	4163
30584	30623	30604	4163
30878	30923	30946	4163
31452	31469	31452	4164
31682	31737	31763	4163
31957	32036	31978	4162
32488	32567	32584	4163
32822	32860	32813	4163
33061	33122	33155	4163
33626	33679	33676	4162
33841	33960	33955	4162
34197	34247	34200	4163
34725	34778	34780	4162
35004	35088	35062	4162
35267	35341	35369	4163
35827	35913	35935	4163
36119	36185	36179	4163
36388	36484	36442	4162
36672	36745	36758	4163
37223	37299	37302	4162
37521	37604	37619	4162
37817	37875	37839	4163
38344	38419	38401	4163
38626	38697	38689	4162
38916	39003	39012	4162
39496	39553	39578	4163
39734	39836	39833	4163
40060	40105	40077	4164
40337	40381	40449	4162
40913	40932	40953	4163
41178	41269	41276	4162
41483	41550	41493	4163
41986	42078	42076	4163
42327	42350	42358	4163
42550	42646	42639	4163
42857	42919	42880	4163
43351	43433	43432	4163
43705	43748	43721	4162
43928	44007	43993	4163
44538	44611	44615	4162
44775	44852	44882	4163
45116	45194	45118	4163
45630	45674	45683	4162
45889	46001	45963	4162
46180	46237	46287	4163
46735	46799	46829	4163
47004	47086	47064	4163
47279	47349	47341	4162
47849	47908	47867	4163
48086	48157	48189	4162
48392	48443	48451	4162
48744	48788	48746	4164
49257	49323	49307	4162
49530	49600	49595	4163
49798	49843	49849	4163
50372	50411	50426	4163
50620	50745	50689	4163
50956	50966	50975	4163
51190	51265	51250	4162
51774	51811	51832	4162
52000	52104	52053	4162
52332	52364	52359	4162
52881	52961	52912	4162
53152	53212	53228	4164
53403	53485	53472	4162
53990	54036	54081	4163
54251	54388	54299	4162
54560	54576	54612	4163
55122	55175	55115	4163
55346	55442	55446	4162
55658	55705	55710	4163
55941	56019	55987	4163
56508	56557	56485	4163
56739	56827	56827	4163
57021	57084	57075	4163
57592	57693	57665	4163
57893	57942	57879	4163
58107	58209	58223	4163
58429	58505	58509	4162
59020	59092	59092	4163
59304	59370	59345	4162
59613	59676	59641	4162
60158	60251	60183	4163
60450	60504	60500	4164
60695	60778	60775	4163
61250	61317	61332	4163
61532	61646	61566	4163
61858	61893	61889	4163
62090	62189	62156	4162
62656	62711	62722	4163
62884	63011	62956	4163
63219	63245	63255	4163
63767	63842	63782	4163
64019	64104	64090	4162
64280	64380	64335	4163
64868	64975	64943	4162
65163	65239	65166	4162
65399	65494	65495	4163
65984	66057	65989	4163
66229	66337	66347	4163
66533	66597	66546	4162
67076	67168	67165	4162
67396	67466	67376	4162
67614	67728	67715	4162
67922	67989	67971	4162
68444	68559	68545	4162
68764	68841	68749	4163
69009	69104	69121	4164
69552	69621	69612	4162
69812	69936	69909	4163
70122	70193	70116	4163
70641	70743	70685	4163
70979	71018	71019	4162
71207	71327	71270	4163
71786	71854	71864	4162
71996	72126	72073	4163
72356	72364	72388	4162
72881	72952	72884	4163
73144	73212	73237	4163
73390	73502	73462	4163
73963	74078	74039	4163
74273	74335	74275	4163
74518	74600	74621	4164
75109	75128	75111	4163
75346	75447	75453	4162
75664	75721	75696	4163
75982	76043	76023	4162
76550	76590	76550	4162
76803	76897	76880	4163
77067	77127	77140	4162
77635	77716	77707	4163
77951	78006	78007	4162
78244	78314	78268	4162
78492	78552	78593	4163
79028	79093	79120	4162
79299	79393	79382	4163
79602	79651	79647	4163
80143	80229	80177	4167
80395	80468	80491	4170
80661	80756	80737	4173
81211	81296	81317	4182
81508	81615	81543	4191
81755	81841	81868	4199
82323	82462	82419	4207
82561	82699	82699	4206
82851	82989	82937	4203
83085	83248	83244	4204
83336	83845	83687	4210
83337	84108	83926	4211
83336	84383	84162	4211
83336	84949	84567	4211
83336	85248	84760	4211
83337	85518	84932	4212
83336	85973	85551	4214
83337	86296	85771	4215
83337	86447	85903	4216
83337	86633	85904	4215
83336	87006	85905	4217
83337	87181	85905	4218
83337	87210	85905	4219
83337	87214	85906	4220
83337	87214	85906	4220
83337	87215	85906	4220
83337	87217	85906	4220
83337	87217	85906	4220
83337	87218	85906	4220
83337	87218	85906	4220
83337	87218	85907	4220
83337	87219	85906	4220
83337	87219	85907	4220
83337	87219	85907	4220
83337	87220	85906	4221
83337	87219	85907	4221
83337	87220	85907	4220
83337	87220	85907	4220
83337	87220	85907	4220
83337	87221	85907	4221
83337	87221	85907	4220
83337	87221	85907	4220
83337	87222	85907	4220
83337	87222	85907	4220
83337	87222	85907	4220
83337	87222	85907	4220
83337	87223	85907	4220
83337	87223	85907	4220
83337	87223	85907	4220
83337	87223	85907	4220
83337	87224	85907	4220
83337	87224	85907	4220
83337	87224	85907	4220
83337	87224	85907	4220
83337	87224	85907	4220
83337	87224	85907	4220
83337	87224	85908	4220
83337	87224	85907	4220
83337	87225	85907	4220
83337	87225	85908	4220
83337	87225	85907	4220
83337	87225	85907	4220
83337	87225	85907	4220
83337	87225	85907	4221
83337	87226	85908	4220
83337	87225	85907	4220
83337	87226	85908	4220
83337	87226	85907	4220
83337	87225	85907	4220
83337	87226	85907	4220
83337	87226	85907	4220
83337	87227	85907	4220
83337	87226	85908	4220
83337	87227	85907	4220
83337	87227	85908	4220
83337	87227	85907	4220
83337	87227	85908	4220
83337	87227	85907	4220
83337	87227	85908	4220
83337	87227	85907	4220
83337	87227	85907	4220
83337	87227	85908	4220
83337	87227	85908	4220
83337	87227	85908	4220
83337	87227	85908	4220
83337	87227	85908	4220
83337	87227	85908	4220
83337	87227	85908	4220
83337	87227	85908	4220
83337	87227	85908	4220
83337	87227	85907	4220
83337	87227	85908	4220
83337	87227	85908	4220
83337	87227	85908	4220
83337	87227	85908	4220
83337	87227	85908	4220
83337	87227	85908	4220
83337	87227	85908	4220
83337	87227	85908	4220
83337	87227	85908	4220
83337	87227	85908	4220
83337	87227	85908	4220
83337	87228	85908	4220
83337	87228	85908	4220
83337	87227	85908	4220
83337	87227	85908	4220
83337	87228	85908	4220
83337	87227	85908	4220
83337	87228	85908	4220
83337	87228	85908	4220
83337	87228	85908	4220
83337	87227	85908	4220
83337	87227	85908	4220
83337	87228	85908	4220
83337	87227	85908	4220
83337	87228	85908	4220
83337	87228	85908	4220
83337	87228	85908	4220
83337	87228	85908	4220
83337	87227	85908	4220
83337	87228	85908	4220
83337	87227	85908	4220
83337	87228	85908	4220
81096	85536	84162	4198
78328	82402	81234	4167
75540	79734	78500	4166
70099	74330	73085	4164
67421	71546	70344	4164
64693	68855	67689	4163
59347	63417	62226	4166
56591	60705	59599	4164
53883	57997	56833	4164
48461	52634	51395	4164
45785	49870	48706	4166
40357	44467	43285	4165
37419	41544	40394	4164
34760	38820	37648	4163
31828	35948	34775	4164
25882	29949	28739	4165
22956	27067	25905	4165
20308	24333	23165	4164
14581	18635	17435	4165
11769	15868	14677	4165
9043	13107	11872	4165
6144	10249	9036	4165
787	4808	3535	4166
62	1933	1051	4167
63	71	140	4168
-1000	-1000	-1000	-1000
64	78	145	4169
64	78	145	4168
64	78	145	4167
64	78	145	4167
65	78	145	4166
65	79	145	4166
65	79	145	4320
65	78	145	4488
65	78	146	4704
65	79	146	4882
65	79	145	5124
65	78	145	5262
65	78	145	5365
65	78	145	5523
65	78	145	5680
65	78	145	5658
66	79	145	5616
65	78	145	5590
65	78	145	5591
65	78	145	5591
65	78	145	5591
87	83	156	5591
382	357	193	5591
722	825	912	5591
1233	1263	1363	5591
1531	1616	1505	5591
1829	1806	1858	5592
2359	2445	2352	5591
2697	2666	2742	5591
2915	2970	2941	5592
3283	3297	3233	5591
3766	3830	3789	5591
4135	4101	4108	5591
4367	4388	4410	5591
4901	4929	4956	5591
5154	5184	5195	5591
5495	5474	5456	5591
6038	6032	5987	5590
6290	6345	6339	5591
6592	6578	6604	5591
7138	7190	7167	5590
7424	7433	7398	5590
7697	7688	7720	5590
8272	8249	8223	5590
8515	8540	8546	5590
8794	8825	8757	5590
9312	9335	9314	5590
9651	9681	9627	5590
9959	9934	9945	5591
10187	10224	10182	5590
10741	10753	10719	5590
11057	11132	11062	5591
11410	11386	11373	5591
11643	11664	11636	5591
12234	12219	12215	5591
12450	12519	12442	5591
12807	12805	12750	5591
13296	13350	13270	5591
13636	13623	13624	5591
13921	13964	13929	5591
14217	14249	14185	5591
14718	14761	14731	5591
15080	15066	15006	5591
15298	15324	15318	5591
15834	15866	15887	5591
16108	16115	16091	5591
16420	16416	16367	5591
16968	16981	16886	5591
17242	17280	17254	5591
17527	17546	17510	5590
17832	17838	17755	5590
18391	18429	18348	5591
18716	18703	18648	5590
18972	19005	18933	5590
19546	19544	19508	5590
19818	19859	19780	5590
20115	20138	20038	5590
20612	20693	20591	5590
20948	20912	20895	5590
21173	21217	21128	5590
21736	21725	21679	5591
21967	22062	21950	5591
22299	22259	22256	5591
22554	22576	22522	5590
23113	23102	23076	5590
23380	23435	23341	5590
23707	23692	23646	5590
24226	24250	24151	5590
24479	24488	24491	5591
24744	24763	24692	5591
25343	25350	25353	5590
25607	25662	25558	5590
25913	25871	25882	5590
26472	26464	26377	5590
26696	26712	26689	5590
26993	27038	26922	5590
27279	27263	27242	5590
27873	27893	27736	5590
28116	28118	28109	5590
28410	28437	28341	5590
28969	28967	28923	5590
29238	29263	29170	5590
29518	29501	29501	5590
30114	30069	30048	5590
30369	30381	30320	5590
30633	30653	30558	5590
31177	31225	31117	5590
31473	31437	31399	5590
31740	31745	31676	5590
32296	32273	32268	5590
32526	32555	32483	5590
32837	32805	32759	5590
33098	33110	33069	5590
33718	33711	33653	5590
33964	33962	33917	5590
34231	34256	34157	5591
34777	34777	34722	5590
35115	35124	35044	5590
35347	35368	35298	5590
35920	35936	35892	5590
36219	36211	36150	5590
36510	36563	36437	5590
36764	36748	36712	5590
37325	37314	37275	5590
37605	37604	37583	5590
37886	37917	37802	5590
38425	38462	38359	5590
38749	38725	38665	5590
39008	39024	38984	5590
39281	39321	39217	5590
39837	39875	39794	5590
40163	40180	40067	5590
40443	40427	40436	5590
41017	40952	40938	5590
41252	41275	41217	5590
41524	41602	41427	5590
42048	42110	42020	5590
42380	42386	42314	5590
42661	42667	42610	5590
42897	42957	42826	5590
43283	43296	43213	5590
43818	43889	43761	5590
44162	44145	44099	5590
44404	44435	44351	5590
44970	44987	44949	5591
45239	45280	45199	5590
45563	45528	45491	5590
46079	46095	46005	5590
46333	46349	46322	5590
46587	46654	46556	5590
46918	46888	46851	5590
47445	47501	47390	5590
47764	47765	47730	5590
48009	48026	48000	5590
48560	48576	48551	5590
48810	48867	48769	5590
49132	49131	49087	5590
49670	49680	49604	5590
49929	49970	49923	5590
50196	50255	50181	5590
50787	50834	50737	5590
51058	51097	51003	5590
51346	51341	51328	5590
51932	51895	51895	5590
52198	52206	52135	5590
52441	52485	52391	5590
53018	53064	53004	5590
53326	53314	53268	5590
53575	53598	53563	5590
53859	53898	53815	5590
54400	54416	54383	5590
54721	54800	54667	5590
54981	54965	54971	5590
55584	55578	55532	5590
55805	55808	55800	5590
56116	56133	56060	5590
56660	56645	56635	5590
56965	56980	56892	5590
57201	57229	57200	5590
57487	57522	57442	5590
58041	58073	58034	5590
58342	58364	58275	5590
58631	58650	58634	5590
59205	59203	59150	5590
59442	59472	59431	5590
59739	59774	59688	5590
60084	60066	60046	5590
60605	60641	60550	5590
60873	60870	60877	5590
61111	61201	61097	5590
61690	61705	61658	5590
61970	62026	61919	5590
62255	62229	62240	5590
62841	62787	62795	5590
63075	63107	63045	5590
63347	63371	63303	5590
63855	63924	63846	5590
64241	64197	64185	5590
64475	64517	64442	5590
65069	65072	65043	5590
65289	65301	65278	5590
65621	65598	65543	5590
65860	65903	65859	5590
66409	66439	66397	5590
66662	66677	66659	5590
67016	67041	66943	5590
67519	67525	67475	5590
67806	67827	67780	5590
68074	68099	68077	5590
68389	68431	68357	5590
68947	68970	68949	5590
69252	69276	69193	5590
69497	69514	69491	5590
70074	70070	70054	5590
70353	70387	70337	5590
70624	70662	70572	5590
70944	70929	70903	5590
71520	71545	71490	5590
71810	71812	71768	5590
72052	72134	72044	5590
72406	72387	72357	5590
72931	72995	72873	5590
73218	73237	73225	5590
73485	73556	73468	5590
74061	74116	74027	5590
74330	74352	74288	5590
74635	74663	74610	5590
75192	75220	75119	5590
75524	75531	75496	5590
75757	75779	75742	5590
76070	76104	76020	5590
76602	76628	76545	5590
76882	76929	76868	5590
77145	77145	77120	5590
77676	77709	77680	5590
77958	77999	77908	5590
78264	78300	78236	5590
78838	78883	78776	5590
79094	79109	79083	5590
79385	79425	79356	5590
79734	79738	79657	5590
80250	80288	80209	5590
80587	80569	80532	5590
80842	80869	80799	5590
81380	81402	81359	5590
81635	81673	81595	5590
81962	81941	81921	5591
82469	82508	82422	5591
82728	82777	82710	5591
82948	83041	82965	5591
83525	83634	83499	5591
83687	83895	83679	5594
83916	84159	83873	5609
84194	84715	84169	5616
84206	85001	84376	5615
84205	85265	84551	5615
84205	85792	85138	5615
84206	86093	85418	5615
84205	86360	85509	5615
84205	86637	85510	5615
84206	87172	85512	5615
84206	87452	85512	5615
84206	87741	85512	5622
84206	88210	85512	5623
84206	88417	85512	5627
84206	88640	85512	5628
84206	89050	85512	5628
84206	89225	85512	5630
84206	89385	85512	5631
84206	89616	85512	5635
84206	89622	85512	5635
84206	89625	85512	5635
84206	89627	85512	5635
84206	89628	85512	5635
84206	89629	85512	5635
84206	89629	85512	5635
84206	89630	85513	5635
84206	89631	85512	5634
84207	89632	85512	5634
84206	89632	85512	5634
84207	89632	85512	5634
84206	89632	85512	5635
84206	89633	85513	5634
84206	89633	85512	5634
84206	89633	85513	5635
84206	89633	85513	5634
84206	89633	85513	5634
84207	89634	85513	5634
84206	89634	85513	5634
84206	89634	85513	5634
84206	89635	85513	5634
84206	89635	85513	5634
84206	89635	85513	5634
84207	89635	85513	5634
84206	89636	85513	5634
84207	89636	85513	5634
84206	89636	85512	5634
84207	89635	85513	5634
84207	89636	85512	5634
84207	89636	85512	5634
84206	89636	85512	5634
84207	89636	85513	5634
84206	89636	85512	5634
84206	89637	85512	5634
84206	89636	85513	5634
84207	89637	85513	5634
84206	89637	85513	5634
84206	89637	85513	5634
84206	89637	85513	5634
84207	89637	85513	5634
84206	89637	85513	5634
84207	89637	85512	5634
84206	89637	85512	5634
84207	89637	85513	5634
84206	89637	85513	5634
84207	89637	85513	5634
84206	89637	85512	5634
84207	89637	85513	5634
84207	89637	85513	5634
84206	89637	85512	5634
84207	89637	85513	5634
84207	89637	85512	5634
84207	89637	85512	5634
84206	89637	85512	5634
84206	89637	85513	5634
84206	89637	85513	5634
84207	89638	85513	5634
84207	89637	85513	5634
84207	89637	85513	5634
84207	89637	85513	5634
84207	89637	85513	5634
84207	89638	85513	5634
84207	89638	85513	5634
84207	89638	85513	5634
84206	89637	85512	5633
84206	89638	85513	5634
84207	89637	85513	5634
84207	89638	85513	5634
84206	89638	85513	5634
84207	89638	85513	5634
84207	89638	85513	5634
84207	89638	85513	5634
84207	89638	85513	5634
84207	89638	85513	5634
84206	89638	85513	5634
84206	89638	85513	5634
84206	89638	85513	5634
84207	89638	85512	5634
84207	89638	85513	5633
84207	89638	85513	5634
84207	89638	85513	5634
84207	89638	85513	5633
84207	89638	85513	5634
84206	89638	85513	5634
84207	89638	85513	5634
84207	89638	85513	5634
84207	89638	85513	5634
84207	89638	85513	5634
84207	89638	85513	5633
84206	89638	85513	5634
84207	89638	85513	5633
84206	89638	85513	5633
84207	89638	85513	5634
84207	89638	85513	5633
84207	89638	85513	5634
84207	89638	85513	5633
84207	89638	85513	5634
84207	89638	85512	5634
84206	89638	85513	5634
84207	89638	85513	5634
84207	89638	85513	5634
79479	85059	80779	5580
76625	82426	77882	5580
73948	79746	75349	5580
70718	76490	72004	5580
65228	70970	66589	5579
62551	68261	63851	5579
59890	65541	61139	5579
54422	60114	55713	5580
51643	57376	53019	5580
49059	54636	50285	5580
46094	51769	47373	5579
40118	45827	41448	5579
37374	43090	38717	5580
34445	40222	35831	5579
28510	34277	29813	5580
25830	31526	27114	5580
23065	28791	24368	5580
17506	23197	18742	5580
14484	20166	15755	5580
11677	17350	12939	5580
8977	14617	10205	5580
3354	9051	4588	5580
648	6300	1831	5580
60	3567	137	5580
62	87	147	5582
63	88	147	5580
63	89	147	5581
63	89	147	5580
-1000	-1000	-1000	-1000
63	89	147	5580
63	89	147	5580
63	89	147	5580
63	89	147	5580
63	89	147	5579
63	89	147	5655
63	89	147	5738
64	89	148	5906
63	89	148	6132
63	89	147	6431
63	90	147	6550
63	89	147	6657
63	89	147	6929
63	89	147	7038
63	89	147	7097
63	89	147	7069
63	89	147	6991
63	90	147	6989
63	89	147	6989
63	89	147	6989
63	89	147	6990
84	94	166	6988
725	810	936	6989
1054	1080	952	6989
1259	1271	1405	6987
1548	1651	1544	6989
2114	2116	2182	6988
2369	2430	2385	6988
2685	2651	2750	6988
3252	3213	3224	6987
3494	3481	3552	6988
3746	3802	3759	6988
4291	4335	4341	6987
4596	4577	4566	6986
5115	5146	5117	6986
5400	5379	5432	6987
5638	5669	5678	6987
6195	6193	6234	6987
6480	6498	6475	6987
6768	6757	6796	6986
7360	7357	7309	6987
7585	7586	7658	6987
7868	7910	7865	6987
8435	8431	8461	6987
8736	8758	8696	6987
8996	8988	9067	6987
9246	9277	9264	6987
9829	9828	9839	6987
10121	10145	10095	6988
10396	10365	10414	6987
10985	10937	10952	6988
11224	11217	11229	6988
11490	11521	11466	6988
11999	12028	12039	6988
12371	12361	12334	6988
12638	12649	12651	6987
12910	12914	12918	6986
13473	13445	13503	6987
13746	13757	13731	6987
14045	14032	14055	6987
14615	14579	14568	6986
14839	14851	14889	6987
15136	15136	15120	6986
15672	15660	15706	6987
15972	15937	15938	6987
16217	16228	16289	6987
16521	16529	16532	6988
17077	17066	17135	6986
17370	17366	17347	6987
17607	17615	17684	6988
18202	18183	18196	6988
18452	18449	18499	6987
18737	18743	18729	6987
19271	19305	19322	6987
19581	19546	19567	6987
19824	19842	19882	6986
20400	20374	20441	6988
20651	20699	20700	6987
20978	20947	20979	6987
21477	21543	21512	6987
21771	21724	21834	6986
21993	22046	22065	6987
22347	22324	22344	6987
22866	22912	22929	6987
23195	23200	23216	6987
23431	23442	23491	6987
23993	24006	24097	6987
24260	24297	24319	6986
24602	24556	24595	6985
24877	24894	24972	6986
25445	25440	25481	6985
25681	25703	25765	6985
26015	25978	25996	6988
26326	26323	26373	6986
26909	26893	26907	6987
27145	27140	27217	6987
27435	27442	27472	6986
28012	27997	28065	6986
28300	28306	28309	6986
28538	28539	28618	6987
29133	29108	29158	6986
29381	29359	29467	6985
29678	29696	29697	6986
30196	30226	30275	6987
30533	30464	30519	6987
30756	30751	30833	6986
31346	31309	31384	6987
31559	31590	31640	6987
31898	31863	31894	6986
32145	32115	32231	6987
32741	32698	32761	6986
32981	32991	33070	6987
33293	33262	33287	6986
33802	33840	33902	6987
34172	34113	34162	6986
34396	34411	34487	6987
34991	34973	35039	6986
35233	35253	35321	6987
35563	35493	35509	6986
36080	36103	36129	6986
36344	36337	36409	6987
36611	36616	36695	6985
37151	37157	37256	6987
37438	37448	37505	6987
37688	37715	37777	6986
38286	38250	38293	6986
38518	38532	38621	6987
38804	38798	38853	6987
39342	39339	39437	6988
39657	39626	39660	6986
39905	39929	39999	6986
40204	40216	40291	6986
40747	40741	40829	6988
41041	41014	41068	6986
41327	41324	41393	6986
41888	41837	41900	6986
42144	42155	42219	6987
42399	42425	42453	6986
42956	42997	43045	6985
43295	43272	43279	6985
43542	43517	43618	6986
44103	44081	44152	6987
44358	44352	44438	6986
44682	44661	44701	6987
44922	44930	45019	6987
45469	45461	45511	6985
45735	45750	45841	6987
46048	46028	46069	6987
46550	46581	46631	6986
46858	46820	46886	6985
47092	47091	47198	6984
47639	47621	47736	6987
47924	47928	48000	6987
48162	48190	48226	6987
48775	48771	48802	6987
49021	49039	49116	6986
49306	49321	49389	6987
49902	49929	50024	6987
50164	50208	50238	6987
50473	50442	50539	6986
50690	50768	50793	6986
51330	51328	51417	6986
51598	51655	51682	6986
51934	51894	51964	6987
52191	52197	52290	6987
52734	52718	52817	6986
52981	53020	53111	6986
53317	53326	53364	6986
53850	53889	53949	6986
54193	54189	54233	6985
54467	54452	54577	6987
54745	54802	54839	6987
55310	55309	55435	6985
55639	55658	55705	6985
55875	55903	55966	6985
56164	56222	56280	6985
56734	56750	56844	6986
57016	57076	57118	6987
57307	57287	57347	6985
57888	57902	57925	6985
58116	58141	58229	6986
58401	58430	58495	6985
58944	58957	59060	6986
59258	59260	59272	6986
59487	59502	59602	6987
60095	60069	60114	6987
60329	60335	60440	6986
60605	60648	60668	6987
60896	60891	60992	6987
61493	61473	61526	6987
61739	61768	61857	6986
62005	62058	62113	6986
62324	62320	62374	6985
62892	62969	63027	6986
63286	63245	63303	6986
63490	63506	63633	6986
63783	63830	63856	6987
64330	64374	64455	6985
64672	64686	64688	6986
64907	64916	65030	6986
65480	65482	65544	6986
65741	65785	65875	6986
66066	66044	66087	6986
66559	66610	66682	6986
66933	66910	66951	6986
67172	67218	67298	6986
67486	67485	67573	6985
68023	68019	68137	6986
68361	68353	68437	6986
68596	68650	68695	6986
69193	69190	69246	6986
69431	69477	69572	6985
69745	69757	69833	6987
69995	70022	70090	6986
70575	70561	70626	6986
70829	70843	70940	6987
71073	71126	71178	6987
71603	71665	71731	6987
71949	71923	71992	6986
72184	72196	72283	6986
72766	72777	72829	6986
73010	73025	73135	6985
73335	73376	73400	6986
73868	73908	73959	6986
74179	74198	74238	6986
74445	74434	74560	6986
74719	74755	74796	6986
75252	75290	75378	6985
75596	75571	75623	6985
75831	75851	75970	6986
76373	76406	76461	6986
76644	76661	76792	6986
76970	76982	76998	6986
77478	77507	77584	6986
77775	77787	77833	6987
78071	78079	78188	6986
78606	78643	78726	6985
78881	78918	78974	6985
79195	79153	79238	6985
79436	79453	79537	6986
80017	80016	80115	6986
80305	80316	80392	6986
80615	80594	80647	6986
80961	80952	81012	6986
81523	81480	81533	6987
81770	81753	81856	6987
82021	82102	82097	6987
82563	82576	82667	6987
82878	82866	82891	6985
83162	83132	83237	6986
83732	83700	83762	6986
83971	83982	84060	6986
84263	84258	84301	6986
84756	84818	84845	6985
85003	85067	85085	6986
85293	85307	85378	6986
85721	85898	85755	6984
85842	86153	85944	6987
86063	86434	86105	6985
86068	87016	86474	6983
86068	87256	86735	6983
86068	87543	86885	6984
86068	88097	87425	6984
86068	88368	87427	6985
86068	88585	87428	6986
86068	88869	87428	6987
86068	89360	87428	6987
86068	89602	87428	6988
86068	89817	87429	6988
86068	90212	87429	6995
86068	90224	87429	6996
86068	90229	87429	6996
86068	90233	87429	6996
86068	90233	87429	6996
86068	90235	87430	6996
86068	90235	87429	6995
86068	90236	87429	6995
86068	90236	87430	6995
86068	90236	87430	6995
86068	90236	87430	6994
86068	90237	87430	6994
86068	90237	87430	6994
86068	90238	87430	6994
86068	90238	87430	6994
86068	90238	87430	6994
86068	90238	87430	6993
86068	90238	87430	6993
86068	90238	87430	6993
86068	90238	87430	6993
86068	90239	87430	6993
86068	90239	87430	6993
86068	90239	87430	6993
86068	90239	87430	6993
86068	90239	87430	6993
86068	90240	87430	6993
86068	90240	87430	6993
86068	90240	87430	6992
86068	90240	87430	6992
86068	90240	87430	6992
86068	90240	87430	6992
86068	90240	87430	6992
86068	90240	87430	6992
86068	90240	87430	6992
86068	90240	87430	6992
86068	90240	87430	6992
86068	90241	87430	6992
86068	90240	87431	6992
86068	90240	87431	6992
86068	90240	87430	6992
86068	90240	87430	6991
86068	90241	87430	6992
86068	90241	87430	6992
86068	90241	87430	6991
86068	90241	87431	6991
86068	90241	87431	6991
86068	90241	87430	6991
86068	90241	87431	6991
86068	90241	87431	6991
86068	90241	87430	6991
86068	90241	87431	6991
86068	90241	87430	6991
86068	90241	87431	6991
86068	90241	87431	6991
86068	90241	87431	6991
86068	90241	87431	6991
86068	90241	87431	6991
86068	90241	87431	6991
86068	90241	87431	6991
86068	90241	87431	6991
86068	90241	87430	6991
86068	90241	87431	6991
86068	90241	87431	6991
86068	90241	87431	6991
86068	90241	87431	6992
86068	90241	87430	6991
86069	90241	87431	6991
86068	90241	87431	6991
86068	90241	87431	6991
86068	90242	87431	6991
86068	90241	87431	6991
86068	90241	87431	6991
86069	90241	87431	6991
86068	90241	87431	6991
86068	90241	87431	6991
86068	90242	87431	6991
86068	90241	87431	6991
86068	90242	87431	6991
86068	90241	87431	6991
86068	90242	87431	6991
86068	90242	87431	6991
86068	90242	87431	6991
86068	90242	87431	6991
86068	90242	87431	6991
86068	90242	87431	6991
86068	90243	87431	6991
86068	90243	87431	6991
86068	90242	87431	6991
86068	90243	87431	6991
86068	90242	87431	6991
86068	90243	87431	6991
86069	90243	87431	6991
86068	90243	87431	6991
86068	90243	87431	6991
86069	90243	87431	6991
86068	90243	87431	6991
86068	90243	87431	6991
86068	90243	87431	6991
86068	90244	87431	6991
86068	90244	87431	6991
86068	90244	87431	6991
86068	90244	87431	6991
84118	88253	85565	6989
81246	85328	82663	6979
78262	82382	79712	6981
72853	77046	74295	6984
70165	74345	71568	6983
67416	71613	68845	6983
61989	66220	63411	6982
59354	63522	60643	6982
56376	60654	57726	6982
50987	55177	52334	6981
48292	52500	49575	6981
45589	49773	46917	6981
40151	44322	41455	6981
37222	41402	38615	6980
34535	38747	35814	6981
28893	33118	30290	6980
26155	30353	27591	6980
23458	27654	24854	6980
17801	22065	19264	6980
15094	19328	16490	6979
12408	16619	13840	6980
9689	13866	11143	6980
6316	10550	7798	6980
349	4451	1712	6980
60	1739	154	6982
-1000	-1000	-1000	-1000
61	85	163	6983
62	89	165	6982
62	89	165	6983
63	89	165	6983
