52	104	187	62
52	103	187	62
52	103	187	62
52	104	187	62
616	564	409	62
753	823	920	62
1102	1161	997	62
1636	1681	1660	62
1914	1942	1875	62
2186	2182	2268	62
2791	2746	2772	62
3010	3021	3028	62
3302	3315	3269	62
3825	3859	3842	61
4163	4105	4112	61
4399	4402	4435	61
4705	4702	4669	61
5223	5212	5239	61
5539	5506	5493	61
5797	5791	5824	61
6391	6376	6357	61
6618	6614	6638	61
6915	6912	6873	62
7438	7463	7426	61
7738	7706	7733	61
7974	7993	7981	61
8525	8527	8557	61
8833	8828	8822	62
9137	9110	9115	61
9380	9390	9371	62
10008	9926	9984	61
10227	10241	10226	61
10550	10568	10523	61
11055	11118	11074	62
11403	11357	11369	61
11659	11655	11653	61
12209	12170	12215	61
12457	12488	12459	61
12774	12725	12738	61
13034	13045	13051	61
13631	13563	13629	61
13837	13866	13876	61
14199	14138	14137	61
14670	14682	14652	61
14988	14938	15001	61
15268	15253	15306	61
15799	15803	15888	61
16066	16069	16084	61
16372	16332	16382	61
16955	16935	16911	61
17199	17190	17267	61
17455	17471	17487	61
17792	17736	17758	61
18401	18409	18433	61
18740	18702	18699	61
18965	18962	18999	61
19254	19271	19277	61
19663	19607	19599	61
20251	20269	20258	61
20555	20513	20536	61
20828	20812	20840	61
21129	21121	21147	61
21692	21684	21694	61
21935	21958	21950	61
22481	22482	22511	61
22799	22764	22780	61
23063	23065	23092	61
23330	23349	23360	61
23901	23872	23955	61
24222	24217	24183	61
24474	24475	24534	61
25070	25015	25016	61
25304	25280	25368	61
25587	25590	25569	61
26113	26141	26165	61
26461	26416	26404	61
26696	26694	26758	61
27257	27263	27286	61
27515	27521	27557	61
27830	27790	27754	61
28077	28075	28137	61
28709	28663	28696	61
28943	28962	28967	61
29233	29216	29210	61
29760	29792	29781	61
30101	30055	30071	61
30346	30335	30370	61
30953	30906	30947	61
31159	31197	31189	61
31475	31469	31457	61
31977	32014	31979	61
32287	32257	32320	61
32512	32544	32570	61
32842	32849	32816	61
33360	33441	33377	61
33657	33633	33672	61
33921	33942	33973	61
34474	34492	34534	61
34758	34778	34794	61
35072	35112	35050	61
35602	35627	35574	61
35866	35883	35927	61
36119	36171	36159	61
36481	36505	36487	61
36975	37019	37004	61
37246	37282	37300	61
37512	37552	37583	61
38085	38118	38180	61
38369	38423	38444	61
38679	38687	38676	61
39231	39329	39253	61
39530	39537	39579	61
39761	39837	39855	61
40341	40363	40434	61
40647	40730	40728	61
41014	40993	40989	61
41249	41277	41305	61
41827	41826	41861	61
42076	42158	42153	61
42395	42435	42390	61
42674	42699	42727	61
43258	43282	43236	61
43494	43556	43568	61
43785	43871	43825	61
44119	44142	44141	61
44665	44728	44666	61
44914	44968	44985	61
45166	45221	45206	61
45708	45764	45782	61
46036	46086	46029	61
46278	46319	46352	61
46868	46893	46870	61
47105	47165	47175	61
47401	47458	47406	61
47944	48021	48029	61
48263	48299	48245	61
48529	48571	48601	61
48806	48864	48817	61
49355	49441	49419	61
49666	49693	49644	61
49922	49960	49996	61
50487	50511	50514	61
50700	50777	50750	61
51029	51059	50998	61
51518	51616	51530	61
51880	51868	51885	61
52090	52151	52109	61
52657	52686	52690	61
52888	52999	52921	61
53440	53500	53485	61
53769	53778	53732	61
54013	54044	54058	61
54585	54557	54598	61
54782	54848	54839	61
55144	55149	55097	61
55661	55683	55638	61
55919	55946	55952	60
56169	56192	56220	61
56516	56534	56453	61
57016	57045	57027	61
57307	57305	57316	61
57566	57603	57621	61
58108	58156	58196	61
58376	58424	58409	61
58709	58694	58709	61
59265	59318	59240	61
59516	59545	59576	61
59771	59824	59802	61
60128	60132	60105	61
60646	60713	60670	61
60965	60974	60993	61
61196	61250	61254	61
61771	61798	61824	61
62039	62087	62075	61
62349	62354	62357	61
62613	62620	62659	61
63256	63250	63253	61
63479	63515	63513	61
63787	63821	63779	61
64323	64372	64374	61
64674	64685	64633	61
64902	64945	64944	61
65444	65467	65486	61
65707	65745	65768	61
66031	66032	65983	61
66264	66315	66322	61
66835	66841	66866	61
67076	67110	67143	61
67406	67399	67355	61
67920	67998	67924	61
68188	68201	68242	61
68463	68494	68527	61
69007	69060	69103	61
69281	69326	69313	61
69568	69574	69617	60
70173	70222	70168	61
70425	70446	70515	60
70690	70740	70754	61
71026	70992	71035	61
71542	71609	71575	61
71874	71850	71909	61
72088	72147	72127	61
72660	72682	72680	61
72947	72986	72963	61
73251	73263	73277	61
73805	73814	73786	61
74040	74079	74070	61
74321	74363	74339	61
74596	74666	74653	61
75181	75216	75174	61
75447	75510	75518	61
76039	76075	76037	61
76270	76304	76349	61
76574	76618	76591	61
76864	76914	76882	61
77399	77447	77390	61
77647	77691	77710	61
77939	78006	77978	61
78498	78522	78565	61
78795	78836	78794	61
79036	79095	79116	61
79573	79609	79638	61
79891	79940	79940	62
80170	80249	80185	62
80619	80780	80722	63
80831	81060	80927	63
81068	81317	81057	68
81100	81596	81273	78
81100	82014	81639	84
81100	82237	81741	90
81100	82365	81873	95
81100	82722	81891	98
81100	82937	81891	101
81102	83067	81891	104
81120	83319	81891	110
81122	83321	81891	110
81123	83323	81891	110
81124	83323	81892	110
81125	83337	81892	110
81126	83352	81892	110
81127	83353	81892	110
81128	83353	81892	110
81128	83354	81892	111
81129	83354	81892	110
81129	83354	81892	110
81129	83354	81892	110
81129	83355	81892	110
81130	83356	81892	110
81130	83356	81892	110
81130	83356	81892	110
81130	83357	81892	110
81131	83356	81892	110
81131	83357	81892	110
81131	83357	81892	110
81131	83357	81892	110
81131	83357	81892	110
81131	83357	81892	110
81132	83358	81892	110
81132	83358	81892	110
81132	83358	81892	110
81132	83358	81892	110
81132	83359	81892	110
81132	83359	81892	110
81132	83359	81892	110
81133	83358	81892	110
81132	83359	81892	110
81133	83359	81892	110
81133	83359	81892	110
81133	83360	81892	109
81133	83359	81892	109
81133	83360	81892	110
81133	83360	81892	109
81133	83360	81892	109
81133	83360	81892	109
81133	83360	81892	109
81133	83361	81892	109
81134	83360	81892	109
81133	83361	81892	109
81133	83361	81892	109
81134	83361	81892	110
81133	83361	81892	110
81133	83361	81892	109
81134	83361	81892	109
81133	83361	81892	110
81134	83361	81892	109
81134	83361	81892	109
81134	83361	81892	109
81134	83362	81892	109
81134	83362	81892	109
81134	83362	81892	109
81134	83362	81892	109
81134	83362	81892	109
81134	83362	81892	109
81134	83362	81892	109
81133	83362	81892	108
81134	83362	81892	109
81133	83362	81892	109
81134	83362	81892	109
81133	83362	81892	109
81133	83362	81892	109
81134	83362	81892	109
81134	83362	81892	109
81133	83362	81892	109
81134	83362	81892	108
81134	83363	81892	108
81134	83362	81892	109
81134	83363	81892	109
81134	83363	81892	109
81134	83363	81892	109
81134	83363	81892	108
81134	83363	81892	109
81134	83363	81892	109
81134	83363	81892	109
81134	83363	81892	109
81134	83363	81892	109
81134	83363	81892	109
81134	83363	81892	109
81134	83363	81892	108
81134	83363	81892	109
81134	83363	81892	109
81134	83363	81892	109
81134	83363	81892	109
81134	83363	81892	109
81134	83363	81892	109
81134	83363	81892	108
81134	83363	81892	108
81134	83363	81892	109
81134	83363	81892	108
81134	83363	81892	109
81135	83363	81892	109
81134	83363	81892	109
81134	83363	81892	109
81134	83363	81892	109
81134	83364	81892	109
81134	83364	81892	109
81134	83364	81893	109
78657	82506	80882	92
75789	78787	77330	72
72963	76173	74593	67
67279	70419	68907	66
64452	67677	66122	66
61759	64895	63392	65
56297	59518	57913	64
53581	56757	55318	64
50861	54101	52518	63
45471	48634	47171	63
42525	45769	44279	63
39783	43023	41534	62
34219	37403	35895	62
31514	34661	33242	61
28612	31766	30311	59
22979	26130	24687	59
20283	23457	21966	59
17600	20736	19295	58
14638	17863	16333	59
9086	12274	10740	58
6364	9504	8057	58
3634	6822	5321	58
29	1381	252	58
33	89	137	58
34	92	138	58
-1000	-1000	-1000	-1000
35	92	138	59
36	92	139	58
36	92	139	58
36	92	138	58
36	92	138	58
36	92	138	58
36	92	138	180
36	92	139	286
36	92	139	482
36	92	139	822
36	92	139	955
36	92	139	1063
36	92	139	1294
36	92	139	1391
36	92	139	1414
37	92	139	1422
37	92	139	1402
37	91	139	1401
36	92	139	1401
36	91	139	1401
36	92	138	1401
59	97	156	1401
728	836	898	1400
1051	1005	927	1400
1270	1294	1400	1400
1870	1841	1852	1400
2101	2132	2162	1399
2370	2430	2364	1399
2695	2672	2730	1399
3273	3247	3213	1399
3488	3502	3557	1399
3760	3821	3769	1399
4308	4343	4345	1399
4625	4621	4575	1398
4857	4908	4902	1398
5419	5414	5439	1398
5666	5692	5694	1397
5993	5977	5944	1398
6496	6520	6517	1398
6807	6807	6811	1398
7093	7124	7127	1398
7385	7401	7346	1397
7923	7975	7945	1398
8272	8262	8237	1397
8508	8523	8547	1398
9074	9061	9091	1398
9291	9339	9321	1397
9649	9664	9636	1397
10163	10225	10182	1397
10531	10489	10504	1397
10782	10768	10774	1397
11037	11072	11036	1397
11596	11587	11608	1397
11910	11929	11889	1397
12166	12175	12194	1397
12774	12743	12761	1397
13020	13004	13038	1397
13285	13325	13275	1398
13578	13581	13604	1398
14197	14169	14143	1398
14423	14436	14499	1397
14681	14743	14683	1397
15219	15248	15280	1398
15539	15540	15499	1398
15753	15793	15839	1398
16308	16319	16351	1397
16618	16634	16671	1397
16932	16953	16865	1397
17449	17476	17459	1397
17796	17765	17753	1397
18015	18072	18040	1397
18594	18583	18627	1398
18834	18890	18864	1397
19172	19151	19139	1397
19414	19429	19420	1397
20004	19996	20018	1398
20224	20265	20237	1397
20558	20532	20533	1397
21082	21115	21068	1397
21377	21370	21400	1398
21606	21624	21621	1397
22190	22197	22192	1397
22422	22463	22433	1397
22766	22754	22766	1398
23295	23327	23270	1398
23566	23594	23605	1398
23826	23847	23834	1398
24387	24421	24418	1398
24689	24698	24636	1397
24932	24963	24983	1397
25205	25244	25212	1397
25786	25804	25823	1398
26061	26108	26081	1397
26348	26388	26368	1397
26918	26939	26885	1397
27167	27229	27207	1398
27442	27476	27460	1397
28007	28041	28023	1398
28304	28333	28288	1397
28573	28585	28609	1398
28842	28896	28882	1397
29441	29455	29503	1397
29702	29739	29702	1398
30016	29995	30033	1397
30576	30569	30523	1397
30828	30829	30857	1397
31070	31132	31093	1398
31643	31668	31655	1398
31936	31958	31906	1397
32204	32218	32251	1397
32451	32541	32466	1398
33054	33079	33081	1397
33356	33412	33341	1397
33641	33652	33654	1397
34207	34205	34156	1397
34464	34513	34478	1397
34724	34749	34710	1398
35060	35067	35041	1398
35607	35630	35517	1397
35843	35888	35880	1398
36153	36197	36147	1397
36500	36546	36480	1398
37009	37065	37023	1397
37343	37374	37314	1398
37607	37628	37631	1397
38168	38181	38194	1397
38432	38498	38442	1398
38759	38774	38698	1397
39073	39097	39101	1397
39652	39663	39601	1397
39906	39936	39932	1397
40183	40230	40136	1398
40553	40582	40519	1398
41061	41126	41045	1397
41346	41379	41360	1398
41594	41652	41592	1398
42198	42211	42189	1397
42417	42534	42440	1397
42792	42765	42751	1398
42990	43043	43013	1398
43641	43643	43640	1398
43872	43945	43886	1397
44212	44251	44180	1397
44694	44769	44698	1397
45031	45029	45028	1397
45230	45318	45263	1398
45797	45855	45826	1398
46078	46127	46050	1397
46346	46395	46375	1398
46947	46962	46887	1397
47157	47243	47185	1397
47432	47489	47441	1398
47980	48028	48021	1397
48293	48368	48238	1397
48530	48571	48579	1398
49083	49118	49108	1398
49345	49425	49365	1398
49664	49705	49624	1397
49923	49966	49965	1397
50551	50586	50534	1397
50781	50817	50779	1397
51059	51125	51021	1397
51624	51708	51641	1397
51953	51969	51941	1397
52204	52236	52201	1397
52770	52761	52786	1398
53026	53083	53055	1398
53340	53379	53327	1397
53617	53662	53654	1398
54188	54197	54173	1397
54431	54473	54457	1398
54704	54749	54689	1397
55225	55288	55244	1397
55589	55584	55538	1397
55872	55911	55918	1397
56139	56190	56155	1397
56709	56738	56748	1398
57002	57030	56947	1397
57261	57316	57292	1398
57861	57879	57809	1397
58112	58148	58176	1397
58390	58440	58369	1398
58955	58983	58969	1397
59260	59276	59196	1397
59490	59525	59532	1397
59756	59826	59749	1397
60326	60365	60338	1397
60614	60661	60575	1397
61095	61179	61100	1397
61431	61405	61436	1397
61667	61749	61703	1397
61979	62041	61955	1397
62480	62552	62522	1397
62858	62872	62827	1397
63107	63138	63121	1397
63668	63672	63689	1397
63883	63932	63912	1397
64250	64271	64209	1397
64519	64557	64540	1397
65115	65142	65095	1397
65322	65345	65340	1397
65642	65684	65612	1398
66184	66227	66219	1398
66521	66563	66476	1397
66770	66803	66798	1398
67050	67102	67072	1397
67607	67624	67662	1397
67921	67965	67893	1397
68169	68213	68211	1398
68742	68767	68705	1397
68992	69036	69054	1398
69278	69334	69255	1398
69817	69892	69845	1397
70119	70162	70104	1397
70381	70426	70446	1397
70958	70969	70985	1397
71150	71269	71203	1397
71506	71525	71505	1397
71988	72105	72015	1397
72305	72317	72338	1397
72568	72639	72613	1398
72888	72949	72868	1397
73389	73460	73425	1398
73683	73712	73728	1397
73933	74030	73967	1398
74514	74566	74587	1398
74758	74820	74805	1398
75094	75105	75109	1398
75654	75674	75631	1397
75880	75938	75978	1397
76153	76219	76198	1398
76695	76749	76778	1397
77006	77042	76982	1398
77238	77307	77328	1398
77802	77830	77819	1397
78043	78100	78133	1397
78368	78400	78340	1397
78861	78919	78899	1398
79164	79174	79208	1397
79422	79502	79480	1398
79981	80031	80073	1398
80235	80319	80302	1399
80552	80592	80580	1399
81101	81186	81122	1400
81351	81419	81434	1402
81632	81708	81629	1404
81890	81944	81859	1403
82292	82444	82194	1424
82452	82617	82272	1429
82654	82804	82335	1434
83027	83171	82793	1442
83069	83237	82810	1443
83072	83240	82811	1443
83073	83241	82813	1444
83074	83243	82814	1444
83074	83244	82814	1444
83075	83244	82814	1445
83075	83245	82814	1444
83076	83245	82815	1445
83076	83245	82815	1445
83076	83246	82815	1444
83077	83246	82815	1445
83077	83246	82815	1445
83077	83246	82815	1444
83077	83247	82815	1445
83077	83247	82815	1445
83077	83247	82815	1445
83078	83247	82815	1445
83078	83247	82815	1445
83078	83247	82815	1444
83078	83247	82815	1445
83078	83247	82815	1445
83078	83248	82815	1445
83079	83248	82815	1445
83079	83248	82816	1445
83078	83248	82816	1445
83079	83248	82815	1445
83079	83248	82815	1445
83079	83248	82816	1445
83078	83248	82815	1445
83079	83248	82816	1445
83079	83249	82816	1445
83079	83248	82815	1445
83079	83249	82816	1445
83080	83248	82815	1445
83079	83248	82816	1445
83079	83248	82816	1445
83079	83249	82816	1444
83080	83249	82816	1445
83079	83249	82815	1445
83079	83249	82816	1445
83080	83249	82816	1445
83080	83249	82816	1445
83080	83249	82816	1445
83080	83249	82815	1445
83079	83249	82816	1445
83080	83249	82816	1445
83080	83249	82816	1445
83080	83250	82816	1445
83080	83249	82816	1445
83080	83250	82816	1445
83080	83250	82816	1445
83080	83250	82816	1445
83080	83250	82816	1445
83080	83250	82816	1445
83080	83250	82816	1445
83080	83250	82816	1445
83080	83250	82816	1444
83080	83251	82816	1444
83080	83250	82815	1445
83080	83251	82816	1444
83080	83251	82816	1444
83080	83251	82816	1444
83080	83251	82816	1445
83080	83251	82816	1445
83080	83251	82816	1445
83080	83251	82816	1445
83080	83251	82816	1445
83080	83251	82816	1444
83080	83251	82816	1445
83080	83251	82816	1445
83080	83251	82816	1445
83080	83251	82816	1445
83080	83251	82816	1445
83080	83252	82816	1445
83080	83252	82816	1444
83080	83252	82816	1445
83080	83252	82816	1445
83080	83252	82816	1445
83080	83252	82816	1445
83080	83252	82816	1445
83080	83252	82816	1445
83080	83253	82816	1445
83080	83253	82816	1445
83080	83253	82816	1444
83080	83253	82816	1445
83080	83253	82816	1445
83080	83253	82816	1445
83080	83253	82816	1445
83080	83253	82816	1445
83080	83254	82816	1445
83080	83254	82816	1444
83080	83254	82816	1444
83080	83254	82816	1445
83080	83254	82816	1445
83080	83255	82816	1444
83080	83254	82816	1444
83081	83254	82816	1444
83080	83254	82816	1445
83080	83254	82816	1445
83080	83255	82816	1445
83081	83254	82816	1445
81432	81466	81842	1435
78465	78498	78469	1393
75606	75732	75833	1388
70078	70190	70194	1392
67358	67412	67488	1392
64448	64538	64575	1393
58872	58912	58976	1393
56240	56209	56284	1393
53459	53504	53500	1394
48027	48110	48090	1394
45313	45393	45399	1393
42510	42453	42478	1394
37021	37018	37013	1393
34349	34375	34351	1392
31542	31614	31578	1393
28726	28733	28677	1393
23119	23081	23081	1392
20400	20392	20368	1392
17717	17654	17628	1393
12070	11995	12032	1392
9315	9267	9322	1392
6610	6614	6663	1393
997	875	1052	1392
28	96	175	1395
32	98	180	1401
-1000	-1000	-1000	-1000
34	98	181	1400
34	98	181	1399
34	99	180	1399
34	99	181	1398
34	98	181	1398
35	99	181	1398
34	99	181	1457
34	99	181	1682
34	98	181	1877
35	99	181	2069
35	99	181	2326
35	99	181	2436
35	99	181	2575
35	99	181	2756
35	98	181	2792
35	99	180	2797
35	99	181	2752
35	99	181	2757
35	98	181	2758
35	99	181	2757
35	98	180	2757
58	103	188	2757
490	302	307	2758
1077	1103	983	2758
1345	1306	1403	2757
1645	1685	1673	2758
1944	1961	1897	2758
2458	2484	2457	2757
2801	2733	2787	2757
3063	3046	3089	2758
3649	3609	3662	2756
3877	3863	3880	2756
4192	4141	4144	2756
4723	4707	4702	2757
5012	4994	4998	2757
5276	5236	5288	2757
5563	5542	5532	2756
6109	6105	6118	2756
6454	6415	6409	2758
6673	6681	6690	2758
7287	7236	7266	2758
7541	7528	7558	2758
7841	7881	7807	2757
8143	8102	8149	2757
8700	8649	8658	2758
8944	8924	8940	2758
9209	9273	9172	2758
9762	9779	9765	2758
10108	10047	10051	2758
10327	10330	10305	2758
10918	10834	10879	2758
11102	11161	11108	2758
11454	11432	11404	2758
11926	11970	11931	2758
12282	12227	12240	2758
12481	12528	12486	2758
13074	13070	13069	2758
13340	13366	13337	2758
13703	13644	13655	2758
14213	14200	14160	2759
14478	14457	14509	2759
14705	14732	14700	2758
15034	15013	15011	2759
15583	15582	15525	2758
15819	15825	15894	2758
16093	16097	16083	2758
16650	16682	16666	2758
16941	16931	16870	2759
17446	17467	17439	2759
17781	17730	17740	2758
18011	18061	18015	2758
18324	18336	18277	2759
18871	18879	18879	2759
19195	19153	19136	2759
19460	19465	19453	2759
20021	19961	20013	2759
20245	20258	20232	2759
20562	20545	20550	2759
21068	21104	21067	2759
21385	21339	21394	2759
21630	21635	21644	2759
21933	21945	21919	2759
22455	22505	22462	2758
22782	22742	22759	2758
23011	23014	23024	2759
23563	23565	23592	2758
23851	23858	23854	2759
24182	24161	24135	2758
24694	24692	24656	2758
24965	24956	24986	2759
25241	25256	25255	2759
25785	25771	25803	2759
26060	26075	26027	2759
26365	26344	26358	2759
26926	26945	26858	2759
27153	27163	27165	2759
27455	27456	27429	2759
28020	28008	28003	2759
28307	28303	28274	2759
28572	28558	28558	2759
29160	29105	29134	2759
29403	29385	29392	2759
29663	29691	29646	2759
29990	29943	29991	2759
30559	30517	30511	2759
30813	30796	30826	2759
31047	31094	31049	2759
31611	31646	31637	2759
31941	31945	31893	2759
32224	32219	32264	2759
32454	32497	32445	2759
33069	33108	33089	2759
33332	33369	33300	2759
33636	33612	33639	2759
34203	34186	34142	2759
34444	34483	34467	2759
34717	34721	34667	2759
35092	35068	35040	2759
35615	35650	35559	2759
35895	35923	35914	2759
36154	36183	36138	2759
36780	36773	36786	2759
37025	37073	37046	2759
37349	37375	37308	2759
37583	37597	37621	2759
38200	38188	38206	2760
38443	38514	38469	2760
38755	38770	38703	2759
39261	39325	39268	2760
39598	39575	39579	2760
39814	39902	39849	2760
40396	40404	40455	2759
40692	40739	40704	2759
41030	41024	40988	2760
41270	41323	41291	2760
41832	41824	41844	2760
42030	42108	42071	2760
42377	42412	42362	2760
42874	42982	42903	2760
43245	43223	43204	2760
43471	43510	43473	2760
43777	43842	43751	2760
44274	44364	44314	2760
44631	44646	44625	2760
44868	44903	44893	2759
45419	45473	45465	2760
45669	45760	45707	2760
45986	46014	45969	2760
46539	46601	46532	2760
46853	46868	46852	2760
47101	47190	47152	2760
47411	47495	47378	2760
47935	47990	47977	2760
48262	48300	48242	2760
48511	48558	48553	2760
49055	49100	49106	2760
49329	49413	49367	2760
49646	49661	49620	2760
50153	50257	50150	2760
50520	50507	50511	2760
50746	50820	50760	2760
51055	51102	51010	2760
51559	51667	51579	2761
51947	52037	51944	2760
52204	52233	52209	2760
52440	52511	52452	2760
52992	53054	53035	2761
53339	53408	53345	2760
53649	53688	53688	2760
53928	53960	53941	2760
54532	54537	54565	2760
54754	54840	54797	2761
55110	55131	55080	2760
55627	55661	55606	2760
55878	55931	55936	2760
56141	56198	56181	2760
56712	56785	56773	2760
56991	57074	56979	2760
57250	57282	57294	2760
57850	57880	57808	2761
58084	58144	58158	2760
58357	58420	58340	2760
58876	58938	58920	2760
59248	59275	59192	2761
59487	59526	59542	2760
59733	59819	59747	2760
60285	60359	60327	2760
60594	60628	60563	2760
60856	60879	60919	2760
61418	61421	61438	2760
61639	61726	61686	2760
61950	62001	61917	2760
62437	62532	62456	2760
62781	62774	62788	2760
62987	63097	63032	2760
63605	63617	63638	2761
63840	63893	63855	2760
64209	64197	64172	2761
64423	64493	64444	2761
65062	65063	65066	2760
65280	65309	65312	2760
65624	65614	65566	2761
66162	66184	66147	2760
66447	66464	66432	2761
66686	66690	66710	2761
67228	67276	67277	2761
67512	67540	67496	2760
67790	67802	67792	2761
68363	68364	68315	2761
68594	68640	68645	2760
68904	68926	68903	2761
69201	69198	69169	2761
69741	69788	69714	2760
69999	70032	70025	2761
70295	70311	70285	2761
70876	70874	70849	2760
71100	71190	71108	2760
71447	71404	71419	2761
71978	72045	71982	2761
72308	72291	72270	2761
72515	72577	72509	2761
72866	72911	72822	2761
73401	73459	73414	2761
73754	73732	73719	2761
73986	74012	73973	2761
74555	74589	74585	2761
74809	74847	74813	2761
75162	75159	75102	2760
75378	75428	75420	2760
75957	75967	75989	2761
76222	76217	76223	2761
76565	76568	76483	2761
77070	77096	77038	2761
77399	77411	77365	2761
77643	77648	77655	2761
77949	77968	77899	2761
78503	78524	78486	2760
78799	78862	78761	2760
79046	79044	79029	2761
79602	79591	79594	2761
79864	79872	79836	2761
80174	80184	80129	2761
80690	80753	80657	2761
80977	80977	80956	2761
81231	81238	81210	2761
81784	81767	81745	2761
82029	82082	81975	2761
82276	82357	82289	2760
82578	82612	82533	2760
83079	83186	82972	2780
83276	83488	83160	2785
83389	83706	83246	2790
83753	84151	83530	2799
83779	84362	83588	2801
83781	84565	83590	2801
83791	84945	83592	2805
83806	85162	83592	2809
83822	85181	83592	2810
83828	85184	83593	2810
83828	85185	83593	2811
83829	85186	83593	2811
83830	85188	83593	2811
83830	85189	83593	2811
83831	85189	83593	2811
83831	85190	83593	2811
83831	85190	83593	2811
83832	85190	83593	2811
83832	85191	83593	2811
83832	85192	83593	2811
83832	85192	83593	2811
83832	85192	83593	2811
83832	85192	83593	2811
83833	85192	83593	2811
83833	85193	83593	2811
83833	85194	83593	2811
83833	85194	83593	2811
83833	85194	83593	2811
83833	85194	83593	2811
83833	85194	83593	2811
83833	85195	83594	2811
83833	85194	83593	2811
83833	85195	83594	2811
83833	85195	83594	2811
83833	85195	83594	2811
83834	85195	83593	2811
83834	85195	83594	2811
83833	85195	83594	2811
83834	85195	83594	2811
83834	85195	83594	2811
83833	85196	83594	2810
83834	85195	83594	2811
83834	85195	83594	2811
83834	85196	83594	2811
83834	85196	83594	2811
83834	85196	83594	2811
83834	85196	83594	2811
83834	85196	83594	2810
83834	85196	83594	2811
83834	85196	83594	2811
83834	85196	83594	2811
83834	85196	83594	2810
83834	85196	83593	2811
83834	85196	83594	2811
83834	85196	83594	2811
83834	85197	83594	2811
83834	85197	83594	2811
83834	85196	83594	2811
83834	85197	83594	2811
83834	85197	83594	2811
83834	85197	83594	2811
83834	85197	83594	2811
83834	85197	83594	2810
83834	85197	83594	2811
83834	85197	83594	2811
83834	85197	83594	2811
83834	85197	83594	2811
83834	85197	83594	2811
83834	85197	83594	2811
83835	85197	83594	2811
83834	85197	83594	2810
83834	85197	83594	2810
83834	85197	83594	2811
83834	85197	83594	2811
83834	85197	83594	2811
83834	85198	83594	2811
83834	85197	83594	2811
83834	85197	83594	2811
83834	85197	83594	2811
83834	85198	83594	2811
83835	85198	83594	2811
83834	85198	83594	2811
83834	85198	83594	2811
83834	85198	83594	2811
83834	85198	83594	2811
83834	85198	83594	2811
83834	85198	83594	2811
83835	85198	83594	2811
83835	85198	83594	2811
83834	85198	83594	2811
83835	85198	83594	2811
83834	85199	83594	2811
83835	85198	83594	2811
83835	85198	83594	2811
83835	85199	83594	2811
83835	85199	83594	2811
83834	85199	83594	2811
83835	85198	83594	2811
83835	85198	83594	2811
83835	85199	83594	2810
83834	85199	83594	2811
83834	85198	83594	2811
83835	85199	83594	2811
83835	85199	83594	2811
83834	85199	83594	2811
83834	85199	83594	2811
83835	85199	83594	2811
83835	85199	83594	2811
83835	85199	83594	2811
81936	83491	82097	2798
76048	77538	76095	2757
73210	74675	73266	2759
70363	71850	70477	2760
64694	66116	64772	2760
61950	63387	62045	2759
59117	60512	59187	2760
55942	57507	56085	2759
50602	52060	50683	2761
47872	49299	47883	2761
45144	46609	45224	2761
39392	40813	39453	2762
36664	38138	36708	2761
33970	35418	33983	2761
31201	32673	31272	2762
24911	26352	24941	2762
21958	23482	22092	2762
19323	20772	19353	2761
13492	15014	13563	2762
10785	12292	10788	2762
8024	9533	8063	2763
2615	4160	2690	2762
181	1445	307	2764
57	87	147	2767
58	89	149	2767
-1000	-1000	-1000	-1000
59	90	149	2765
59	89	149	2764
60	89	149	2764
60	90	149	2763
60	90	149	2763
60	90	149	2762
60	90	149	2831
60	90	149	3060
60	89	149	3262
60	90	149	3447
60	89	149	3712
61	90	148	3849
60	90	148	3948
61	89	148	4131
60	90	148	4181
61	89	148	4181
60	90	148	4134
60	89	148	4137
61	89	148	4137
61	89	148	4138
61	89	148	4137
84	95	161	4138
725	828	877	4137
1059	984	938	4137
1329	1301	1392	4138
1630	1685	1693	4138
2201	2178	2294	4137
2439	2461	2462	4137
2806	2780	2791	4137
3107	3080	3135	4137
3665	3593	3674	4138
3930	3906	3967	4137
4209	4276	4210	4137
4507	4459	4522	4137
5067	5028	5036	4136
5336	5337	5361	4137
5613	5625	5639	4137
6182	6152	6220	4137
6473	6464	6453	4137
6755	6725	6782	4137
7015	7003	7031	4137
7587	7569	7630	4137
7847	7858	7833	4138
8181	8106	8187	4138
8734	8698	8699	4138
8999	8937	9033	4138
9220	9242	9227	4137
9777	9808	9790	4138
10108	10086	10079	4138
10349	10307	10364	4138
10940	10837	10924	4137
11206	11196	11210	4137
11490	11495	11492	4137
11832	11752	11829	4137
12367	12288	12329	4138
12611	12588	12619	4138
12872	12890	12884	4138
13421	13395	13468	4138
13736	13668	13710	4138
14005	13979	14041	4138
14563	14481	14576	4138
14771	14736	14831	4138
15105	15028	15064	4138
15624	15584	15618	4138
15903	15855	15928	4138
16167	16132	16222	4138
16489	16434	16454	4138
17046	17001	17078	4138
17368	17287	17323	4138
17607	17580	17649	4138
18209	18124	18185	4137
18462	18431	18491	4138
18753	18721	18723	4138
19025	18994	19053	4138
19657	19561	19613	4138
19892	19835	19933	4138
20148	20156	20126	4138
20692	20699	20725	4138
21025	20963	21004	4138
21286	21234	21358	4138
21524	21570	21572	4138
22130	22131	22177	4138
22404	22399	22423	4137
22695	22647	22748	4137
23265	23194	23253	4138
23514	23502	23577	4138
23798	23802	23803	4138
24336	24317	24409	4138
24661	24598	24609	4137
24913	24898	24989	4137
25180	25196	25206	4138
25740	25708	25798	4137
26038	25968	26027	4137
26274	26275	26334	4138
26887	26831	26871	4138
27143	27105	27206	4138
27427	27422	27445	4138
27686	27696	27719	4138
28333	28327	28328	4138
28613	28589	28657	4138
28861	28886	28911	4138
29449	29390	29524	4138
29698	29719	29719	4138
30046	29971	30055	4138
30580	30504	30544	4138
30847	30812	30898	4138
31089	31113	31115	4138
31428	31343	31409	4138
31968	31945	31945	4138
32245	32207	32316	4138
32497	32524	32529	4138
32846	32776	32816	4138
33372	33355	33380	4138
33687	33618	33677	4138
33927	33932	33982	4138
34477	34457	34536	4138
34763	34743	34792	4138
35131	35086	35094	4138
35627	35615	35629	4138
35916	35868	35945	4138
36177	36157	36201	4138
36719	36691	36761	4138
36991	36978	37003	4138
37253	37234	37301	4138
37845	37825	37821	4138
38092	38052	38145	4138
38359	38347	38379	4138
38687	38609	38673	4138
39241	39214	39240	4138
39518	39500	39561	4138
39768	39814	39812	4138
40329	40281	40397	4138
40604	40580	40592	4138
40884	40809	40922	4138
41447	41364	41424	4138
41691	41636	41721	4138
41953	41958	41961	4138
42480	42527	42532	4138
42835	42761	42797	4138
43089	43057	43114	4138
43652	43579	43663	4138
43862	43878	43887	4138
44205	44129	44195	4138
44692	44730	44742	4138
45029	44986	45046	4138
45229	45260	45310	4138
45805	45760	45882	4138
46086	46098	46141	4138
46407	46349	46417	4138
46639	46637	46695	4138
47190	47199	47269	4138
47461	47490	47525	4138
47806	47761	47808	4138
48338	48321	48336	4138
48587	48569	48669	4138
48838	48863	48898	4138
49436	49440	49504	4138
49738	49740	49744	4138
50006	49995	50053	4138
50588	50549	50576	4138
50856	50836	50876	4138
51095	51127	51086	4138
51670	51674	51672	4138
51955	51920	51955	4138
52228	52199	52260	4138
52774	52730	52809	4138
52988	53020	53056	4138
53327	53333	53338	4138
53633	53624	53674	4138
54192	54143	54189	4138
54431	54407	54477	4138
54727	54736	54747	4138
55050	55005	55061	4138
55620	55625	55574	4138
55827	55821	55902	4138
56128	56126	56140	4138
56681	56655	56714	4138
56976	56947	56929	4138
57212	57215	57251	4138
57768	57739	57768	4138
58054	58049	58095	4138
58344	58324	58297	4138
58859	58875	58866	4138
59198	59130	59146	4138
59439	59434	59455	4138
59994	59948	60004	4138
60268	60292	60291	4138
60596	60530	60541	4138
61070	61103	61075	4138
61406	61334	61412	4138
61670	61693	61686	4138
61965	61947	61939	4138
62465	62544	62501	4138
62812	62718	62796	4138
63059	63052	63078	4138
63674	63626	63705	4138
63930	63907	63931	4138
64253	64211	64218	4138
64530	64525	64544	4138
65104	65088	65084	4138
65334	65312	65350	4138
65637	65611	65597	4138
66157	66148	66158	4138
66448	66419	66431	4138
66687	66655	66708	4138
67232	67230	67273	4138
67533	67516	67528	4138
67879	67826	67831	4138
68401	68399	68400	4138
68701	68673	68702	4138
68970	68983	68987	4138
69269	69313	69241	4138
69787	69805	69797	4138
70114	70055	70098	4138
70368	70326	70383	4138
70941	70890	70959	4138
71184	71206	71197	4138
71530	71485	71506	4138
72033	72074	72039	4138
72383	72317	72356	4138
72604	72601	72587	4138
73175	73139	73202	4138
73411	73436	73415	4139
73771	73700	73733	4138
74292	74261	74238	4138
74562	74515	74582	4138
74789	74807	74804	4139
75143	75052	75093	4138
75661	75642	75610	4138
75941	75894	75967	4138
76221	76188	76226	4138
76768	76759	76796	4138
77047	77049	77000	4138
77317	77315	77343	4138
77896	77824	77832	4138
78124	78125	78147	4138
78419	78421	78388	4138
78981	78943	78953	4138
79283	79219	79242	4138
79523	79511	79522	4138
79884	79854	79836	4138
80439	80400	80415	4138
80702	80721	80700	4138
81047	80994	80998	4138
81563	81578	81512	4138
81870	81841	81826	4138
82118	82141	82089	4138
82441	82405	82377	4138
82910	82975	82898	4138
83236	83215	83199	4138
83509	83528	83472	4137
83983	84067	83897	4157
84149	84364	84110	4161
84281	84636	84245	4163
84411	84914	84416	4164
84740	85444	84597	4167
84812	85692	84780	4169
84813	85915	84785	4169
84818	86357	84786	4171
84820	86571	84787	4172
84824	86746	84788	4174
84838	87102	84787	4180
84847	87253	84787	4183
84856	87479	84788	4187
84863	87522	84788	4188
84864	87523	84788	4188
84865	87524	84788	4188
84866	87527	84788	4188
84866	87550	84788	4188
84866	87559	84788	4188
84867	87559	84788	4189
84867	87559	84788	4188
84867	87560	84788	4188
84867	87560	84788	4188
84868	87560	84788	4188
84868	87560	84788	4188
84868	87560	84788	4188
84868	87561	84788	4188
84868	87562	84788	4188
84868	87563	84788	4189
84868	87562	84789	4188
84868	87563	84788	4188
84868	87563	84788	4189
84869	87563	84789	4188
84868	87563	84788	4189
84868	87563	84788	4189
84869	87563	84789	4188
84868	87563	84789	4188
84869	87563	84789	4188
84869	87564	84788	4188
84869	87563	84789	4188
84869	87564	84789	4188
84869	87564	84789	4188
84869	87564	84789	4188
84869	87564	84789	4188
84869	87564	84789	4188
84868	87564	84788	4188
84869	87564	84789	4188
84869	87565	84788	4188
84869	87564	84789	4188
84869	87565	84788	4188
84869	87564	84789	4188
84869	87565	84789	4188
84869	87564	84789	4188
84869	87564	84789	4188
84869	87565	84789	4188
84869	87565	84789	4188
84869	87565	84789	4188
84869	87565	84789	4188
84869	87565	84789	4188
84869	87565	84789	4188
84869	87565	84789	4188
84869	87565	84789	4188
84869	87565	84789	4188
84869	87565	84789	4188
84869	87565	84789	4188
84869	87565	84789	4188
84869	87566	84789	4188
84869	87565	84789	4188
84869	87565	84789	4188
84869	87565	84789	4189
84869	87565	84789	4188
84869	87566	84789	4188
84869	87565	84789	4188
84869	87565	84789	4188
84869	87566	84789	4188
84869	87565	84789	4188
84869	87566	84789	4188
84869	87566	84789	4188
84870	87566	84789	4188
84869	87566	84789	4188
84869	87566	84789	4189
84869	87566	84789	4188
84869	87566	84789	4188
84869	87566	84789	4188
84869	87566	84789	4188
84869	87566	84789	4188
84869	87566	84789	4188
84869	87566	84789	4188
84869	87566	84789	4188
84869	87566	84789	4188
84869	87566	84789	4188
84869	87566	84789	4188
84869	87566	84789	4188
84869	87566	84789	4188
84869	87566	84789	4188
84869	87566	84789	4188
84869	87566	84789	4188
84869	87566	84789	4188
84869	87566	84789	4188
84869	87567	84789	4188
84869	87566	84789	4188
84869	87566	84789	4188
84870	87566	84789	4188
84870	87567	84789	4188
84869	87567	84789	4188
84869	87566	84789	4188
84869	87567	84789	4188
84869	87567	84789	4188
84869	87567	84790	4188
84869	87567	84789	4188
84870	87568	84790	4188
84869	87567	84789	4188
84869	87567	84789	4188
84869	87567	84789	4188
80210	83209	80423	4130
77473	80652	77573	4136
74848	77980	75125	4136
69377	72479	69504	4137
66446	69567	66665	4136
63565	66674	63839	4137
58122	61199	58383	4136
55178	58324	55505	4136
52427	55571	52726	4137
46971	50122	47287	4136
44317	47378	44586	4137
41559	44692	41846	4137
36114	39270	36514	4136
33240	36318	33562	4137
30509	33619	30862	4137
25066	28199	25402	4137
22379	25496	22695	4136
19608	22779	19960	4137
14185	17361	14544	4137
11232	14412	11582	4138
8580	11757	8927	4138
2720	5966	3165	4137
225	3251	658	4138
71	424	165	4141
-1000	-1000	-1000	-1000
72	99	167	4143
73	101	168	4141
73	101	168	4141
74	101	168	4141
73	100	167	4140
73	101	167	4139
73	101	167	4207
73	101	167	4285
73	101	168	4654
73	101	168	4819
73	101	168	4952
74	101	168	5220
73	101	168	5311
73	101	168	5442
73	101	168	5706
73	101	168	5754
73	101	168	5731
73	101	168	5661
73	101	168	5670
74	101	168	5671
73	101	168	5673
73	101	167	5674
99	106	176	5673
728	861	891	5673
1028	978	910	5673
1271	1310	1393	5673
1554	1618	1533	5674
2096	2107	2149	5673
2366	2400	2353	5672
2684	2671	2738	5672
3253	3220	3213	5673
3469	3456	3522	5673
3749	3793	3755	5673
4319	4380	4367	5673
4637	4640	4591	5674
4884	4898	4934	5674
5456	5420	5450	5673
5681	5695	5710	5673
6008	5997	5953	5673
6497	6506	6506	5674
6773	6781	6814	5673
7062	7075	7098	5672
7378	7394	7343	5672
7885	7947	7899	5673
8254	8215	8219	5673
8474	8489	8504	5674
9040	9033	9089	5673
9287	9318	9304	5673
9639	9611	9604	5673
10126	10164	10125	5672
10498	10429	10466	5673
10681	10726	10689	5673
11026	11072	11005	5673
11560	11596	11561	5675
11887	11872	11855	5673
12131	12114	12117	5673
12691	12685	12683	5674
12934	12957	12925	5674
13245	13280	13205	5673
13772	13815	13774	5673
14105	14060	14087	5674
14313	14326	14345	5672
14893	14895	14943	5673
15179	15195	15172	5673
15470	15477	15459	5672
15729	15713	15755	5674
16265	16276	16311	5673
16561	16566	16554	5674
16845	16850	16822	5674
17398	17455	17360	5674
17661	17665	17695	5673
17947	17979	17970	5674
18519	18531	18541	5674
18765	18833	18757	5673
19147	19102	19105	5673
19356	19406	19371	5673
19929	19927	19969	5672
20173	20223	20163	5674
20514	20465	20494	5673
21032	21074	21019	5674
21319	21331	21356	5675
21533	21608	21560	5675
22126	22138	22132	5673
22391	22419	22375	5674
22684	22688	22737	5673
23274	23270	23246	5673
23548	23576	23602	5673
23839	23844	23843	5673
24124	24160	24125	5674
24675	24679	24622	5674
24935	24960	24994	5674
25231	25220	25247	5674
25785	25784	25826	5674
26057	26089	26055	5673
26337	26359	26356	5673
26614	26661	26653	5674
27162	27178	27193	5673
27447	27490	27446	5673
27775	27775	27726	5673
28339	28378	28330	5673
28625	28620	28653	5674
28870	28927	28896	5674
29208	29206	29177	5674
29705	29764	29730	5674
30050	30005	30045	5674
30264	30295	30317	5674
30857	30848	30900	5673
31077	31133	31119	5673
31435	31374	31408	5674
31958	32006	31943	5673
32251	32245	32300	5673
32470	32539	32521	5673
33053	33082	33089	5673
33335	33351	33311	5673
33599	33603	33649	5674
34180	34140	34139	5674
34413	34426	34444	5674
34702	34706	34677	5674
35221	35248	35254	5673
35559	35588	35482	5673
35775	35797	35813	5673
36313	36340	36380	5673
36584	36608	36619	5673
36906	36878	36885	5673
37427	37440	37401	5674
37681	37730	37754	5674
37953	38011	37995	5673
38294	38310	38274	5673
38842	38880	38859	5673
39134	39111	39147	5673
39402	39419	39434	5673
39696	39703	39670	5673
40295	40302	40357	5673
40580	40602	40560	5673
40845	40844	40901	5673
41437	41407	41423	5674
41691	41694	41730	5673
41948	42026	41944	5673
42488	42556	42534	5673
42832	42794	42798	5673
43112	43118	43161	5672
43358	43416	43386	5672
43920	43961	43933	5672
44233	44251	44229	5673
44532	44547	44582	5672
45108	45085	45082	5673
45314	45357	45393	5672
45617	45624	45599	5673
45858	45898	45931	5674
46469	46450	46442	5673
46692	46725	46744	5673
46986	46999	46958	5673
47517	47532	47572	5673
47838	47844	47816	5673
48077	48124	48144	5673
48654	48678	48696	5673
48914	48952	48961	5672
49241	49233	49207	5673
49483	49527	49539	5673
50104	50092	50090	5673
50373	50356	50384	5673
50611	50670	50628	5674
51134	51180	51161	5673
51470	51437	51451	5673
51700	51717	51708	5673
52248	52260	52297	5673
52491	52545	52521	5672
53038	53106	53089	5673
53328	53360	53334	5674
53595	53621	53660	5673
53864	53936	53916	5673
54449	54453	54510	5673
54715	54763	54738	5673
55023	55022	55064	5673
55597	55599	55578	5673
55803	55829	55884	5673
56119	56124	56120	5673
56651	56669	56712	5673
56971	56989	56949	5673
57216	57261	57285	5673
57778	57769	57793	5674
58042	58043	58110	5674
58342	58382	58339	5674
58583	58601	58664	5674
59194	59186	59179	5674
59431	59475	59492	5673
59748	59813	59777	5673
60284	60346	60340	5673
60615	60657	60608	5675
60895	60885	60962	5675
61156	61210	61214	5673
61746	61766	61804	5674
61994	62055	62020	5674
62303	62308	62348	5674
62877	62888	62876	5674
63147	63154	63194	5674
63385	63420	63422	5673
63930	63979	63971	5673
64269	64330	64261	5673
64534	64556	64575	5673
65108	65094	65097	5674
65357	65367	65414	5674
65653	65678	65642	5674
65904	65945	65945	5675
66474	66497	66458	5674
66737	66754	66793	5674
67040	67069	67073	5674
67571	67580	67633	5674
67899	67911	67883	5674
68148	68165	68220	5674
68423	68457	68488	5674
68984	69011	69057	5674
69280	69318	69285	5674
69574	69561	69620	5673
70148	70144	70124	5673
70396	70404	70478	5674
70668	70717	70708	5674
71244	71270	71264	5674
71529	71547	71525	5674
71815	71829	71854	5674
72015	72120	72065	5674
72632	72658	72671	5674
72919	72958	72907	5674
73199	73220	73261	5674
73788	73837	73771	5674
74029	74071	74069	5674
74299	74354	74304	5674
74825	74859	74868	5674
75157	75154	75125	5674
75394	75434	75449	5674
75973	76038	76002	5673
76215	76229	76254	5673
76533	76540	76493	5673
77051	77076	77042	5674
77307	77324	77351	5673
77556	77598	77615	5674
78135	78183	78210	5674
78423	78461	78448	5675
78713	78744	78741	5675
78961	79029	78996	5674
79553	79571	79608	5674
79846	79899	79858	5674
80160	80181	80155	5674
80668	80730	80687	5674
80959	80969	80995	5673
81210	81243	81239	5673
81518	81542	81498	5673
82088	82171	82129	5674
82415	82449	82405	5673
82672	82716	82714	5673
83256	83226	83260	5674
83490	83561	83530	5674
83804	83834	83786	5674
84050	84065	84100	5674
84587	84639	84613	5674
84863	84928	84834	5673
85056	85230	85056	5673
85366	85755	85471	5689
85599	86052	85537	5691
85701	86357	85726	5688
85741	86845	85766	5691
85745	87092	85767	5691
85748	87295	85768	5690
85762	87751	85769	5693
85769	88019	85769	5695
85778	88156	85770	5697
85798	88522	85769	5704
85805	88581	85770	5707
85808	88582	85770	5706
85809	88583	85770	5707
85811	88584	85770	5707
85812	88584	85770	5707
85812	88584	85770	5706
85813	88585	85770	5707
85814	88585	85770	5707
85814	88585	85770	5706
85814	88587	85770	5706
85814	88587	85770	5707
85815	88588	85771	5707
85815	88588	85770	5707
85816	88588	85770	5707
85816	88588	85770	5706
85816	88588	85771	5706
85816	88588	85771	5706
85816	88588	85771	5706
85816	88589	85771	5706
85816	88589	85770	5706
85817	88589	85771	5706
85816	88588	85771	5706
85816	88589	85771	5706
85817	88589	85771	5706
85817	88589	85771	5706
85817	88589	85770	5706
85817	88589	85771	5706
85817	88589	85771	5706
85817	88589	85771	5706
85817	88589	85771	5706
85817	88589	85771	5706
85817	88589	85771	5707
85817	88590	85771	5706
85817	88589	85771	5706
85817	88590	85771	5707
85817	88590	85771	5706
85817	88590	85771	5706
85818	88590	85771	5706
85818	88590	85771	5706
85818	88590	85771	5706
85818	88590	85771	5706
85818	88590	85771	5706
85818	88590	85771	5706
85818	88590	85771	5706
85818	88590	85771	5706
85818	88590	85771	5706
85818	88590	85771	5706
85818	88590	85772	5706
85818	88590	85771	5706
85818	88590	85771	5706
85818	88590	85771	5706
85818	88591	85771	5706
85818	88590	85771	5706
85818	88590	85771	5706
85818	88590	85771	5706
85818	88590	85771	5706
85818	88590	85771	5706
85818	88591	85771	5706
85818	88590	85771	5706
85818	88591	85771	5706
85818	88591	85772	5706
85818	88591	85771	5706
85818	88591	85771	5706
85818	88591	85772	5706
85818	88591	85771	5706
85818	88591	85771	5706
85818	88591	85772	5706
85818	88591	85771	5706
85818	88591	85771	5706
85818	88591	85772	5706
85818	88591	85771	5706
85818	88591	85772	5706
85819	88591	85771	5706
85818	88591	85772	5706
85818	88591	85771	5706
85819	88591	85771	5706
85819	88591	85772	5706
85818	88591	85771	5706
85818	88591	85771	5706
85818	88591	85771	5706
85819	88591	85772	5706
85818	88592	85772	5706
85819	88591	85772	5706
85818	88591	85772	5706
85818	88591	85771	5706
85819	88591	85772	5706
85819	88591	85771	5706
85819	88591	85772	5706
85819	88592	85772	5706
85818	88591	85772	5706
85819	88591	85772	5706
85819	88591	85771	5706
85819	88592	85771	5706
85819	88591	85772	5706
85819	88591	85772	5706
85819	88591	85772	5706
85819	88592	85771	5706
85819	88591	85772	5706
85819	88591	85772	5706
85819	88591	85772	5706
85819	88592	85772	5706
83467	86934	84125	5688
80824	83775	81217	5658
77768	80847	78221	5665
72487	75492	72820	5672
69800	72721	70108	5673
67061	70055	67351	5672
61604	64636	61967	5673
58788	61745	59064	5673
56007	58997	56324	5673
53154	56119	53466	5674
47488	50511	47834	5674
44795	47747	45100	5674
42060	45074	42406	5673
36441	39552	36867	5672
33745	36788	34147	5672
30995	34053	31397	5672
25403	28433	25808	5674
22669	25726	23162	5674
19937	22999	20387	5673
14350	17402	14882	5674
11418	14518	11948	5672
8742	11780	9221	5672
5980	9015	6473	5671
340	3259	810	5673
59	576	95	5673
-1000	-1000	-1000	-1000
61	90	101	5673
62	92	102	5673
63	92	102	5672
63	92	102	5673
64	92	102	5673
63	93	102	5672
64	92	102	5716
64	92	102	5814
64	92	103	6178
63	92	103	6336
63	92	102	6475
64	93	102	6707
64	93	102	6812
63	92	102	6981
64	92	102	7147
63	92	102	7107
63	92	102	7052
64	93	102	7057
63	92	102	7063
64	92	102	7064
63	92	102	7064
87	97	119	7065
379	277	352	7065
729	835	867	7065
1231	1267	1404	7064
1532	1621	1510	7064
1822	1794	1859	7065
2356	2369	2350	7065
2633	2612	2700	7064
2859	2909	2890	7065
3450	3460	3501	7065
3739	3782	3726	7065
4030	4007	4082	7065
4597	4544	4554	7065
4838	4818	4891	7066
5105	5126	5087	7066
5669	5670	5698	7066
6005	5946	5940	7065
6216	6214	6269	7066
6811	6786	6809	7066
7057	7080	7074	7066
7363	7346	7305	7066
7616	7612	7683	7065
8270	8209	8222	7065
8485	8511	8517	7065
8782	8818	8743	7065
9291	9299	9295	7066
9641	9582	9613	7066
9907	9885	9902	7065
10134	10181	10151	7065
10698	10717	10707	7066
11002	10977	11002	7064
11273	11246	11281	7066
11840	11793	11840	7066
12053	12060	12079	7066
12372	12396	12355	7066
12940	12929	12944	7066
13261	13251	13234	7066
13524	13491	13538	7066
14164	14097	14115	7065
14373	14395	14403	7065
14652	14669	14621	7066
15197	15195	15220	7066
15510	15488	15466	7065
15767	15756	15832	7066
16050	16066	16004	7066
16597	16591	16614	7065
16923	16909	16856	7065
17188	17200	17261	7065
17806	17778	17755	7065
18033	18049	18051	7066
18318	18322	18265	7066
18619	18579	18624	7065
19188	19136	19126	7066
19436	19462	19449	7066
19728	19770	19702	7065
20243	20256	20246	7066
20566	20523	20542	7065
20830	20835	20832	7065
21414	21369	21422	7066
21645	21666	21651	7065
21931	21936	21927	7065
22482	22498	22509	7066
22808	22780	22784	7066
23051	23040	23074	7065
23599	23614	23624	7066
23873	23866	23890	7066
24194	24164	24152	7066
24446	24437	24492	7066
25005	24980	25006	7065
25284	25300	25311	7065
25572	25576	25516	7066
26086	26113	26110	7065
26416	26361	26373	7066
26677	26664	26721	7066
27224	27249	27256	7066
27518	27508	27529	7066
27860	27825	27766	7066
28080	28085	28139	7066
28657	28625	28662	7066
28897	28937	28925	7066
29210	29194	29181	7066
29691	29747	29716	7066
30047	29960	30036	7065
30247	30266	30287	7066
30871	30832	30895	7065
31093	31126	31130	7065
31442	31372	31407	7065
31660	31679	31693	7066
32306	32253	32320	7066
32535	32553	32580	7066
32860	32841	32837	7066
33382	33389	33394	7066
33686	33647	33668	7066
33921	33909	33968	7066
34509	34515	34545	7065
34784	34790	34817	7065
35108	35092	35078	7066
35338	35309	35375	7066
35941	35918	35957	7065
36220	36213	36240	7066
36509	36539	36513	7065
37027	37082	37068	7066
37350	37297	37321	7065
37599	37579	37684	7066
37911	37921	37907	7066
38480	38466	38519	7065
38774	38746	38727	7065
39042	39044	39104	7066
39625	39569	39602	7064
39875	39872	39912	7065
40170	40190	40154	7065
40714	40725	40750	7064
41032	40966	40987	7066
41280	41269	41307	7066
41835	41796	41854	7066
42077	42125	42114	7066
42389	42379	42367	7066
42655	42645	42676	7065
43274	43211	43236	7066
43532	43514	43550	7065
43797	43815	43787	7065
44365	44362	44364	7065
44667	44652	44660	7066
44923	44913	44937	7065
45485	45453	45486	7065
45713	45700	45735	7065
46046	46026	46013	7066
46547	46576	46561	7066
46865	46834	46844	7066
47083	47098	47111	7066
47662	47657	47687	7066
47927	47932	47937	7066
48228	48197	48210	7065
48508	48476	48505	7066
49073	49053	49084	7066
49337	49356	49346	7065
49661	49598	49614	7064
49915	49915	49942	7066
50547	50479	50522	7066
50766	50776	50758	7066
51055	51032	51011	7066
51555	51599	51556	7066
51916	51810	51875	7066
52123	52115	52105	7066
52716	52692	52715	7066
52922	52985	52932	7066
53274	53202	53249	7066
53796	53771	53747	7066
54050	54028	54088	7066
54316	54342	54334	7066
54914	54902	54947	7066
55198	55195	55165	7065
55497	55486	55515	7066
56096	56067	56049	7066
56312	56323	56353	7066
56596	56603	56597	7065
56898	56850	56873	7065
57446	57431	57420	7066
57697	57704	57736	7066
57997	57993	58020	7066
58559	58539	58592	7066
58836	58842	58819	7066
59122	59090	59128	7066
59683	59629	59639	7065
59962	59920	59973	7067
60226	60248	60254	7066
60581	60510	60539	7066
61077	61111	61060	7066
61402	61343	61416	7065
61624	61676	61652	7066
62227	62174	62232	7066
62438	62495	62447	7067
62812	62735	62796	7066
63078	63068	63069	7066
63643	63601	63653	7066
63859	63879	63869	7065
64210	64150	64174	7066
64737	64750	64716	7065
65032	64996	65046	7066
65255	65287	65284	7066
65832	65863	65850	7066
66135	66146	66103	7066
66429	66442	66428	7067
66994	66986	66934	7066
67219	67234	67262	7066
67518	67523	67504	7065
67796	67781	67797	7066
68369	68346	68334	7066
68606	68626	68658	7066
68918	68907	68920	7066
69472	69464	69486	7066
69763	69780	69748	7066
70049	70026	70063	7066
70611	70577	70572	7066
70870	70854	70856	7066
71106	71167	71124	7067
71462	71410	71445	7067
71971	71987	71957	7067
72275	72248	72248	7066
72491	72568	72495	7066
73098	73084	73090	7066
73374	73397	73349	7066
73645	73634	73639	7066
73894	73914	73896	7066
74516	74469	74531	7066
74758	74795	74750	7066
75085	75027	75069	7066
75653	75603	75581	7066
75869	75877	75926	7066
76173	76179	76179	7066
76516	76478	76464	7065
77052	77055	77003	7066
77287	77338	77342	7066
77566	77563	77585	7066
78161	78202	78203	7066
78438	78468	78432	7066
78730	78705	78742	7066
79279	79305	79256	7066
79529	79525	79562	7065
79795	79836	79781	7066
80109	80075	80111	7066
80659	80700	80661	7066
80971	80952	80980	7066
81227	81235	81231	7066
81797	81782	81797	7065
82042	82086	82041	7065
82374	82353	82374	7066
82904	82940	82884	7065
83201	83188	83203	7065
83440	83507	83464	7065
83783	83744	83750	7066
84289	84369	84289	7066
84622	84596	84607	7065
84871	84905	84892	7064
85242	85270	85237	7065
85809	85817	85815	7066
86088	86113	85987	7066
86305	86386	86250	7064
86721	86924	86713	7064
86889	87165	86891	7062
87037	87467	87036	7065
87384	87996	87303	7067
87420	88252	87314	7070
87422	88470	87315	7068
87426	88942	87317	7068
87429	89150	87317	7067
87431	89345	87318	7069
87435	89515	87318	7069
87445	89841	87319	7073
87452	89993	87319	7077
87457	90032	87320	7078
87461	90036	87320	7078
87466	90039	87320	7077
87467	90054	87320	7078
87468	90067	87320	7078
87470	90068	87320	7078
87470	90069	87320	7078
87471	90069	87320	7078
87472	90070	87320	7077
87472	90070	87321	7078
87472	90070	87321	7077
87473	90070	87321	7078
87473	90070	87321	7077
87473	90071	87321	7077
87473	90071	87321	7078
87474	90072	87321	7077
87473	90072	87321	7078
87474	90072	87321	7078
87474	90072	87321	7077
87474	90072	87321	7077
87474	90073	87321	7077
87474	90073	87322	7077
87475	90073	87322	7077
87475	90073	87321	7077
87475	90073	87321	7077
87475	90073	87322	7077
87475	90073	87322	7077
87475	90073	87322	7078
87475	90074	87322	7077
87475	90074	87322	7078
87475	90074	87322	7077
87475	90074	87322	7077
87476	90074	87322	7077
87476	90073	87322	7077
87476	90074	87322	7077
87476	90074	87322	7077
87476	90074	87322	7078
87476	90074	87322	7077
87476	90074	87322	7078
87476	90074	87322	7078
87476	90074	87322	7077
87476	90074	87322	7078
87476	90074	87322	7077
87476	90074	87322	7077
87476	90074	87322	7077
87476	90075	87322	7077
87476	90075	87322	7077
87477	90074	87322	7078
87477	90075	87322	7078
87477	90075	87322	7078
87477	90075	87322	7078
87477	90075	87322	7077
87477	90075	87322	7077
87477	90075	87322	7077
87477	90075	87322	7078
87477	90075	87322	7077
87477	90076	87322	7077
87477	90076	87322	7077
87477	90076	87322	7077
87477	90075	87322	7077
87477	90075	87322	7077
87477	90075	87322	7078
87477	90076	87322	7077
87477	90075	87323	7077
87478	90076	87322	7077
87477	90076	87323	7078
87478	90076	87323	7077
87478	90076	87323	7077
87477	90075	87322	7077
87478	90076	87323	7077
87478	90076	87322	7077
87478	90076	87322	7077
87478	90076	87323	7077
87478	90076	87323	7078
87478	90076	87322	7077
87478	90076	87322	7077
87478	90076	87323	7077
87478	90076	87322	7077
87478	90077	87323	7077
87478	90076	87323	7077
87478	90077	87322	7077
87478	90076	87323	7078
87478	90076	87323	7078
87478	90077	87323	7078
87478	90076	87323	7077
87478	90077	87323	7077
87478	90077	87323	7077
87478	90077	87323	7077
87478	90077	87323	7077
87478	90077	87323	7078
87478	90076	87323	7078
87478	90077	87323	7077
87478	90077	87323	7077
87478	90077	87323	7077
87478	90077	87323	7077
87478	90076	87323	7077
87478	90077	87323	7078
87478	90077	87323	7078
87478	90077	87323	7077
87478	90077	87323	7077
87478	90077	87323	7077
87478	90077	87323	7077
82708	85624	82749	7052
79966	82972	79948	7060
77290	80327	77315	7063
71490	74467	71525	7063
68718	71790	68856	7063
65849	68890	65879	7063
63106	66198	63226	7064
57153	60165	57190	7064
54413	57465	54522	7064
51526	54506	51569	7063
46162	49100	46125	7062
43254	46159	43214	7063
40518	43490	40486	7062
37808	40727	37809	7062
31965	34974	32024	7063
29301	32223	29280	7063
26573	29524	26576	7064
20962	23900	21022	7064
18096	21062	18170	7064
15320	18316	15394	7064
9902	12886	10054	7064
7202	10137	7258	7063
4276	7215	4354	7064
1341	4359	1483	7062
53	97	119	7065
-1000	-1000	-1000	-1000
54	101	120	7064
56	102	120	7063
56	102	120	7063
